1.0000 0.0000 0.0016
1.0000 0.0073 0.0154
0.9988 0.0184 0.0000
0.9968 0.0051 0.0219
0.9968 0.0285 0.0097
0.9992 0.0179 0.0252
0.9943 0.0340 0.0292
0.9931 0.0253 0.0406
0.9911 0.0427 0.0479
0.9903 0.0409 0.0487
0.9862 0.0441 0.0731
0.9862 0.0473 0.0714
0.9842 0.0542 0.0974
0.9834 0.0698 0.0950
0.9789 0.0611 0.1258
0.9769 0.0831 0.1169
0.9773 0.0758 0.1429
0.9745 0.0950 0.1485
0.9716 0.0918 0.1729
0.9696 0.1102 0.1753
0.9688 0.1097 0.2013
0.9635 0.1304 0.2086
0.9591 0.1359 0.2281
0.9554 0.1534 0.2370
0.9502 0.1556 0.2549
0.9425 0.1745 0.2727
0.9299 0.1882 0.2833
0.9218 0.2117 0.3028
0.9060 0.2300 0.3052
0.8865 0.2539 0.3231
0.8618 0.2842 0.3295
0.8339 0.3122 0.3571
0.7929 0.3733 0.3547
0.7439 0.4242 0.3831
0.6787 0.5009 0.4075
0.6005 0.5698 0.4667
0.4931 0.6685 0.5446
0.3622 0.7713 0.6429
0.1965 0.8843 0.8117
0.0000 1.0000 1.0000
