-0.1608 1.5699 8.5858
-0.1253 1.6165 8.5558
-0.0898 1.6617 8.5048
-0.0471 1.7090 8.4479
0.0000 1.7603 8.3759
0.0565 1.8325 8.3099
0.1173 1.8974 8.2139
0.1890 1.9615 8.0729
0.2650 2.0365 7.9049
0.3584 2.1141 7.7100
0.4591 2.1958 7.4940
0.5771 2.2843 7.2330
0.7060 2.3795 6.9361
0.8523 2.4868 6.5971
1.0000 2.5733 6.1442
1.1622 2.6489 5.6073
1.3367 2.7252 5.0314
1.5322 2.8062 4.4015
1.7350 2.8704 3.6456
1.9479 2.9149 2.8177
2.1615 2.9372 1.9359
2.3744 2.9338 1.0000
2.5684 2.8866 -0.0000
2.7509 2.7995 -0.9922
2.9095 2.6847 -1.9428
3.0434 2.5361 -2.8703
3.1296 2.3356 -3.7448
3.1854 2.1013 -4.4462
3.2071 1.8535 -5.0300
3.1854 1.5847 -5.4338
3.1007 1.2903 -5.6299
2.9580 1.0000 -5.6207
2.7835 0.7191 -5.4868
2.5988 0.4429 -5.2330
2.4019 0.1958 -4.8131
2.2049 0.0000 -4.2709
1.9870 -0.1756 -3.6317
1.7567 -0.3234 -2.8819
1.5279 -0.4281 -2.1435
1.3237 -0.5024 -1.4329
