0.30653916 0.70794322 0.05830766
0.31274231 0.71141649 0.05979795
0.31765314 0.71307762 0.06166082
0.32385629 0.71383268 0.06333739
0.32618248 0.71715494 0.06557283
0.33264409 0.72168529 0.06724941
0.33729646 0.72395047 0.06948485
0.34453347 0.72681969 0.07153400
0.34789351 0.72817880 0.07451458
0.35332127 0.73165207 0.07581859
0.35745671 0.73497433 0.07861288
0.36469372 0.73754153 0.08047575
0.36908762 0.74161885 0.08345633
0.37451538 0.74524313 0.08587805
0.37787542 0.75143461 0.08960378
0.38201086 0.75672002 0.09295694
0.38743861 0.75974026 0.09668267
0.39157405 0.76532770 0.10115354
0.39234944 0.77182120 0.10543813
0.39622642 0.78042887 0.11028158
0.39881106 0.78677137 0.11568389
0.40165417 0.79477499 0.12294906
0.40139571 0.80308064 0.13095938
0.40242957 0.81531259 0.13934227
0.40139571 0.82694050 0.14921545
0.40139571 0.83796436 0.16113778
0.39726027 0.84959227 0.17548184
0.39364177 0.86122018 0.19150247
0.38743861 0.87813349 0.20882711
0.38071853 0.89474479 0.22894605
0.37218920 0.91075204 0.25353586
0.36029982 0.92494715 0.28147883
0.34401654 0.94216249 0.31370638
0.32695787 0.95771670 0.34872824
0.30369605 0.97327092 0.39027012
0.27888343 0.98595590 0.43628287
0.24760920 0.99546965 0.48918822
0.21349186 1.00000000 0.54805474
0.17342983 0.99818786 0.61362757
0.13233394 0.98640894 0.68388622
0.09072112 0.96179402 0.75639464
0.04988369 0.92479613 0.83047933
0.01628328 0.86363636 0.89840224
0.00000000 0.78118393 0.95299850
0.00697855 0.67245545 0.98882281
0.04006203 0.54560556 1.00000000
0.10622900 0.40924192 0.97477968
0.21271646 0.26804591 0.90341764
0.34944430 0.14331018 0.79150247
0.50426467 0.05119299 0.64920828
0.66011889 0.00075506 0.49291395
0.79865598 0.00000000 0.33699219
0.90514345 0.04303836 0.20137565
0.97027656 0.11824222 0.09910439
0.99922461 0.20582905 0.03353156
1.00000000 0.29628511 0.00279430
0.97906436 0.37707641 0.00000000
0.94468855 0.44382362 0.01751093
0.90281727 0.49516762 0.04694419
0.85913673 0.53201450 0.08494662
0.81468080 0.55104198 0.12406678
0.77410184 0.56085775 0.16188293
0.73998449 0.56418001 0.19690478
0.71000258 0.56372697 0.22894605
0.68131300 0.55481728 0.25651644
0.65675885 0.54349139 0.27961596
0.63582321 0.52778617 0.29843089
0.61617989 0.51283600 0.31389267
0.59912122 0.49954696 0.32656015
0.58361334 0.48369073 0.33550190
0.56888085 0.46556931 0.34053163
0.55440682 0.44820296 0.34388479
0.53967433 0.43325279 0.34574765
0.52752649 0.41754757 0.34593394
0.51563712 0.40229538 0.34351222
0.50478160 0.38734521 0.34053163
0.49159990 0.37526427 0.33606076
0.48048591 0.36197523 0.33047216
0.46885500 0.34898822 0.32376585
0.45877488 0.33690728 0.31594182
0.44791936 0.32694050 0.30979437
0.43732231 0.31984295 0.30290177
0.42594986 0.31123528 0.29582288
0.41612820 0.30141951 0.28613599
0.40294650 0.29477499 0.27738053
0.39260791 0.28979160 0.27048793
0.38097700 0.28405316 0.26173246
0.37012148 0.27831471 0.25297700
0.35874903 0.27363334 0.24496668
0.34789351 0.26729085 0.23658379
0.33781339 0.26427061 0.22745576
0.32566555 0.26230746 0.22000430
0.31506849 0.25883419 0.21255284
0.30472990 0.25369979 0.20305223
0.29439132 0.25218967 0.19597335
0.28482812 0.25022652 0.18889446
0.27681571 0.24796134 0.18144300
0.26751098 0.24494111 0.17417783
0.25924011 0.24433706 0.16821667
0.25096924 0.24222289 0.16113778
