0.08802670 0.62426384 0.00942761
0.09261577 0.62614841 0.00841751
0.09762203 0.63038869 0.00471380
0.10471423 0.63674912 0.00269360
0.11013767 0.64287397 0.00101010
0.11973300 0.64711425 0.00033670
0.12473926 0.65088339 0.00000000
0.13183146 0.65842167 0.00033670
0.13558615 0.66431095 0.00202020
0.14476429 0.66902238 0.00336700
0.14977055 0.66855124 0.00505051
0.15477680 0.67585395 0.00639731
0.16186900 0.68197880 0.00841751
0.17104714 0.68786808 0.01043771
0.17521902 0.68998822 0.01481481
0.18189403 0.69611307 0.01818182
0.18856904 0.70341578 0.02222222
0.19733000 0.71095406 0.02626263
0.20442219 0.71778563 0.03131313
0.21193158 0.71896349 0.03468013
0.21735503 0.72296820 0.03973064
0.22569879 0.73121319 0.04478114
0.23654568 0.73898704 0.05016835
0.24363788 0.74346290 0.05690236
0.25239883 0.75076561 0.06296296
0.25865665 0.75665489 0.07003367
0.26658323 0.76325088 0.07542088
0.27367543 0.76772674 0.08282828
0.28201919 0.77338045 0.08922559
0.29078014 0.78068316 0.09696970
0.29912390 0.78633687 0.10336700
0.30830204 0.79434629 0.11077441
0.31497705 0.79882214 0.11952862
0.32081769 0.80848057 0.12693603
0.32665832 0.81790342 0.13636364
0.33333333 0.82661955 0.14478114
0.33792240 0.83180212 0.15555556
0.34084272 0.84310954 0.16531987
0.34376304 0.85630153 0.17676768
0.34751773 0.86949352 0.18787879
0.34501460 0.88009423 0.20538721
0.34334585 0.89093051 0.22087542
0.33959116 0.90412250 0.24006734
0.33333333 0.91849234 0.25858586
0.32415519 0.93356890 0.28215488
0.31414268 0.94416961 0.30673401
0.29912390 0.95783274 0.33535354
0.28410513 0.96984688 0.36734007
0.26408010 0.98303887 0.40168350
0.24071756 0.98657244 0.44141414
0.21068002 1.00000000 0.48249158
0.18439716 0.99952886 0.52895623
0.15352524 0.99905771 0.57643098
0.12098456 0.98680801 0.62828283
0.08552357 0.97809187 0.67979798
0.05673759 0.95641932 0.73501684
0.03128911 0.92932862 0.78855219
0.00917814 0.88881037 0.84141414
0.00000000 0.83839812 0.88922559
0.00333751 0.78280330 0.93198653
0.02377972 0.71802120 0.96700337
0.06591573 0.64664311 0.98922559
0.12557363 0.56466431 1.00000000
0.20066750 0.49611307 0.99865320
0.29870672 0.42379270 0.98619529
0.40801001 0.36537102 0.96026936
0.51939925 0.31495878 0.92592593
0.62828536 0.28574794 0.88720539
0.73341677 0.27043581 0.84646465
0.82728411 0.27326266 0.80909091
0.89904047 0.28551237 0.77575758
0.95327493 0.30530035 0.74848485
0.98581560 0.32979976 0.72794613
1.00000000 0.35265018 0.71548822
0.99415937 0.36702002 0.70841751
0.98164372 0.37550059 0.70606061
0.96120150 0.38775029 0.71010101
0.93366708 0.38939929 0.71582492
0.90112641 0.38327444 0.72154882
0.86691698 0.36866902 0.72861953
0.83437630 0.35995289 0.73535354
0.80350438 0.34110718 0.74107744
0.77179808 0.32767962 0.74545455
0.74301210 0.30341578 0.74545455
0.71005423 0.28174323 0.74343434
0.68460576 0.25865724 0.74006734
0.65707134 0.23722026 0.73569024
0.63370880 0.21012956 0.72659933
0.60826033 0.19269729 0.71919192
0.58448060 0.16890459 0.70538721
0.55944931 0.14817432 0.69090909
0.53608678 0.12179034 0.67104377
0.51522737 0.10600707 0.65420875
0.49478515 0.08598351 0.63434343
0.47476012 0.07067138 0.61582492
0.45515227 0.05276796 0.59393939
0.43387568 0.03981154 0.57441077
0.41510221 0.02685512 0.55185185
0.39549437 0.01672556 0.53232323
0.38005841 0.00000000 0.50639731
