0.0976 0.1354 0.6673
0.1130 0.0974 0.6611
0.1328 0.0416 0.6586
0.1482 0.0000 0.6499
0.1702 -0.0439 0.6419
0.1944 -0.0903 0.6307
0.2179 -0.1473 0.6196
0.2450 -0.1983 0.6072
0.2773 -0.2340 0.5923
0.3089 -0.2779 0.5725
0.3448 -0.3314 0.5520
0.3800 -0.3717 0.5297
0.4226 -0.4014 0.5074
0.4593 -0.4371 0.4796
0.5026 -0.4774 0.4511
0.5473 -0.5071 0.4213
0.5957 -0.5214 0.3891
0.6456 -0.5309 0.3544
0.6963 -0.5356 0.3197
0.7417 -0.5285 0.2850
0.7843 -0.5119 0.2528
0.8225 -0.4917 0.2156
0.8672 -0.4632 0.1815
0.9024 -0.4145 0.1493
0.9384 -0.3563 0.1196
0.9692 -0.2886 0.0898
0.9897 -0.2197 0.0657
0.9963 -0.1390 0.0446
0.9993 -0.0582 0.0248
1.0000 0.0344 0.0087
0.9956 0.1354 0.0000
0.9853 0.2352 0.0012
0.9655 0.3420 0.0068
0.9457 0.4477 0.0136
0.9120 0.5428 0.0310
0.8687 0.6283 0.0539
0.8269 0.7102 0.0793
0.7792 0.7827 0.1072
0.7366 0.8456 0.1406
0.6882 0.9074 0.1791
0.6442 0.9656 0.2181
0.5957 1.0107 0.2565
0.5495 1.0321 0.2974
0.4982 1.0428 0.3395
0.4505 1.0451 0.3804
0.4094 1.0451 0.4219
0.3712 1.0499 0.4597
0.3324 1.0404 0.5043
0.2942 1.0249 0.5446
0.2641 1.0000 0.5849
0.2355 0.9727 0.6214
0.2047 0.9359 0.6568
0.1783 0.8895 0.6958
0.1511 0.8480 0.7224
0.1343 0.8064 0.7553
0.1137 0.7625 0.7838
0.0954 0.7102 0.8110
0.0814 0.6710 0.8364
0.0690 0.6271 0.8594
0.0580 0.5665 0.8810
0.0484 0.5071 0.8990
0.0404 0.4584 0.9176
0.0323 0.4097 0.9325
0.0249 0.3551 0.9480
0.0205 0.3112 0.9610
0.0161 0.2696 0.9696
0.0132 0.2102 0.9783
0.0088 0.1580 0.9864
0.0088 0.1200 0.9907
0.0044 0.0772 0.9963
0.0015 0.0285 0.9994
-0.0000 -0.0095 1.0000
0.0022 -0.0487 1.0000
0.0022 -0.0926 0.9994
0.0044 -0.1306 0.9969
0.0051 -0.1651 0.9981
0.0059 -0.2007 0.9938
0.0066 -0.2375 0.9919
0.0110 -0.2565 0.9882
0.0103 -0.2874 0.9851
0.0169 -0.3242 0.9789
0.0169 -0.3599 0.9727
0.0213 -0.3860 0.9678
0.0227 -0.4014 0.9628
0.0264 -0.4192 0.9560
0.0293 -0.4240 0.9504
0.0345 -0.4489 0.9424
0.0389 -0.4822 0.9337
0.0418 -0.5024 0.9275
0.0455 -0.4941 0.9232
0.0499 -0.4941 0.9176
0.0499 -0.5059 0.9126
0.0536 -0.5143 0.9071
0.0550 -0.5321 0.8984
0.0616 -0.5653 0.8903
0.0616 -0.5594 0.8860
0.0646 -0.5511 0.8798
0.0675 -0.5499 0.8748
0.0675 -0.5701 0.8668
0.0719 -0.5736 0.8625
