1.0000 0.6518 0.4969
0.9960 0.6560 0.5010
0.9980 0.6608 0.5066
0.9960 0.6663 0.5117
0.9960 0.6705 0.5173
0.9947 0.6729 0.5229
0.9980 0.6747 0.5290
0.9960 0.6705 0.5346
0.9967 0.6747 0.5387
0.9947 0.6765 0.5448
0.9940 0.6789 0.5514
0.9920 0.6801 0.5570
0.9927 0.6807 0.5636
0.9940 0.6783 0.5718
0.9953 0.6741 0.5779
0.9934 0.6729 0.5845
0.9947 0.6753 0.5922
0.9934 0.6753 0.5988
0.9934 0.6705 0.6054
0.9920 0.6645 0.6125
0.9940 0.6608 0.6202
0.9934 0.6451 0.6258
0.9914 0.6451 0.6324
0.9880 0.6397 0.6385
0.9874 0.6319 0.6456
0.9820 0.6210 0.6522
0.9820 0.6107 0.6594
0.9787 0.5987 0.6665
0.9761 0.5866 0.6716
0.9707 0.5733 0.6772
0.9661 0.5631 0.6828
0.9621 0.5425 0.6858
0.9541 0.5244 0.6930
0.9475 0.5075 0.6930
0.9408 0.4858 0.6950
0.9275 0.4629 0.6945
0.9162 0.4387 0.6925
0.9036 0.4110 0.6904
0.8903 0.3844 0.6879
0.8710 0.3585 0.6833
0.8564 0.3301 0.6762
0.8344 0.2987 0.6660
0.8072 0.2667 0.6527
0.7806 0.2323 0.6354
0.7520 0.1937 0.6181
0.7148 0.1605 0.5962
0.6769 0.1304 0.5728
0.6323 0.0990 0.5453
0.5831 0.0748 0.5137
0.5326 0.0531 0.4776
0.4820 0.0308 0.4414
0.4289 0.0109 0.4002
0.3710 0.0024 0.3585
0.3085 0.0000 0.3147
0.2480 0.0078 0.2673
0.1875 0.0229 0.2200
0.1423 0.0507 0.1752
0.1011 0.0803 0.1324
0.0625 0.1285 0.0932
0.0306 0.1841 0.0591
0.0093 0.2486 0.0285
0.0000 0.3186 0.0061
0.0093 0.3953 0.0000
0.0326 0.4707 0.0010
0.0618 0.5516 0.0112
0.0991 0.6288 0.0280
0.1443 0.7037 0.0504
0.1928 0.7707 0.0774
0.2547 0.8298 0.1207
0.3185 0.8721 0.1685
0.3823 0.9101 0.2195
0.4408 0.9499 0.2719
0.4987 0.9765 0.3274
0.5539 0.9916 0.3793
0.6070 1.0000 0.4374
0.6576 0.9958 0.4934
0.7035 0.9765 0.5479
0.7447 0.9692 0.5998
0.7793 0.9535 0.6487
0.8118 0.9276 0.6914
0.8371 0.9004 0.7347
0.8597 0.8660 0.7719
0.8790 0.8250 0.8086
0.8956 0.8008 0.8371
0.9082 0.7683 0.8661
0.9195 0.7326 0.8895
0.9262 0.7037 0.9129
0.9335 0.6711 0.9302
0.9402 0.6192 0.9470
0.9441 0.5981 0.9593
0.9501 0.5667 0.9715
0.9528 0.5335 0.9801
0.9495 0.5088 0.9868
0.9508 0.4810 0.9903
0.9495 0.4460 0.9949
0.9461 0.4321 0.9969
0.9455 0.4134 0.9995
0.9455 0.3874 1.0000
0.9402 0.3663 0.9995
0.9382 0.3482 0.9980
