1.0000 0.4167 1.0000
0.9981 0.4007 0.9939
0.9988 0.4029 0.9868
0.9944 0.3989 0.9835
0.9944 0.4003 0.9742
0.9920 0.4003 0.9710
0.9864 0.3923 0.9617
0.9820 0.3976 0.9596
0.9783 0.3878 0.9492
0.9752 0.3985 0.9467
0.9690 0.3936 0.9392
0.9659 0.4016 0.9353
0.9635 0.3923 0.9270
0.9616 0.4003 0.9217
0.9573 0.3994 0.9142
0.9542 0.4096 0.9095
0.9567 0.4012 0.9006
0.9548 0.4065 0.8948
0.9523 0.4083 0.8877
0.9517 0.4038 0.8795
0.9492 0.4034 0.8737
0.9455 0.4034 0.8687
0.9430 0.4069 0.8641
0.9412 0.3927 0.8566
0.9399 0.3945 0.8501
0.9368 0.3829 0.8444
0.9319 0.3834 0.8383
0.9288 0.3625 0.8301
0.9220 0.3532 0.8226
0.9108 0.3398 0.8169
0.9040 0.3110 0.8008
0.8910 0.2959 0.7908
0.8700 0.2630 0.7707
0.8446 0.2350 0.7507
0.8124 0.1915 0.7232
0.7697 0.1595 0.6924
0.7121 0.1239 0.6567
0.6495 0.0773 0.6041
0.5752 0.0418 0.5465
0.4836 0.0147 0.4800
0.3820 0.0000 0.4041
0.2799 0.0018 0.3237
0.1833 0.0244 0.2393
0.0941 0.0742 0.1588
0.0291 0.1555 0.0873
0.0000 0.2603 0.0336
0.0068 0.3843 0.0021
0.0514 0.5184 0.0000
0.1313 0.6495 0.0225
0.2384 0.7650 0.0680
0.3505 0.8578 0.1313
0.4693 0.9254 0.2074
0.5765 0.9698 0.2872
0.6681 0.9947 0.3662
0.7424 1.0000 0.4406
0.8000 0.9929 0.5086
0.8458 0.9756 0.5690
0.8737 0.9560 0.6223
0.8960 0.9316 0.6667
0.9084 0.9107 0.7049
0.9164 0.8832 0.7371
0.9146 0.8605 0.7668
0.9158 0.8307 0.7911
0.9133 0.8147 0.8119
0.9065 0.7992 0.8283
0.8991 0.7805 0.8444
0.8954 0.7654 0.8569
0.8867 0.7494 0.8687
0.8811 0.7414 0.8780
0.8724 0.7277 0.8877
0.8724 0.7197 0.8945
0.8669 0.7046 0.9002
0.8619 0.6970 0.9041
0.8576 0.6837 0.9070
0.8557 0.6766 0.9102
0.8489 0.6673 0.9127
0.8452 0.6624 0.9145
0.8415 0.6584 0.9177
0.8402 0.6490 0.9163
0.8372 0.6455 0.9170
0.8328 0.6410 0.9156
0.8328 0.6375 0.9170
0.8310 0.6353 0.9163
0.8248 0.6344 0.9163
0.8254 0.6277 0.9152
0.8241 0.6308 0.9149
0.8248 0.6299 0.9145
0.8211 0.6335 0.9138
0.8217 0.6331 0.9124
0.8198 0.6317 0.9124
0.8192 0.6348 0.9113
0.8149 0.6371 0.9131
0.8198 0.6344 0.9106
0.8186 0.6353 0.9106
0.8192 0.6362 0.9095
0.8167 0.6415 0.9102
0.8204 0.6419 0.9109
0.8198 0.6450 0.9124
0.8211 0.6459 0.9124
0.8254 0.6486 0.9138
