-55.3077 -1.9241 0.8827
-41.0000 -1.8357 0.7236
-28.3077 -1.7199 0.5775
-17.3077 -1.5892 0.4458
-8.0769 -1.4335 0.3340
-1.9231 -1.2551 0.2394
1.0000 -1.0642 0.1612
3.3077 -0.8772 0.0995
4.2308 -0.6909 0.0494
4.0769 -0.5094 0.0178
2.5385 -0.3286 0.0014
0.0000 -0.1628 0.0000
-3.3846 0.0000 0.0082
-7.1538 0.1448 0.0309
-12.3846 0.2770 0.0638
-18.5385 0.3897 0.1015
-24.9231 0.4875 0.1385
-30.4615 0.5790 0.1783
-35.6923 0.6682 0.2188
-41.2308 0.7363 0.2647
-46.9231 0.7911 0.3134
-52.3077 0.8404 0.3635
-57.3077 0.8858 0.4102
-62.3846 0.9218 0.4609
-67.4615 0.9437 0.5062
-72.1538 0.9570 0.5528
-76.7692 0.9695 0.5981
-80.7692 0.9859 0.6392
-84.4615 0.9977 0.6776
-87.9231 0.9969 0.7167
-91.2308 1.0000 0.7551
-94.3846 0.9992 0.7908
-97.7692 0.9969 0.8251
-100.6154 0.9828 0.8532
-103.3077 0.9624 0.8827
-105.5385 0.9468 0.9108
-107.8462 0.9374 0.9362
-109.6154 0.9218 0.9582
-111.5385 0.9053 0.9801
-113.3077 0.8795 1.0000
