0.00000000 0.49514066 0.00000000
0.00895522 0.49803922 0.00058559
0.01407249 0.50093777 0.00102477
0.02643923 0.50502984 0.00219595
0.03837953 0.50878090 0.00292793
0.04861407 0.51031543 0.00424550
0.05671642 0.51184996 0.00512387
0.06780384 0.51491901 0.00658784
0.07846482 0.51764706 0.00761261
0.08997868 0.52105712 0.00907658
0.09808102 0.52276215 0.01068694
0.10874200 0.52446718 0.01229730
0.11940299 0.52634271 0.01390766
0.13475480 0.52975277 0.01522523
0.14712154 0.53043478 0.01786036
0.15991471 0.53316283 0.01873874
0.16801706 0.53691390 0.02093468
0.18081023 0.53827792 0.02195946
0.19317697 0.54066496 0.02444820
0.20511727 0.54185848 0.02605856
0.21620469 0.54543905 0.02796171
0.23326226 0.54867860 0.02942568
0.24562900 0.55328218 0.03132883
0.26012793 0.55396419 0.03337838
0.27206823 0.55805627 0.03601351
0.28656716 0.56351236 0.03777027
0.30234542 0.57067349 0.04025901
0.31812367 0.57544757 0.04274775
0.33176972 0.58175618 0.04684685
0.34754797 0.58789429 0.04977477
0.36801706 0.59624893 0.05460586
0.38848614 0.60562660 0.05870495
0.40639659 0.61568627 0.06456081
0.42643923 0.62523444 0.07114865
0.44904051 0.63580563 0.07905405
0.47292111 0.64859335 0.08739865
0.49722814 0.65882353 0.09837838
0.52622601 0.67263427 0.10935811
0.55351812 0.69036658 0.12224099
0.59019190 0.70639386 0.13688063
0.62558635 0.72446718 0.15459459
0.65970149 0.73981245 0.17450450
0.69424307 0.76214834 0.19734234
0.73731343 0.78994032 0.22252252
0.78081023 0.81705030 0.25311937
0.82174840 0.84109122 0.28854730
0.86098081 0.86922421 0.32997748
0.90021322 0.90230179 0.37755631
0.94029851 0.93623188 0.43333333
0.97014925 0.96504689 0.49662162
0.98763326 0.98465473 0.56711712
0.99616205 0.99522592 0.64369369
1.00000000 1.00000000 0.72759009
0.99957356 0.98618926 0.81002252
0.98805970 0.93742540 0.88209459
0.97313433 0.86922421 0.93840090
0.95863539 0.78073316 0.97747748
0.96204691 0.68763853 1.00000000
0.95010661 0.58994032 0.99515766
0.95266525 0.49394714 0.96407658
0.94797441 0.41057118 0.91430180
0.94498934 0.34475703 0.85698198
0.92878465 0.29275362 0.79650901
0.90831557 0.25711850 0.73603604
0.87420043 0.23034953 0.67871622
0.84264392 0.21398124 0.62556306
0.80426439 0.19982950 0.57961712
0.76289979 0.19045183 0.53930180
0.72025586 0.18107417 0.50472973
0.68443497 0.17391304 0.47646396
0.65671642 0.16436488 0.45236486
0.62985075 0.15959079 0.43069820
0.59616205 0.14970162 0.41166667
0.56886994 0.14168798 0.39395270
0.54626866 0.13128730 0.37872748
0.52537313 0.12463768 0.36467342
0.50106610 0.11611253 0.35193694
0.48144989 0.10809889 0.33993243
0.46140725 0.09684569 0.32763514
0.44690832 0.09087809 0.31592342
0.42643923 0.07996590 0.30450450
0.40597015 0.07331628 0.29352477
0.38464819 0.06564365 0.28254505
0.36801706 0.05916454 0.27215090
0.34584222 0.04842285 0.26043919
0.32409382 0.04330776 0.25004505
0.30490405 0.03716965 0.24052928
0.28699360 0.03273657 0.23086712
0.26396588 0.02438193 0.21959459
0.24477612 0.02131287 0.21051802
0.22388060 0.01807332 0.20158784
0.20511727 0.01653879 0.19412162
0.18507463 0.01176471 0.18489865
0.16716418 0.00937766 0.17670045
0.14840085 0.00767263 0.16952703
0.13262260 0.00545610 0.16220721
0.11513859 0.00306905 0.15415541
0.10021322 0.00136402 0.14698198
0.08059701 0.00102302 0.14068694
0.06737740 0.00000000 0.13483108
