715.0000 3094.0000 55939.0000
728.0000 3159.0000 55926.0000
728.0000 3185.0000 55939.0000
702.0000 3289.0000 55939.0000
689.0000 3276.0000 55965.0000
663.0000 3328.0000 55952.0000
624.0000 3354.0000 55965.0000
637.0000 3328.0000 55965.0000
572.0000 3367.0000 55978.0000
559.0000 3354.0000 55965.0000
520.0000 3315.0000 55965.0000
494.0000 3289.0000 55965.0000
429.0000 3250.0000 55965.0000
416.0000 3263.0000 55978.0000
377.0000 3185.0000 55991.0000
364.0000 3172.0000 56017.0000
286.0000 3224.0000 56017.0000
299.0000 3263.0000 56004.0000
260.0000 3302.0000 56030.0000
260.0000 3328.0000 56017.0000
221.0000 3315.0000 56017.0000
260.0000 3302.0000 56030.0000
234.0000 3328.0000 56056.0000
221.0000 3328.0000 56069.0000
182.0000 3380.0000 56069.0000
182.0000 3497.0000 56043.0000
156.0000 3484.0000 56069.0000
156.0000 3458.0000 56056.0000
104.0000 3419.0000 56069.0000
65.0000 3458.0000 56082.0000
26.0000 3419.0000 56069.0000
0.0000 3471.0000 56095.0000
-52.0000 3432.0000 56069.0000
-52.0000 3380.0000 56082.0000
-104.0000 3250.0000 56082.0000
-156.0000 3276.0000 56095.0000
-221.0000 3289.0000 56095.0000
-247.0000 3302.0000 56095.0000
-273.0000 3224.0000 56108.0000
-247.0000 3159.0000 56147.0000
-286.0000 3081.0000 56121.0000
-299.0000 3133.0000 56173.0000
-351.0000 3094.0000 56121.0000
-351.0000 3146.0000 56199.0000
-390.0000 3237.0000 56173.0000
-403.0000 3289.0000 56277.0000
-377.0000 3263.0000 56212.0000
-442.0000 3198.0000 56238.0000
-494.0000 3198.0000 56212.0000
-533.0000 3250.0000 56238.0000
-585.0000 3198.0000 56225.0000
-598.0000 3133.0000 56264.0000
-663.0000 3120.0000 56238.0000
-637.0000 3133.0000 56238.0000
-689.0000 3094.0000 56225.0000
-689.0000 3120.0000 56277.0000
-728.0000 3029.0000 56277.0000
-728.0000 3107.0000 56277.0000
-780.0000 3081.0000 56277.0000
-754.0000 3120.0000 56316.0000
-819.0000 3107.0000 56264.0000
-858.0000 3133.0000 56303.0000
-871.0000 3133.0000 56290.0000
-845.0000 3146.0000 56316.0000
-884.0000 3081.0000 56303.0000
-897.0000 3016.0000 56342.0000
-936.0000 3055.0000 56316.0000
-936.0000 3042.0000 56368.0000
-975.0000 3029.0000 56342.0000
-988.0000 3094.0000 56368.0000
-1066.0000 3055.0000 56316.0000
-1079.0000 3055.0000 56394.0000
-1144.0000 3055.0000 56355.0000
-1157.0000 3016.0000 56394.0000
-1196.0000 2990.0000 56368.0000
-1196.0000 2977.0000 56433.0000
-1274.0000 2964.0000 56381.0000
-1287.0000 2925.0000 56420.0000
-1378.0000 2925.0000 56407.0000
-1365.0000 2925.0000 56446.0000
-1430.0000 2795.0000 56420.0000
-1456.0000 2821.0000 56498.0000
-1508.0000 2782.0000 56446.0000
-1534.0000 2795.0000 56485.0000
-1573.0000 2821.0000 56459.0000
-1599.0000 2847.0000 56472.0000
-1638.0000 2847.0000 56446.0000
-1677.0000 2873.0000 56511.0000
-1755.0000 2886.0000 56459.0000
-1781.0000 2821.0000 56511.0000
-1846.0000 2886.0000 56472.0000
-1872.0000 2834.0000 56511.0000
-1976.0000 2860.0000 56472.0000
-2028.0000 2808.0000 56498.0000
-2080.0000 2873.0000 56485.0000
-2119.0000 2795.0000 56589.0000
-2132.0000 2769.0000 56498.0000
-2249.0000 2691.0000 56524.0000
-2327.0000 2639.0000 56524.0000
-2353.0000 2600.0000 56563.0000
