21541.0000 20709.0000 40274.0000
21710.0000 20683.0000 40248.0000
21879.0000 20605.0000 40274.0000
21996.0000 20566.0000 40274.0000
22230.0000 20423.0000 40300.0000
22386.0000 20384.0000 40274.0000
22529.0000 20293.0000 40300.0000
22672.0000 20150.0000 40287.0000
22841.0000 20007.0000 40339.0000
22997.0000 19981.0000 40274.0000
23088.0000 19838.0000 40326.0000
23257.0000 19773.0000 40287.0000
23413.0000 19565.0000 40378.0000
23556.0000 19526.0000 40313.0000
23699.0000 19370.0000 40326.0000
23842.0000 19279.0000 40339.0000
23998.0000 19110.0000 40391.0000
24102.0000 19084.0000 40339.0000
24245.0000 18915.0000 40404.0000
24388.0000 18824.0000 40417.0000
24583.0000 18603.0000 40417.0000
24661.0000 18512.0000 40365.0000
24817.0000 18369.0000 40443.0000
24921.0000 18135.0000 40456.0000
25090.0000 17966.0000 40469.0000
25220.0000 17901.0000 40443.0000
25415.0000 17771.0000 40469.0000
25506.0000 17511.0000 40417.0000
25610.0000 17368.0000 40495.0000
25753.0000 17290.0000 40456.0000
25844.0000 17017.0000 40534.0000
26000.0000 16848.0000 40508.0000
26117.0000 16653.0000 40508.0000
26247.0000 16523.0000 40521.0000
26364.0000 16263.0000 40573.0000
26481.0000 16042.0000 40573.0000
26611.0000 15847.0000 40599.0000
26676.0000 15691.0000 40599.0000
26767.0000 15509.0000 40638.0000
26858.0000 15301.0000 40651.0000
26949.0000 15093.0000 40677.0000
27040.0000 14898.0000 40716.0000
27131.0000 14612.0000 40794.0000
27196.0000 14391.0000 40742.0000
27339.0000 14157.0000 40807.0000
27391.0000 13988.0000 40807.0000
27456.0000 13793.0000 40898.0000
27547.0000 13494.0000 40872.0000
27599.0000 13273.0000 40963.0000
27664.0000 13078.0000 40989.0000
27703.0000 12883.0000 41028.0000
27781.0000 12675.0000 41054.0000
27807.0000 12389.0000 41093.0000
27898.0000 12259.0000 41132.0000
27924.0000 12051.0000 41210.0000
27976.0000 11778.0000 41236.0000
28028.0000 11544.0000 41275.0000
28041.0000 11388.0000 41262.0000
28132.0000 11245.0000 41327.0000
28132.0000 10998.0000 41340.0000
28184.0000 10764.0000 41444.0000
28223.0000 10504.0000 41457.0000
28275.0000 10270.0000 41522.0000
28288.0000 10088.0000 41535.0000
28301.0000 9919.0000 41626.0000
28340.0000 9698.0000 41613.0000
28353.0000 9451.0000 41717.0000
28392.0000 9243.0000 41730.0000
28392.0000 9048.0000 41847.0000
28405.0000 8788.0000 41834.0000
28392.0000 8476.0000 41938.0000
28431.0000 8255.0000 41925.0000
28431.0000 7917.0000 42042.0000
28431.0000 7839.0000 42068.0000
28405.0000 7540.0000 42146.0000
28392.0000 7280.0000 42211.0000
28431.0000 7085.0000 42263.0000
28379.0000 6864.0000 42289.0000
28353.0000 6669.0000 42380.0000
28301.0000 6487.0000 42393.0000
28314.0000 6253.0000 42471.0000
28301.0000 6097.0000 42510.0000
28288.0000 5941.0000 42562.0000
28301.0000 5811.0000 42562.0000
28301.0000 5655.0000 42627.0000
28301.0000 5577.0000 42601.0000
28327.0000 5499.0000 42679.0000
28301.0000 5447.0000 42679.0000
28288.0000 5395.0000 42731.0000
28327.0000 5382.0000 42666.0000
28353.0000 5291.0000 42705.0000
28366.0000 5291.0000 42653.0000
28353.0000 5265.0000 42718.0000
28418.0000 5252.0000 42627.0000
28444.0000 5187.0000 42666.0000
28496.0000 5174.0000 42653.0000
28509.0000 5213.0000 42640.0000
28561.0000 5252.0000 42627.0000
28548.0000 5304.0000 42653.0000
28600.0000 5252.0000 42601.0000
