51948.0000 14651.0000 36231.0000
51792.0000 15106.0000 36244.0000
51571.0000 15717.0000 36192.0000
51402.0000 16185.0000 36192.0000
51220.0000 16679.0000 36127.0000
51025.0000 17238.0000 36153.0000
50817.0000 17706.0000 36088.0000
50570.0000 18187.0000 36140.0000
50349.0000 18655.0000 36101.0000
50102.0000 19097.0000 36114.0000
49881.0000 19604.0000 36114.0000
49621.0000 20007.0000 36153.0000
49374.0000 20475.0000 36088.0000
49153.0000 20930.0000 36101.0000
48893.0000 21346.0000 36049.0000
48646.0000 21788.0000 36062.0000
48412.0000 22269.0000 36010.0000
48178.0000 22646.0000 36023.0000
47918.0000 23127.0000 35945.0000
47632.0000 23595.0000 35932.0000
47359.0000 24037.0000 35880.0000
47125.0000 24440.0000 35880.0000
46839.0000 24843.0000 35802.0000
46566.0000 25285.0000 35802.0000
46254.0000 25688.0000 35776.0000
45994.0000 26000.0000 35815.0000
45708.0000 26364.0000 35776.0000
45383.0000 26715.0000 35815.0000
45123.0000 27118.0000 35737.0000
44850.0000 27534.0000 35789.0000
44525.0000 27898.0000 35698.0000
44265.0000 28275.0000 35724.0000
43966.0000 28613.0000 35646.0000
43667.0000 28938.0000 35685.0000
43342.0000 29328.0000 35633.0000
43056.0000 29640.0000 35620.0000
42757.0000 30043.0000 35477.0000
42432.0000 30394.0000 35503.0000
42120.0000 30706.0000 35438.0000
41834.0000 30992.0000 35425.0000
41522.0000 31304.0000 35347.0000
41197.0000 31577.0000 35347.0000
40924.0000 31850.0000 35282.0000
40638.0000 32136.0000 35321.0000
40326.0000 32396.0000 35217.0000
40027.0000 32682.0000 35282.0000
39767.0000 32981.0000 35152.0000
39390.0000 33189.0000 35152.0000
39065.0000 33475.0000 35074.0000
38766.0000 33735.0000 35061.0000
38415.0000 34008.0000 34996.0000
38090.0000 34255.0000 34983.0000
37713.0000 34554.0000 34905.0000
37401.0000 34801.0000 34918.0000
36998.0000 35100.0000 34801.0000
36686.0000 35334.0000 34853.0000
36335.0000 35542.0000 34762.0000
35971.0000 35789.0000 34736.0000
35607.0000 36049.0000 34684.0000
35269.0000 36244.0000 34684.0000
34905.0000 36452.0000 34671.0000
34580.0000 36621.0000 34697.0000
34190.0000 36803.0000 34645.0000
33891.0000 36998.0000 34632.0000
33514.0000 37167.0000 34593.0000
33189.0000 37310.0000 34671.0000
32851.0000 37479.0000 34580.0000
32513.0000 37661.0000 34593.0000
32136.0000 37908.0000 34515.0000
31850.0000 38038.0000 34528.0000
31486.0000 38324.0000 34359.0000
31200.0000 38519.0000 34411.0000
30875.0000 38480.0000 34450.0000
30589.0000 38649.0000 34437.0000
30225.0000 38818.0000 34359.0000
29939.0000 38961.0000 34346.0000
29588.0000 39156.0000 34320.0000
29289.0000 39286.0000 34372.0000
29016.0000 39338.0000 34346.0000
28743.0000 39429.0000 34385.0000
28418.0000 39533.0000 34307.0000
28197.0000 39598.0000 34333.0000
27950.0000 39650.0000 34320.0000
27755.0000 39728.0000 34333.0000
27495.0000 39819.0000 34333.0000
27352.0000 39923.0000 34320.0000
27183.0000 40040.0000 34242.0000
27053.0000 40105.0000 34255.0000
26910.0000 40144.0000 34242.0000
26845.0000 40170.0000 34255.0000
26728.0000 40209.0000 34216.0000
26702.0000 40235.0000 34242.0000
26624.0000 40274.0000 34203.0000
26637.0000 40300.0000 34229.0000
26598.0000 40274.0000 34203.0000
26624.0000 40287.0000 34255.0000
26663.0000 40313.0000 34177.0000
26663.0000 40326.0000 34177.0000
26637.0000 40313.0000 34151.0000
26676.0000 40287.0000 34177.0000
