35659.0000 16965.0000 50700.0000
35659.0000 17056.0000 50427.0000
35464.0000 16926.0000 50492.0000
35542.0000 17121.0000 50258.0000
35399.0000 16952.0000 50271.0000
35490.0000 17303.0000 50050.0000
35347.0000 17043.0000 49972.0000
35438.0000 17134.0000 49881.0000
35243.0000 17186.0000 49764.0000
35308.0000 17225.0000 49686.0000
35165.0000 17225.0000 49595.0000
35178.0000 17147.0000 49569.0000
35009.0000 17173.0000 49439.0000
35126.0000 17017.0000 49387.0000
35048.0000 17147.0000 49231.0000
35074.0000 17134.0000 49179.0000
34931.0000 17056.0000 49036.0000
34996.0000 16861.0000 49049.0000
34879.0000 16770.0000 48880.0000
34931.0000 16887.0000 48880.0000
34879.0000 16744.0000 48607.0000
34944.0000 16809.0000 48659.0000
34840.0000 16549.0000 48399.0000
34853.0000 16588.0000 48594.0000
34814.0000 16406.0000 48243.0000
34840.0000 16419.0000 48464.0000
34801.0000 16302.0000 48048.0000
34840.0000 16445.0000 48347.0000
34788.0000 16107.0000 47905.0000
34840.0000 16185.0000 48217.0000
34879.0000 16029.0000 47736.0000
34905.0000 16250.0000 48074.0000
35048.0000 15795.0000 47619.0000
35165.0000 15977.0000 47866.0000
35269.0000 15717.0000 47411.0000
35334.0000 15847.0000 47541.0000
35451.0000 15535.0000 47229.0000
35542.0000 15392.0000 47229.0000
35516.0000 15548.0000 47034.0000
35711.0000 15158.0000 46878.0000
35711.0000 15184.0000 46774.0000
35919.0000 14820.0000 46540.0000
35880.0000 14833.0000 46410.0000
36075.0000 14573.0000 46059.0000
36075.0000 14469.0000 45942.0000
36192.0000 14261.0000 45682.0000
36296.0000 14378.0000 45422.0000
36426.0000 14105.0000 45097.0000
36465.0000 14404.0000 44785.0000
36517.0000 14079.0000 44447.0000
36543.0000 14365.0000 44135.0000
36582.0000 13819.0000 43810.0000
36595.0000 14469.0000 43498.0000
36608.0000 14300.0000 43069.0000
36634.0000 14677.0000 42926.0000
36621.0000 14651.0000 42406.0000
36530.0000 14924.0000 42367.0000
36439.0000 15405.0000 41860.0000
36283.0000 15626.0000 41808.0000
36179.0000 16237.0000 41509.0000
36023.0000 16679.0000 41431.0000
35880.0000 17199.0000 41353.0000
35659.0000 17602.0000 41314.0000
35360.0000 18005.0000 41379.0000
35113.0000 18434.0000 41392.0000
34723.0000 19084.0000 41431.0000
34385.0000 19461.0000 41613.0000
34021.0000 19643.0000 41873.0000
33631.0000 20176.0000 41977.0000
33254.0000 20553.0000 42133.0000
32825.0000 20865.0000 42354.0000
32422.0000 21138.0000 42614.0000
31928.0000 21606.0000 42718.0000
31512.0000 21892.0000 43004.0000
31122.0000 22061.0000 43303.0000
30706.0000 22295.0000 43524.0000
30290.0000 22516.0000 43745.0000
29900.0000 22724.0000 43966.0000
29471.0000 22711.0000 44330.0000
29042.0000 22893.0000 44564.0000
28691.0000 22945.0000 44980.0000
28327.0000 23049.0000 45214.0000
27950.0000 23153.0000 45578.0000
27586.0000 23205.0000 45851.0000
27209.0000 23205.0000 46202.0000
26832.0000 23205.0000 46566.0000
26481.0000 23153.0000 46930.0000
26182.0000 23478.0000 47151.0000
25922.0000 23244.0000 47502.0000
25649.0000 23205.0000 47827.0000
25376.0000 23075.0000 48100.0000
25103.0000 23101.0000 48308.0000
24856.0000 22802.0000 48555.0000
24531.0000 22724.0000 48789.0000
24258.0000 22633.0000 48958.0000
23998.0000 22308.0000 49231.0000
23803.0000 22269.0000 49296.0000
23595.0000 21866.0000 49478.0000
23296.0000 21697.0000 49530.0000
23166.0000 21320.0000 49608.0000
