-15678.0000 4394.0000 61828.0000
-15678.0000 4446.0000 61932.0000
-15704.0000 4667.0000 61932.0000
-15808.0000 4940.0000 62023.0000
-15756.0000 5135.0000 62075.0000
-15847.0000 5304.0000 62192.0000
-15873.0000 5369.0000 62257.0000
-15925.0000 5343.0000 62439.0000
-15925.0000 5551.0000 62491.0000
-16016.0000 5889.0000 62595.0000
-15990.0000 6110.0000 62712.0000
-16003.0000 6370.0000 62829.0000
-15964.0000 6422.0000 62933.0000
-16029.0000 6422.0000 63115.0000
-15977.0000 6539.0000 63232.0000
-16042.0000 6760.0000 63375.0000
-16003.0000 7124.0000 63505.0000
-16016.0000 7319.0000 63648.0000
-16003.0000 7410.0000 63830.0000
-16029.0000 7527.0000 64038.0000
-15912.0000 7644.0000 64207.0000
-15951.0000 7839.0000 64402.0000
-15821.0000 8255.0000 64571.0000
-15782.0000 8411.0000 64792.0000
-15730.0000 8489.0000 64974.0000
-15730.0000 8632.0000 65273.0000
-15535.0000 8788.0000 65429.0000
-15626.0000 9113.0000 65728.0000
-15470.0000 9438.0000 65949.0000
-15418.0000 9607.0000 66274.0000
-15314.0000 9802.0000 66534.0000
-15262.0000 9906.0000 66859.0000
-15054.0000 10114.0000 67184.0000
-14989.0000 10530.0000 67496.0000
-14729.0000 10829.0000 67808.0000
-14586.0000 11063.0000 68198.0000
-14404.0000 11258.0000 68575.0000
-14235.0000 11401.0000 69017.0000
-13936.0000 11544.0000 69446.0000
-13806.0000 11947.0000 69862.0000
-13377.0000 12220.0000 70330.0000
-13078.0000 12402.0000 70902.0000
-12727.0000 12454.0000 71422.0000
-12389.0000 12584.0000 71981.0000
-11895.0000 12766.0000 72540.0000
-11505.0000 13104.0000 73151.0000
-10881.0000 13208.0000 73788.0000
-10374.0000 13195.0000 74516.0000
-9815.0000 13039.0000 75244.0000
-9308.0000 13143.0000 76063.0000
-8541.0000 13039.0000 76869.0000
-7865.0000 13117.0000 77792.0000
-7072.0000 12948.0000 78728.0000
-6344.0000 12584.0000 79755.0000
-5538.0000 12142.0000 80808.0000
-4823.0000 11596.0000 81965.0000
-4030.0000 10907.0000 83057.0000
-3289.0000 10114.0000 84240.0000
-2587.0000 9074.0000 85397.0000
-2015.0000 7813.0000 86632.0000
-1625.0000 6292.0000 87737.0000
-1547.0000 4446.0000 88777.0000
-1586.0000 2288.0000 89635.0000
-2054.0000 -182.0000 90324.0000
-2717.0000 -2782.0000 90792.0000
-3939.0000 -5226.0000 90974.0000
-5577.0000 -7930.0000 90636.0000
-7839.0000 -10972.0000 89804.0000
-10348.0000 -13650.0000 88634.0000
-13182.0000 -15951.0000 87256.0000
-16133.0000 -17875.0000 85553.0000
-19422.0000 -18980.0000 83577.0000
-22503.0000 -19903.0000 81133.0000
-25402.0000 -20111.0000 78754.0000
-27833.0000 -19851.0000 76375.0000
-30043.0000 -19110.0000 74256.0000
-31941.0000 -17511.0000 72280.0000
-33384.0000 -15522.0000 70642.0000
-34112.0000 -13559.0000 69290.0000
-34372.0000 -11713.0000 68302.0000
-34333.0000 -9854.0000 67587.0000
-34229.0000 -7943.0000 67210.0000
-33917.0000 -5785.0000 67080.0000
-33267.0000 -4316.0000 67197.0000
-32240.0000 -3393.0000 67431.0000
-31317.0000 -2535.0000 67847.0000
-30381.0000 -1742.0000 68289.0000
-29640.0000 -676.0000 68770.0000
-28834.0000 -65.0000 69264.0000
-28054.0000 195.0000 69797.0000
-27183.0000 117.0000 70291.0000
-26494.0000 26.0000 70824.0000
-25805.0000 -91.0000 71279.0000
-25350.0000 416.0000 71721.0000
-24830.0000 338.0000 72085.0000
-24336.0000 -78.0000 72436.0000
-23816.0000 -481.0000 72696.0000
-23400.0000 -1144.0000 72956.0000
-22997.0000 -897.0000 73190.0000
-22750.0000 -1040.0000 73398.0000
