13494.0000 43966.0000 37193.0000
13871.0000 43927.0000 37206.0000
14261.0000 43836.0000 37206.0000
14651.0000 43784.0000 37193.0000
15054.0000 43732.0000 37167.0000
15457.0000 43641.0000 37232.0000
15873.0000 43602.0000 37154.0000
16211.0000 43498.0000 37141.0000
16614.0000 43407.0000 37089.0000
17030.0000 43303.0000 37037.0000
17407.0000 43225.0000 37011.0000
17810.0000 43082.0000 36985.0000
18161.0000 42991.0000 36972.0000
18577.0000 42835.0000 36959.0000
18928.0000 42718.0000 36972.0000
19292.0000 42562.0000 36920.0000
19630.0000 42484.0000 36842.0000
20020.0000 42341.0000 36868.0000
20384.0000 42185.0000 36803.0000
20748.0000 42081.0000 36816.0000
21099.0000 41951.0000 36751.0000
21450.0000 41821.0000 36751.0000
21814.0000 41613.0000 36673.0000
22152.0000 41457.0000 36673.0000
22542.0000 41249.0000 36621.0000
22893.0000 41002.0000 36634.0000
23270.0000 40807.0000 36608.0000
23621.0000 40586.0000 36582.0000
23959.0000 40417.0000 36556.0000
24310.0000 40196.0000 36543.0000
24622.0000 39975.0000 36517.0000
24973.0000 39728.0000 36491.0000
25246.0000 39598.0000 36426.0000
25610.0000 39338.0000 36400.0000
25909.0000 39182.0000 36335.0000
26234.0000 38948.0000 36361.0000
26520.0000 38753.0000 36283.0000
26858.0000 38506.0000 36296.0000
27144.0000 38220.0000 36257.0000
27443.0000 37973.0000 36283.0000
27755.0000 37739.0000 36205.0000
28028.0000 37427.0000 36205.0000
28353.0000 37128.0000 36218.0000
28600.0000 36829.0000 36231.0000
28925.0000 36569.0000 36179.0000
29159.0000 36257.0000 36218.0000
29458.0000 35997.0000 36179.0000
29731.0000 35685.0000 36140.0000
29965.0000 35451.0000 36101.0000
30238.0000 35100.0000 36101.0000
30472.0000 34853.0000 36101.0000
30706.0000 34554.0000 36114.0000
30927.0000 34255.0000 36101.0000
31174.0000 33956.0000 36140.0000
31395.0000 33644.0000 36101.0000
31642.0000 33267.0000 36192.0000
31902.0000 33033.0000 36101.0000
32071.0000 32669.0000 36127.0000
32318.0000 32318.0000 36114.0000
32500.0000 32019.0000 36179.0000
32747.0000 31603.0000 36179.0000
32929.0000 31239.0000 36192.0000
33150.0000 30914.0000 36231.0000
33358.0000 30485.0000 36218.0000
33592.0000 30199.0000 36218.0000
33761.0000 29783.0000 36231.0000
33917.0000 29510.0000 36205.0000
34125.0000 29172.0000 36309.0000
34242.0000 28821.0000 36309.0000
34489.0000 28496.0000 36335.0000
34619.0000 28158.0000 36348.0000
34814.0000 27807.0000 36439.0000
34970.0000 27430.0000 36426.0000
35139.0000 27079.0000 36491.0000
35321.0000 26689.0000 36478.0000
35464.0000 26325.0000 36543.0000
35633.0000 25961.0000 36569.0000
35776.0000 25493.0000 36686.0000
35919.0000 25155.0000 36699.0000
36062.0000 24674.0000 36777.0000
36205.0000 24297.0000 36790.0000
36374.0000 23933.0000 36816.0000
36465.0000 23530.0000 36816.0000
36634.0000 23257.0000 36920.0000
36673.0000 22893.0000 36959.0000
36816.0000 22490.0000 37076.0000
36894.0000 22243.0000 37102.0000
37011.0000 21840.0000 37206.0000
37141.0000 21489.0000 37193.0000
37258.0000 21151.0000 37323.0000
37375.0000 20748.0000 37349.0000
37453.0000 20345.0000 37466.0000
37531.0000 20033.0000 37531.0000
37635.0000 19617.0000 37648.0000
37687.0000 19240.0000 37713.0000
37804.0000 18772.0000 37804.0000
37895.0000 18447.0000 37869.0000
38025.0000 18083.0000 37960.0000
38090.0000 17732.0000 37986.0000
38220.0000 17381.0000 38090.0000
