15509.0000 21424.0000 52663.0000
15496.0000 21320.0000 52546.0000
15457.0000 21164.0000 52559.0000
15496.0000 21255.0000 52416.0000
15418.0000 21203.0000 52403.0000
15379.0000 21008.0000 52377.0000
15249.0000 21008.0000 52377.0000
15327.0000 20826.0000 52286.0000
15262.0000 21008.0000 52156.0000
15223.0000 20800.0000 52117.0000
15093.0000 20514.0000 52078.0000
15028.0000 20345.0000 52013.0000
15028.0000 20332.0000 51831.0000
14976.0000 20449.0000 51714.0000
14872.0000 20306.0000 51675.0000
14807.0000 19955.0000 51662.0000
14703.0000 19643.0000 51662.0000
14703.0000 19708.0000 51415.0000
14612.0000 19617.0000 51311.0000
14573.0000 19474.0000 51181.0000
14417.0000 19201.0000 51155.0000
14378.0000 18902.0000 51025.0000
14222.0000 18811.0000 50947.0000
14196.0000 18811.0000 50752.0000
14027.0000 18798.0000 50687.0000
13975.0000 18577.0000 50622.0000
13871.0000 18525.0000 50531.0000
13754.0000 18252.0000 50466.0000
13611.0000 18291.0000 50362.0000
13533.0000 18265.0000 50180.0000
13442.0000 18174.0000 50128.0000
13377.0000 18122.0000 49946.0000
13260.0000 17979.0000 49933.0000
13195.0000 18070.0000 49712.0000
13117.0000 18031.0000 49621.0000
13091.0000 17966.0000 49478.0000
13000.0000 17927.0000 49348.0000
12974.0000 17901.0000 49192.0000
12883.0000 17797.0000 49049.0000
12870.0000 17719.0000 48867.0000
12805.0000 17654.0000 48698.0000
12805.0000 17602.0000 48516.0000
12688.0000 17524.0000 48347.0000
12558.0000 17485.0000 48126.0000
12389.0000 17472.0000 47970.0000
12415.0000 17368.0000 47736.0000
12311.0000 17303.0000 47593.0000
12246.0000 17212.0000 47294.0000
12116.0000 17368.0000 47138.0000
12038.0000 17381.0000 46826.0000
11986.0000 17290.0000 46657.0000
11921.0000 17277.0000 46397.0000
11804.0000 17160.0000 46202.0000
11713.0000 17251.0000 45916.0000
11596.0000 17303.0000 45656.0000
11544.0000 17381.0000 45422.0000
11453.0000 17394.0000 45227.0000
11375.0000 17459.0000 45019.0000
11297.0000 17433.0000 44811.0000
11258.0000 17524.0000 44577.0000
11154.0000 17693.0000 44317.0000
11115.0000 17771.0000 44096.0000
10998.0000 17849.0000 43927.0000
10933.0000 17823.0000 43745.0000
10855.0000 17992.0000 43511.0000
10764.0000 18226.0000 43290.0000
10647.0000 18356.0000 43173.0000
10621.0000 18473.0000 42965.0000
10543.0000 18564.0000 42939.0000
10530.0000 18629.0000 42718.0000
10426.0000 18746.0000 42627.0000
10361.0000 18941.0000 42432.0000
10296.0000 19071.0000 42302.0000
10270.0000 19162.0000 42120.0000
10218.0000 19266.0000 42042.0000
10140.0000 19318.0000 41951.0000
10114.0000 19474.0000 41795.0000
10023.0000 19708.0000 41652.0000
9971.0000 19838.0000 41574.0000
9997.0000 19955.0000 41431.0000
9919.0000 20046.0000 41418.0000
9919.0000 20176.0000 41327.0000
9893.0000 20280.0000 41249.0000
9893.0000 20488.0000 41106.0000
9919.0000 20761.0000 41002.0000
9958.0000 20904.0000 40937.0000
9932.0000 20865.0000 40976.0000
9932.0000 20943.0000 40911.0000
9958.0000 21086.0000 40846.0000
9945.0000 21398.0000 40729.0000
9893.0000 21463.0000 40716.0000
9906.0000 21658.0000 40651.0000
9919.0000 21658.0000 40703.0000
9958.0000 21697.0000 40729.0000
9997.0000 21736.0000 40768.0000
9997.0000 22035.0000 40651.0000
10023.0000 22178.0000 40664.0000
10062.0000 22178.0000 40677.0000
10088.0000 22217.0000 40729.0000
10127.0000 22438.0000 40690.0000
