31486.0000 -260.0000 46566.0000
31447.0000 -429.0000 46579.0000
31291.0000 -611.0000 46579.0000
31252.0000 -832.0000 46566.0000
31174.0000 -1105.0000 46566.0000
31109.0000 -1274.0000 46566.0000
31057.0000 -1521.0000 46579.0000
30979.0000 -1599.0000 46579.0000
30927.0000 -1833.0000 46566.0000
30849.0000 -2002.0000 46540.0000
30758.0000 -2223.0000 46553.0000
30706.0000 -2483.0000 46566.0000
30602.0000 -2639.0000 46553.0000
30511.0000 -2795.0000 46566.0000
30407.0000 -3016.0000 46566.0000
30381.0000 -3224.0000 46553.0000
30225.0000 -3445.0000 46553.0000
30160.0000 -3653.0000 46553.0000
30030.0000 -3822.0000 46540.0000
29939.0000 -4043.0000 46566.0000
29809.0000 -4238.0000 46540.0000
29718.0000 -4485.0000 46527.0000
29562.0000 -4693.0000 46514.0000
29471.0000 -4862.0000 46540.0000
29341.0000 -5083.0000 46527.0000
29198.0000 -5278.0000 46540.0000
29042.0000 -5460.0000 46514.0000
28899.0000 -5733.0000 46501.0000
28769.0000 -5954.0000 46488.0000
28587.0000 -6123.0000 46514.0000
28444.0000 -6292.0000 46475.0000
28314.0000 -6487.0000 46501.0000
28106.0000 -6721.0000 46436.0000
27976.0000 -6916.0000 46449.0000
27807.0000 -7059.0000 46397.0000
27664.0000 -7293.0000 46475.0000
27521.0000 -7436.0000 46410.0000
27339.0000 -7592.0000 46436.0000
27144.0000 -7800.0000 46371.0000
27014.0000 -7969.0000 46384.0000
26858.0000 -8164.0000 46319.0000
26637.0000 -8307.0000 46345.0000
26468.0000 -8515.0000 46280.0000
26299.0000 -8606.0000 46306.0000
26091.0000 -8736.0000 46306.0000
25948.0000 -8918.0000 46306.0000
25701.0000 -9074.0000 46280.0000
25545.0000 -9178.0000 46306.0000
25298.0000 -9321.0000 46254.0000
25090.0000 -9464.0000 46293.0000
24830.0000 -9607.0000 46280.0000
24648.0000 -9763.0000 46293.0000
24375.0000 -9880.0000 46254.0000
24193.0000 -10036.0000 46293.0000
23920.0000 -10153.0000 46215.0000
23738.0000 -10257.0000 46280.0000
23452.0000 -10426.0000 46202.0000
23231.0000 -10491.0000 46280.0000
23010.0000 -10608.0000 46228.0000
22763.0000 -10647.0000 46280.0000
22516.0000 -10712.0000 46228.0000
22308.0000 -10816.0000 46306.0000
22061.0000 -10946.0000 46215.0000
21840.0000 -10998.0000 46280.0000
21606.0000 -11115.0000 46228.0000
21346.0000 -11154.0000 46280.0000
21073.0000 -11284.0000 46241.0000
20865.0000 -11362.0000 46293.0000
20618.0000 -11440.0000 46241.0000
20397.0000 -11492.0000 46293.0000
20111.0000 -11557.0000 46254.0000
19903.0000 -11583.0000 46280.0000
19656.0000 -11622.0000 46241.0000
19448.0000 -11648.0000 46306.0000
19188.0000 -11648.0000 46293.0000
18993.0000 -11674.0000 46358.0000
18746.0000 -11674.0000 46345.0000
18551.0000 -11687.0000 46397.0000
18317.0000 -11765.0000 46358.0000
18174.0000 -11778.0000 46423.0000
17914.0000 -11791.0000 46384.0000
17732.0000 -11843.0000 46436.0000
17511.0000 -11843.0000 46410.0000
17290.0000 -11869.0000 46501.0000
17082.0000 -11882.0000 46449.0000
16913.0000 -11921.0000 46592.0000
16731.0000 -11843.0000 46475.0000
16484.0000 -11895.0000 46553.0000
16263.0000 -11843.0000 46475.0000
16055.0000 -11791.0000 46579.0000
15886.0000 -11856.0000 46540.0000
15717.0000 -11804.0000 46644.0000
15535.0000 -11830.0000 46592.0000
15392.0000 -11830.0000 46631.0000
15210.0000 -11804.0000 46579.0000
15067.0000 -11791.0000 46657.0000
14911.0000 -11752.0000 46618.0000
14742.0000 -11752.0000 46631.0000
14547.0000 -11713.0000 46644.0000
14391.0000 -11726.0000 46696.0000
