49400.0000 76492.0000 61360.0000
50401.0000 72046.0000 64662.0000
51142.0000 68016.0000 67093.0000
51701.0000 64220.0000 68705.0000
51740.0000 60164.0000 69745.0000
51415.0000 56264.0000 70226.0000
50752.0000 52585.0000 70070.0000
49855.0000 49127.0000 69420.0000
48698.0000 45968.0000 68614.0000
47710.0000 43238.0000 67730.0000
46774.0000 40950.0000 66482.0000
45825.0000 38974.0000 65091.0000
44759.0000 37219.0000 63622.0000
43758.0000 35659.0000 62283.0000
42809.0000 34372.0000 60801.0000
41938.0000 33397.0000 59345.0000
41158.0000 32500.0000 57915.0000
40430.0000 31772.0000 56615.0000
39754.0000 31226.0000 55263.0000
39208.0000 30823.0000 53989.0000
38662.0000 30407.0000 52754.0000
38168.0000 30134.0000 51688.0000
37687.0000 29874.0000 50622.0000
37258.0000 29809.0000 49569.0000
36855.0000 29731.0000 48607.0000
36517.0000 29718.0000 47801.0000
36205.0000 29705.0000 46917.0000
35997.0000 29770.0000 46098.0000
35724.0000 29874.0000 45344.0000
35477.0000 29991.0000 44707.0000
35282.0000 30004.0000 44044.0000
35126.0000 30212.0000 43407.0000
34970.0000 30368.0000 42861.0000
34853.0000 30446.0000 42393.0000
34788.0000 30537.0000 41886.0000
34749.0000 30888.0000 41301.0000
34619.0000 31096.0000 40885.0000
34554.0000 31122.0000 40560.0000
34476.0000 31356.0000 40131.0000
34450.0000 31603.0000 39793.0000
34385.0000 31681.0000 39559.0000
34372.0000 31811.0000 39338.0000
34307.0000 32019.0000 38987.0000
34320.0000 32188.0000 38766.0000
34281.0000 32318.0000 38519.0000
34242.0000 32539.0000 38311.0000
34255.0000 32604.0000 38129.0000
34294.0000 32721.0000 38051.0000
34268.0000 32812.0000 37895.0000
34294.0000 32968.0000 37713.0000
34307.0000 33111.0000 37557.0000
34320.0000 33189.0000 37440.0000
34320.0000 33332.0000 37284.0000
34385.0000 33423.0000 37193.0000
34398.0000 33462.0000 37180.0000
34424.0000 33566.0000 37089.0000
34437.0000 33683.0000 36972.0000
34463.0000 33865.0000 36829.0000
34476.0000 33917.0000 36712.0000
34515.0000 33995.0000 36699.0000
34567.0000 34086.0000 36582.0000
34567.0000 34164.0000 36582.0000
34580.0000 34216.0000 36530.0000
34593.0000 34294.0000 36452.0000
34593.0000 34437.0000 36374.0000
34593.0000 34528.0000 36309.0000
34632.0000 34515.0000 36296.0000
34684.0000 34567.0000 36257.0000
34658.0000 34658.0000 36257.0000
34749.0000 34697.0000 36296.0000
34749.0000 34762.0000 36153.0000
34801.0000 34983.0000 36062.0000
34801.0000 35087.0000 35997.0000
34879.0000 35061.0000 36036.0000
34918.0000 35113.0000 35932.0000
34957.0000 35204.0000 36036.0000
35035.0000 35230.0000 36010.0000
35022.0000 35308.0000 35971.0000
35074.0000 35490.0000 35841.0000
35074.0000 35555.0000 35893.0000
35165.0000 35503.0000 35932.0000
35269.0000 35594.0000 35880.0000
35334.0000 35711.0000 35867.0000
35438.0000 35724.0000 35893.0000
35516.0000 35854.0000 35789.0000
35620.0000 35997.0000 35724.0000
35659.0000 36036.0000 35737.0000
35828.0000 36023.0000 35776.0000
35880.0000 36127.0000 35685.0000
35945.0000 36231.0000 35698.0000
35997.0000 36283.0000 35633.0000
36062.0000 36504.0000 35620.0000
36127.0000 36543.0000 35646.0000
36192.0000 36621.0000 35698.0000
36257.0000 36751.0000 35607.0000
36322.0000 36881.0000 35607.0000
36400.0000 36907.0000 35698.0000
36491.0000 37037.0000 35672.0000
36543.0000 37180.0000 35685.0000
36621.0000 37323.0000 35685.0000
