299.0000 -10504.0000 70486.0000
533.0000 -10348.0000 70525.0000
754.0000 -10166.0000 70538.0000
1040.0000 -10179.0000 70538.0000
1313.0000 -9906.0000 70564.0000
1573.0000 -9763.0000 70525.0000
1833.0000 -9594.0000 70499.0000
2106.0000 -9386.0000 70460.0000
2366.0000 -9165.0000 70460.0000
2613.0000 -9022.0000 70434.0000
2899.0000 -8853.0000 70382.0000
3263.0000 -8489.0000 70330.0000
3562.0000 -8203.0000 70343.0000
3900.0000 -7852.0000 70304.0000
4212.0000 -7839.0000 70278.0000
4576.0000 -7436.0000 70239.0000
4966.0000 -6760.0000 70291.0000
5369.0000 -6292.0000 70369.0000
5707.0000 -5902.0000 70512.0000
6110.0000 -5434.0000 70707.0000
6552.0000 -4745.0000 70889.0000
7150.0000 -4095.0000 71136.0000
7644.0000 -3354.0000 71513.0000
8203.0000 -2847.0000 71916.0000
8775.0000 -2223.0000 72436.0000
9438.0000 -1495.0000 73047.0000
10075.0000 -741.0000 73775.0000
10803.0000 -286.0000 74633.0000
11479.0000 299.0000 75608.0000
12350.0000 728.0000 76622.0000
13260.0000 1313.0000 77792.0000
14183.0000 1599.0000 79092.0000
15041.0000 1573.0000 80522.0000
15964.0000 1391.0000 82043.0000
16952.0000 1287.0000 83668.0000
17862.0000 806.0000 85410.0000
18616.0000 -221.0000 87087.0000
19188.0000 -1547.0000 88816.0000
19695.0000 -3224.0000 90480.0000
19994.0000 -4732.0000 92040.0000
19890.0000 -7046.0000 93431.0000
19266.0000 -9802.0000 94575.0000
18291.0000 -12857.0000 95420.0000
16939.0000 -15418.0000 96031.0000
15106.0000 -18408.0000 96148.0000
12766.0000 -21216.0000 95849.0000
10101.0000 -24258.0000 95082.0000
7397.0000 -26546.0000 94107.0000
4667.0000 -27950.0000 92963.0000
2015.0000 -28951.0000 91572.0000
-416.0000 -29783.0000 89960.0000
-2444.0000 -30186.0000 88491.0000
-4017.0000 -29731.0000 87386.0000
-5122.0000 -28756.0000 86411.0000
-5785.0000 -27989.0000 85540.0000
-5889.0000 -27443.0000 84890.0000
-5746.0000 -26949.0000 84409.0000
-5304.0000 -26078.0000 84357.0000
-4680.0000 -25714.0000 84253.0000
-3926.0000 -25753.0000 84253.0000
-3120.0000 -25792.0000 84383.0000
-2275.0000 -26065.0000 84539.0000
-1443.0000 -26182.0000 84721.0000
-676.0000 -26585.0000 84799.0000
39.0000 -27196.0000 84851.0000
754.0000 -27976.0000 84838.0000
1378.0000 -28275.0000 84916.0000
1924.0000 -28873.0000 84903.0000
2392.0000 -29536.0000 84799.0000
2821.0000 -30186.0000 84708.0000
3185.0000 -30823.0000 84565.0000
3588.0000 -31681.0000 84331.0000
3835.0000 -32175.0000 84123.0000
4043.0000 -32721.0000 83928.0000
4186.0000 -33150.0000 83655.0000
4316.0000 -33917.0000 83382.0000
4277.0000 -34307.0000 83083.0000
4251.0000 -34879.0000 82771.0000
4186.0000 -35308.0000 82511.0000
4173.0000 -35763.0000 82238.0000
4056.0000 -35919.0000 81991.0000
3913.0000 -36387.0000 81692.0000
3718.0000 -36699.0000 81393.0000
3588.0000 -37219.0000 81042.0000
3367.0000 -37245.0000 80912.0000
3120.0000 -37635.0000 80717.0000
2912.0000 -37674.0000 80457.0000
2678.0000 -38090.0000 80171.0000
2418.0000 -38077.0000 80067.0000
2171.0000 -38324.0000 79820.0000
1872.0000 -38402.0000 79612.0000
1612.0000 -38623.0000 79378.0000
1287.0000 -38688.0000 79261.0000
988.0000 -38948.0000 79040.0000
598.0000 -39091.0000 78832.0000
299.0000 -39234.0000 78689.0000
39.0000 -39403.0000 78507.0000
-247.0000 -39494.0000 78273.0000
-637.0000 -39624.0000 78039.0000
-988.0000 -39832.0000 77805.0000
