34190.0000 42796.0000 53131.0000
34125.0000 42718.0000 53118.0000
34125.0000 42627.0000 53157.0000
34034.0000 42458.0000 53157.0000
34034.0000 42341.0000 53222.0000
34021.0000 42237.0000 53235.0000
33995.0000 42107.0000 53352.0000
34008.0000 41977.0000 53404.0000
33995.0000 41834.0000 53430.0000
33995.0000 41769.0000 53482.0000
34021.0000 41509.0000 53586.0000
33969.0000 41340.0000 53664.0000
33956.0000 41171.0000 53703.0000
33904.0000 41054.0000 53742.0000
33904.0000 40924.0000 53807.0000
33852.0000 40703.0000 53833.0000
33839.0000 40547.0000 53885.0000
33813.0000 40391.0000 53872.0000
33761.0000 40274.0000 53911.0000
33748.0000 40144.0000 53924.0000
33696.0000 39988.0000 53963.0000
33683.0000 39910.0000 53937.0000
33657.0000 39663.0000 54002.0000
33657.0000 39494.0000 54028.0000
33670.0000 39325.0000 54080.0000
33605.0000 39169.0000 54106.0000
33592.0000 38922.0000 54171.0000
33540.0000 38740.0000 54158.0000
33514.0000 38597.0000 54184.0000
33462.0000 38389.0000 54197.0000
33436.0000 38324.0000 54158.0000
33436.0000 38155.0000 54132.0000
33384.0000 37973.0000 54132.0000
33371.0000 37817.0000 54106.0000
33280.0000 37583.0000 54158.0000
33254.0000 37479.0000 54158.0000
33280.0000 37323.0000 54106.0000
33228.0000 37076.0000 54106.0000
33254.0000 36855.0000 54145.0000
33215.0000 36634.0000 54145.0000
33176.0000 36400.0000 54158.0000
33098.0000 36231.0000 54132.0000
33085.0000 35984.0000 54119.0000
33033.0000 35815.0000 54015.0000
33033.0000 35646.0000 53976.0000
32955.0000 35464.0000 53872.0000
32877.0000 35347.0000 53833.0000
32825.0000 35113.0000 53755.0000
32773.0000 34944.0000 53703.0000
32773.0000 34749.0000 53547.0000
32721.0000 34580.0000 53534.0000
32669.0000 34372.0000 53456.0000
32617.0000 34138.0000 53417.0000
32539.0000 34073.0000 53235.0000
32552.0000 33891.0000 53118.0000
32487.0000 33735.0000 53014.0000
32461.0000 33540.0000 52936.0000
32331.0000 33436.0000 52806.0000
32331.0000 33345.0000 52676.0000
32305.0000 33189.0000 52507.0000
32253.0000 32890.0000 52442.0000
32227.0000 32656.0000 52273.0000
32175.0000 32669.0000 52117.0000
32175.0000 32617.0000 51883.0000
32110.0000 32539.0000 51779.0000
32045.0000 32370.0000 51636.0000
31954.0000 32253.0000 51558.0000
31889.0000 32175.0000 51363.0000
31876.0000 32084.0000 51246.0000
31785.0000 32006.0000 51077.0000
31720.0000 31941.0000 51012.0000
31603.0000 32019.0000 50791.0000
31538.0000 32006.0000 50635.0000
31408.0000 32071.0000 50453.0000
31278.0000 32071.0000 50310.0000
31148.0000 32084.0000 50141.0000
31070.0000 32123.0000 49959.0000
30940.0000 32084.0000 49868.0000
30810.0000 32097.0000 49751.0000
30680.0000 32084.0000 49608.0000
30563.0000 32149.0000 49491.0000
30433.0000 32201.0000 49335.0000
30264.0000 32240.0000 49257.0000
30108.0000 32279.0000 49088.0000
30004.0000 32357.0000 49010.0000
29874.0000 32409.0000 48945.0000
29757.0000 32461.0000 48854.0000
29549.0000 32526.0000 48737.0000
29432.0000 32552.0000 48633.0000
29289.0000 32656.0000 48464.0000
29146.0000 32812.0000 48334.0000
28951.0000 32890.0000 48230.0000
28847.0000 32877.0000 48178.0000
28717.0000 32942.0000 48035.0000
28652.0000 33007.0000 47931.0000
28496.0000 32955.0000 47866.0000
28353.0000 33007.0000 47814.0000
28223.0000 33007.0000 47684.0000
28184.0000 33046.0000 47606.0000
28132.0000 33072.0000 47463.0000
