21736.0000 36179.0000 33098.0000
21567.0000 36972.0000 32864.0000
21528.0000 37427.0000 32929.0000
21385.0000 38168.0000 32812.0000
21385.0000 38649.0000 32721.0000
21333.0000 39130.0000 33007.0000
21333.0000 39715.0000 32929.0000
21385.0000 40183.0000 33176.0000
21424.0000 40651.0000 33098.0000
21463.0000 41106.0000 33384.0000
21515.0000 41678.0000 33345.0000
21619.0000 42016.0000 33605.0000
21723.0000 42419.0000 33540.0000
21853.0000 42783.0000 33761.0000
21996.0000 43290.0000 33774.0000
22308.0000 43472.0000 34034.0000
22464.0000 43849.0000 34047.0000
22685.0000 44187.0000 34034.0000
22906.0000 44473.0000 34112.0000
23114.0000 44681.0000 34138.0000
23283.0000 44941.0000 34229.0000
23452.0000 45279.0000 34294.0000
23699.0000 45435.0000 34398.0000
23881.0000 45812.0000 34112.0000
24063.0000 45929.0000 34242.0000
24206.0000 46176.0000 34307.0000
24505.0000 46254.0000 34294.0000
24596.0000 46683.0000 34268.0000
24739.0000 47034.0000 34099.0000
24999.0000 47125.0000 34255.0000
25142.0000 47515.0000 33891.0000
25285.0000 47736.0000 33969.0000
25363.0000 48022.0000 33878.0000
25584.0000 48126.0000 33943.0000
25610.0000 48594.0000 33657.0000
25701.0000 48802.0000 33553.0000
25779.0000 49088.0000 33514.0000
25935.0000 49374.0000 33293.0000
25961.0000 49595.0000 33215.0000
25974.0000 49972.0000 33098.0000
26052.0000 50206.0000 33085.0000
26117.0000 50622.0000 32760.0000
26130.0000 51142.0000 32474.0000
26182.0000 51701.0000 32370.0000
26377.0000 52117.0000 32331.0000
26429.0000 52702.0000 32383.0000
26520.0000 53248.0000 32357.0000
26598.0000 53911.0000 32500.0000
26728.0000 54691.0000 32422.0000
26832.0000 55445.0000 32760.0000
26923.0000 56121.0000 33189.0000
27144.0000 56680.0000 33761.0000
27248.0000 57330.0000 34034.0000
27443.0000 57993.0000 34463.0000
27521.0000 58539.0000 35009.0000
27807.0000 58968.0000 35750.0000
27924.0000 59410.0000 36413.0000
28171.0000 59826.0000 36946.0000
28301.0000 60138.0000 37544.0000
28561.0000 60359.0000 38090.0000
28665.0000 60619.0000 38753.0000
28808.0000 60892.0000 39286.0000
28938.0000 60957.0000 40040.0000
29211.0000 61061.0000 40612.0000
29302.0000 61191.0000 41171.0000
29432.0000 61347.0000 41639.0000
29523.0000 61347.0000 42289.0000
29731.0000 61386.0000 42770.0000
29822.0000 61386.0000 43238.0000
29939.0000 61581.0000 43667.0000
30160.0000 61516.0000 44213.0000
30329.0000 61503.0000 44707.0000
30446.0000 61464.0000 44993.0000
30602.0000 61464.0000 45370.0000
30680.0000 61347.0000 45721.0000
30771.0000 61269.0000 46163.0000
30797.0000 61282.0000 46540.0000
30862.0000 61100.0000 46904.0000
30849.0000 61126.0000 46982.0000
30940.0000 60996.0000 47255.0000
30758.0000 60866.0000 47528.0000
30927.0000 60593.0000 47918.0000
30758.0000 60593.0000 48074.0000
30784.0000 60736.0000 48074.0000
30693.0000 60710.0000 48139.0000
30706.0000 60801.0000 48126.0000
30615.0000 60866.0000 48191.0000
30485.0000 60970.0000 48334.0000
30381.0000 61009.0000 48464.0000
30316.0000 61334.0000 48451.0000
30160.0000 61438.0000 48490.0000
30017.0000 61880.0000 48295.0000
29913.0000 62036.0000 48373.0000
29770.0000 62270.0000 48659.0000
29549.0000 62660.0000 48633.0000
29419.0000 62842.0000 48997.0000
29263.0000 63206.0000 48815.0000
29068.0000 63648.0000 49101.0000
28860.0000 64116.0000 49179.0000
28795.0000 64363.0000 49608.0000
