-26988.0000 10426.0000 83863.0000
-27001.0000 10023.0000 84383.0000
-27131.0000 9490.0000 84916.0000
-27209.0000 8944.0000 85410.0000
-27274.0000 8541.0000 85943.0000
-27287.0000 8242.0000 86398.0000
-27391.0000 7709.0000 86853.0000
-27469.0000 7137.0000 87269.0000
-27586.0000 6487.0000 87646.0000
-27599.0000 5967.0000 88036.0000
-27716.0000 5447.0000 88478.0000
-27781.0000 4953.0000 88894.0000
-27963.0000 4394.0000 89245.0000
-27976.0000 3939.0000 89544.0000
-28015.0000 3224.0000 89856.0000
-27989.0000 2535.0000 90181.0000
-28067.0000 1963.0000 90480.0000
-28080.0000 1417.0000 90701.0000
-28145.0000 832.0000 90909.0000
-28119.0000 117.0000 91065.0000
-28184.0000 -637.0000 91221.0000
-28184.0000 -1170.0000 91416.0000
-28197.0000 -1768.0000 91650.0000
-28119.0000 -2314.0000 91689.0000
-28158.0000 -3029.0000 91754.0000
-28158.0000 -3705.0000 91754.0000
-28171.0000 -4433.0000 91793.0000
-28132.0000 -5057.0000 91819.0000
-28158.0000 -5707.0000 91923.0000
-28210.0000 -6214.0000 91897.0000
-28223.0000 -6838.0000 91832.0000
-28171.0000 -7644.0000 91715.0000
-28145.0000 -8385.0000 91637.0000
-28119.0000 -8866.0000 91598.0000
-28171.0000 -9373.0000 91598.0000
-28119.0000 -9906.0000 91520.0000
-28106.0000 -10556.0000 91364.0000
-28028.0000 -11232.0000 91195.0000
-28054.0000 -11947.0000 91091.0000
-27976.0000 -12428.0000 90961.0000
-27924.0000 -12974.0000 90857.0000
-27846.0000 -13455.0000 90701.0000
-27898.0000 -13975.0000 90480.0000
-27833.0000 -14560.0000 90233.0000
-27768.0000 -15145.0000 90038.0000
-27677.0000 -15691.0000 89739.0000
-27638.0000 -16250.0000 89570.0000
-27625.0000 -16770.0000 89310.0000
-27560.0000 -17225.0000 89076.0000
-27430.0000 -17745.0000 88816.0000
-27339.0000 -18369.0000 88504.0000
-27287.0000 -18941.0000 88153.0000
-27248.0000 -19578.0000 87880.0000
-27170.0000 -20215.0000 87568.0000
-27001.0000 -20813.0000 87282.0000
-26910.0000 -21346.0000 86905.0000
-26793.0000 -21892.0000 86593.0000
-26728.0000 -22516.0000 86255.0000
-26559.0000 -22958.0000 86047.0000
-26403.0000 -23426.0000 85696.0000
-26195.0000 -23946.0000 85358.0000
-26130.0000 -24453.0000 85007.0000
-26013.0000 -24869.0000 84721.0000
-25870.0000 -25376.0000 84409.0000
-25675.0000 -25766.0000 84162.0000
-25506.0000 -26299.0000 83720.0000
-25389.0000 -26884.0000 83291.0000
-25272.0000 -27352.0000 82966.0000
-25103.0000 -27599.0000 82732.0000
-24921.0000 -28067.0000 82355.0000
-24674.0000 -28535.0000 81952.0000
-24492.0000 -29003.0000 81588.0000
-24310.0000 -29471.0000 81341.0000
-24037.0000 -29835.0000 80938.0000
-23816.0000 -30251.0000 80587.0000
-23556.0000 -30693.0000 80171.0000
-23309.0000 -31252.0000 79716.0000
-23049.0000 -31694.0000 79326.0000
-22815.0000 -31967.0000 79066.0000
-22529.0000 -32318.0000 78650.0000
-22243.0000 -32812.0000 78234.0000
-22009.0000 -33189.0000 77779.0000
-21762.0000 -33670.0000 77428.0000
-21463.0000 -34021.0000 77064.0000
-21151.0000 -34372.0000 76687.0000
-20826.0000 -34775.0000 76206.0000
-20553.0000 -35243.0000 75842.0000
-20293.0000 -35529.0000 75517.0000
-20007.0000 -35802.0000 75231.0000
-19682.0000 -35997.0000 74893.0000
-19318.0000 -36439.0000 74490.0000
-19045.0000 -36738.0000 74100.0000
-18733.0000 -37076.0000 73814.0000
-18486.0000 -37271.0000 73515.0000
-18122.0000 -37531.0000 73229.0000
-17784.0000 -37791.0000 72800.0000
-17524.0000 -38142.0000 72449.0000
-17238.0000 -38415.0000 72124.0000
-16913.0000 -38753.0000 71812.0000
-16640.0000 -38870.0000 71526.0000
