-14820.0000 2444.0000 57226.0000
-14807.0000 2288.0000 57239.0000
-14768.0000 2379.0000 57252.0000
-14729.0000 2340.0000 57200.0000
-14755.0000 2353.0000 57148.0000
-14755.0000 2249.0000 57187.0000
-14755.0000 2327.0000 57161.0000
-14768.0000 2288.0000 57174.0000
-14781.0000 2353.0000 57122.0000
-14742.0000 2236.0000 57109.0000
-14794.0000 2288.0000 57083.0000
-14755.0000 2197.0000 57096.0000
-14768.0000 2223.0000 57057.0000
-14729.0000 2145.0000 57070.0000
-14768.0000 2171.0000 57018.0000
-14677.0000 2106.0000 57044.0000
-14729.0000 2171.0000 57005.0000
-14677.0000 2184.0000 57018.0000
-14716.0000 2249.0000 56966.0000
-14651.0000 2210.0000 57005.0000
-14716.0000 2184.0000 56927.0000
-14664.0000 2119.0000 56940.0000
-14729.0000 2197.0000 56875.0000
-14651.0000 2067.0000 56901.0000
-14716.0000 1976.0000 56836.0000
-14638.0000 1885.0000 56862.0000
-14729.0000 1937.0000 56810.0000
-14625.0000 1820.0000 56836.0000
-14716.0000 1846.0000 56771.0000
-14625.0000 1807.0000 56784.0000
-14703.0000 1807.0000 56706.0000
-14625.0000 1690.0000 56745.0000
-14690.0000 1807.0000 56693.0000
-14612.0000 1755.0000 56706.0000
-14677.0000 1794.0000 56654.0000
-14586.0000 1742.0000 56719.0000
-14664.0000 1846.0000 56654.0000
-14547.0000 1820.0000 56680.0000
-14625.0000 1807.0000 56628.0000
-14534.0000 1794.0000 56615.0000
-14651.0000 1833.0000 56576.0000
-14508.0000 1742.0000 56589.0000
-14664.0000 1742.0000 56524.0000
-14521.0000 1755.0000 56537.0000
-14690.0000 1781.0000 56524.0000
-14573.0000 1768.0000 56537.0000
-14755.0000 1781.0000 56498.0000
-14573.0000 1755.0000 56524.0000
-14755.0000 1768.0000 56446.0000
-14586.0000 1729.0000 56498.0000
-14781.0000 1768.0000 56446.0000
-14586.0000 1716.0000 56498.0000
-14742.0000 1690.0000 56498.0000
-14560.0000 1729.0000 56459.0000
-14755.0000 1690.0000 56394.0000
-14534.0000 1664.0000 56420.0000
-14716.0000 1677.0000 56381.0000
-14534.0000 1664.0000 56407.0000
-14677.0000 1664.0000 56355.0000
-14469.0000 1638.0000 56381.0000
-14638.0000 1599.0000 56303.0000
-14456.0000 1586.0000 56355.0000
-14625.0000 1547.0000 56290.0000
-14456.0000 1560.0000 56303.0000
-14664.0000 1547.0000 56264.0000
-14482.0000 1547.0000 56251.0000
-14716.0000 1508.0000 56238.0000
-14534.0000 1560.0000 56225.0000
-14768.0000 1547.0000 56199.0000
-14560.0000 1534.0000 56212.0000
-14768.0000 1508.0000 56186.0000
-14534.0000 1521.0000 56173.0000
-14768.0000 1456.0000 56160.0000
-14521.0000 1508.0000 56134.0000
-14755.0000 1469.0000 56134.0000
-14508.0000 1482.0000 56095.0000
-14729.0000 1430.0000 56082.0000
-14482.0000 1443.0000 56043.0000
-14677.0000 1365.0000 56056.0000
-14469.0000 1352.0000 55991.0000
-14677.0000 1261.0000 56004.0000
-14430.0000 1326.0000 55978.0000
-14664.0000 1274.0000 55965.0000
-14430.0000 1339.0000 55952.0000
-14690.0000 1248.0000 55952.0000
-14482.0000 1313.0000 55887.0000
-14716.0000 1248.0000 55913.0000
-14495.0000 1313.0000 55861.0000
-14768.0000 1170.0000 55887.0000
-14521.0000 1261.0000 55874.0000
-14768.0000 1157.0000 55874.0000
-14534.0000 1183.0000 55809.0000
-14807.0000 1118.0000 55874.0000
-14534.0000 1170.0000 55796.0000
-14703.0000 1040.0000 55861.0000
-14482.0000 1183.0000 55770.0000
-14677.0000 1001.0000 55809.0000
-14469.0000 1066.0000 55705.0000
-14703.0000 897.0000 55783.0000
-14469.0000 1053.0000 55653.0000
