273.0000 24557.0000 64597.0000
624.0000 24505.0000 64701.0000
988.0000 24609.0000 64727.0000
1261.0000 24648.0000 64857.0000
1573.0000 24440.0000 64883.0000
1898.0000 24388.0000 64948.0000
2184.0000 24401.0000 64961.0000
2535.0000 24310.0000 65039.0000
2873.0000 24271.0000 65000.0000
3094.0000 24206.0000 65013.0000
3341.0000 24037.0000 64987.0000
3653.0000 23920.0000 64974.0000
3900.0000 23803.0000 64974.0000
4212.0000 23686.0000 64896.0000
4446.0000 23595.0000 64805.0000
4667.0000 23478.0000 64779.0000
4875.0000 23296.0000 64688.0000
5148.0000 23153.0000 64610.0000
5356.0000 23088.0000 64506.0000
5577.0000 23140.0000 64389.0000
5798.0000 22828.0000 64285.0000
5980.0000 22646.0000 64194.0000
6123.0000 22360.0000 64090.0000
6292.0000 22139.0000 63973.0000
6448.0000 22022.0000 63804.0000
6591.0000 21853.0000 63687.0000
6747.0000 21528.0000 63544.0000
6864.0000 21372.0000 63401.0000
6955.0000 21151.0000 63245.0000
7059.0000 21008.0000 63063.0000
7150.0000 20748.0000 62855.0000
7254.0000 20618.0000 62699.0000
7319.0000 20358.0000 62504.0000
7371.0000 20137.0000 62335.0000
7436.0000 19890.0000 62088.0000
7488.0000 19799.0000 61880.0000
7540.0000 19513.0000 61594.0000
7540.0000 19383.0000 61425.0000
7605.0000 19149.0000 61152.0000
7592.0000 19032.0000 60931.0000
7592.0000 18785.0000 60671.0000
7605.0000 18629.0000 60424.0000
7592.0000 18486.0000 60099.0000
7566.0000 18330.0000 59852.0000
7501.0000 18135.0000 59553.0000
7475.0000 17927.0000 59306.0000
7410.0000 17771.0000 58968.0000
7345.0000 17654.0000 58669.0000
7241.0000 17524.0000 58357.0000
7150.0000 17329.0000 58071.0000
7033.0000 17212.0000 57668.0000
6929.0000 17173.0000 57369.0000
6799.0000 17056.0000 57044.0000
6708.0000 16939.0000 56732.0000
6604.0000 16874.0000 56407.0000
6487.0000 16757.0000 56121.0000
6318.0000 16575.0000 55822.0000
6188.0000 16497.0000 55497.0000
6058.0000 16419.0000 55159.0000
5954.0000 16393.0000 54873.0000
5785.0000 16315.0000 54574.0000
5655.0000 16263.0000 54275.0000
5460.0000 16211.0000 54002.0000
5382.0000 16237.0000 53664.0000
5135.0000 16068.0000 53339.0000
4966.0000 16055.0000 53014.0000
4823.0000 16055.0000 52728.0000
4667.0000 16081.0000 52481.0000
4459.0000 16003.0000 52143.0000
4290.0000 16042.0000 51870.0000
4095.0000 16068.0000 51532.0000
3900.0000 16133.0000 51298.0000
3705.0000 16042.0000 50999.0000
3510.0000 16094.0000 50726.0000
3328.0000 16094.0000 50388.0000
3133.0000 16211.0000 50102.0000
2925.0000 16250.0000 49803.0000
2704.0000 16289.0000 49582.0000
2522.0000 16302.0000 49270.0000
2327.0000 16393.0000 49023.0000
2106.0000 16432.0000 48724.0000
1924.0000 16484.0000 48503.0000
1742.0000 16549.0000 48217.0000
1560.0000 16627.0000 47970.0000
1378.0000 16783.0000 47710.0000
1183.0000 16796.0000 47476.0000
988.0000 16926.0000 47177.0000
780.0000 16965.0000 46982.0000
611.0000 17121.0000 46722.0000
442.0000 17238.0000 46488.0000
260.0000 17290.0000 46267.0000
130.0000 17407.0000 46059.0000
-52.0000 17498.0000 45864.0000
-169.0000 17667.0000 45643.0000
-338.0000 17784.0000 45409.0000
-520.0000 17914.0000 45227.0000
-676.0000 18018.0000 45045.0000
-819.0000 18174.0000 44876.0000
-975.0000 18369.0000 44629.0000
-1105.0000 18564.0000 44447.0000
