27131.0000 43849.0000 52650.0000
27118.0000 43810.0000 52676.0000
27157.0000 43732.0000 52689.0000
27131.0000 43680.0000 52689.0000
27157.0000 43589.0000 52715.0000
27131.0000 43563.0000 52715.0000
27196.0000 43446.0000 52754.0000
27144.0000 43433.0000 52741.0000
27235.0000 43355.0000 52741.0000
27170.0000 43329.0000 52780.0000
27261.0000 43225.0000 52780.0000
27248.0000 43186.0000 52767.0000
27274.0000 43121.0000 52806.0000
27287.0000 43030.0000 52806.0000
27300.0000 43030.0000 52819.0000
27287.0000 42939.0000 52780.0000
27287.0000 42926.0000 52845.0000
27261.0000 42835.0000 52806.0000
27274.0000 42796.0000 52832.0000
27287.0000 42731.0000 52793.0000
27287.0000 42640.0000 52806.0000
27300.0000 42588.0000 52793.0000
27339.0000 42536.0000 52806.0000
27352.0000 42523.0000 52806.0000
27404.0000 42393.0000 52806.0000
27378.0000 42315.0000 52819.0000
27469.0000 42198.0000 52884.0000
27443.0000 42159.0000 52845.0000
27508.0000 42016.0000 52884.0000
27495.0000 41912.0000 52858.0000
27547.0000 41847.0000 52884.0000
27547.0000 41782.0000 52858.0000
27586.0000 41730.0000 52923.0000
27651.0000 41691.0000 52845.0000
27573.0000 41574.0000 52845.0000
27599.0000 41496.0000 52832.0000
27599.0000 41431.0000 52845.0000
27586.0000 41418.0000 52832.0000
27573.0000 41340.0000 52845.0000
27560.0000 41249.0000 52832.0000
27599.0000 41132.0000 52884.0000
27586.0000 41054.0000 52871.0000
27625.0000 41028.0000 52923.0000
27638.0000 40937.0000 52897.0000
27664.0000 40846.0000 52923.0000
27703.0000 40716.0000 52884.0000
27703.0000 40677.0000 52897.0000
27755.0000 40612.0000 52897.0000
27768.0000 40560.0000 52897.0000
27781.0000 40534.0000 52858.0000
27820.0000 40443.0000 52858.0000
27846.0000 40391.0000 52819.0000
27846.0000 40326.0000 52806.0000
27820.0000 40339.0000 52767.0000
27872.0000 40274.0000 52793.0000
27859.0000 40222.0000 52741.0000
27898.0000 40157.0000 52767.0000
27924.0000 40066.0000 52715.0000
27898.0000 40066.0000 52767.0000
27937.0000 39923.0000 52715.0000
27950.0000 39806.0000 52741.0000
27989.0000 39715.0000 52741.0000
28015.0000 39650.0000 52754.0000
28002.0000 39559.0000 52741.0000
28067.0000 39455.0000 52728.0000
28054.0000 39351.0000 52689.0000
28106.0000 39299.0000 52715.0000
28093.0000 39221.0000 52663.0000
28093.0000 39234.0000 52676.0000
28132.0000 39078.0000 52624.0000
28145.0000 39013.0000 52637.0000
28119.0000 38948.0000 52611.0000
28132.0000 38870.0000 52624.0000
28132.0000 38766.0000 52611.0000
28171.0000 38636.0000 52611.0000
28158.0000 38584.0000 52585.0000
28197.0000 38506.0000 52598.0000
28171.0000 38402.0000 52572.0000
28223.0000 38298.0000 52585.0000
28236.0000 38207.0000 52546.0000
28249.0000 38168.0000 52559.0000
28288.0000 38051.0000 52520.0000
28301.0000 37986.0000 52572.0000
28379.0000 37908.0000 52468.0000
28366.0000 37817.0000 52455.0000
28392.0000 37713.0000 52390.0000
28444.0000 37687.0000 52351.0000
28470.0000 37583.0000 52286.0000
28509.0000 37466.0000 52299.0000
28496.0000 37388.0000 52260.0000
28561.0000 37349.0000 52234.0000
28561.0000 37167.0000 52169.0000
28600.0000 37115.0000 52208.0000
28626.0000 36985.0000 52143.0000
28678.0000 36920.0000 52117.0000
28704.0000 36777.0000 52091.0000
28730.0000 36660.0000 52091.0000
28782.0000 36504.0000 52026.0000
28808.0000 36426.0000 52026.0000
28847.0000 36322.0000 51948.0000
