-5993.0000 1222.0000 52819.0000
-6006.0000 1222.0000 52819.0000
-5954.0000 1196.0000 52832.0000
-5941.0000 1222.0000 52806.0000
-5889.0000 1183.0000 52819.0000
-5915.0000 1209.0000 52806.0000
-5889.0000 1235.0000 52806.0000
-5876.0000 1235.0000 52819.0000
-5850.0000 1274.0000 52806.0000
-5837.0000 1274.0000 52793.0000
-5798.0000 1274.0000 52793.0000
-5785.0000 1326.0000 52806.0000
-5759.0000 1300.0000 52819.0000
-5746.0000 1339.0000 52793.0000
-5746.0000 1391.0000 52806.0000
-5694.0000 1430.0000 52793.0000
-5681.0000 1456.0000 52793.0000
-5655.0000 1456.0000 52806.0000
-5603.0000 1443.0000 52806.0000
-5616.0000 1456.0000 52780.0000
-5564.0000 1495.0000 52793.0000
-5577.0000 1495.0000 52780.0000
-5525.0000 1534.0000 52819.0000
-5525.0000 1521.0000 52780.0000
-5473.0000 1456.0000 52819.0000
-5499.0000 1495.0000 52780.0000
-5499.0000 1495.0000 52806.0000
-5512.0000 1534.0000 52793.0000
-5512.0000 1534.0000 52806.0000
-5512.0000 1521.0000 52819.0000
-5486.0000 1534.0000 52819.0000
-5512.0000 1534.0000 52806.0000
-5473.0000 1534.0000 52871.0000
-5447.0000 1599.0000 52819.0000
-5460.0000 1612.0000 52858.0000
-5460.0000 1625.0000 52819.0000
-5382.0000 1599.0000 52871.0000
-5395.0000 1599.0000 52819.0000
-5356.0000 1612.0000 52871.0000
-5343.0000 1638.0000 52832.0000
-5304.0000 1638.0000 52884.0000
-5304.0000 1638.0000 52845.0000
-5278.0000 1586.0000 52884.0000
-5278.0000 1612.0000 52819.0000
-5213.0000 1612.0000 52832.0000
-5226.0000 1664.0000 52858.0000
-5200.0000 1651.0000 52871.0000
-5174.0000 1612.0000 52858.0000
-5135.0000 1638.0000 52858.0000
-5135.0000 1703.0000 52897.0000
-5096.0000 1755.0000 52884.0000
-5096.0000 1755.0000 52884.0000
-5070.0000 1742.0000 52936.0000
-5057.0000 1742.0000 52897.0000
-5018.0000 1807.0000 52949.0000
-4992.0000 1820.0000 52910.0000
-4966.0000 1820.0000 52936.0000
-4940.0000 1781.0000 52897.0000
-4914.0000 1820.0000 52923.0000
-4927.0000 1833.0000 52923.0000
-4862.0000 1833.0000 52923.0000
-4862.0000 1885.0000 52936.0000
-4849.0000 1846.0000 52936.0000
-4862.0000 1872.0000 52949.0000
-4836.0000 1937.0000 52962.0000
-4849.0000 1989.0000 52936.0000
-4849.0000 1963.0000 52962.0000
-4823.0000 1950.0000 52910.0000
-4810.0000 1976.0000 52962.0000
-4797.0000 1963.0000 52962.0000
-4745.0000 1976.0000 52949.0000
-4732.0000 1924.0000 52949.0000
-4693.0000 1937.0000 52962.0000
-4680.0000 1924.0000 52962.0000
-4654.0000 1937.0000 52988.0000
-4628.0000 1911.0000 52923.0000
-4576.0000 1937.0000 52975.0000
-4589.0000 1924.0000 52936.0000
-4537.0000 2015.0000 52988.0000
-4524.0000 2015.0000 52936.0000
-4485.0000 2028.0000 52988.0000
-4498.0000 2002.0000 52949.0000
-4485.0000 2054.0000 53027.0000
-4433.0000 2106.0000 52988.0000
-4459.0000 2093.0000 52988.0000
-4446.0000 2080.0000 52962.0000
-4433.0000 2158.0000 53014.0000
-4420.0000 2171.0000 52962.0000
-4394.0000 2184.0000 53014.0000
-4381.0000 2171.0000 52988.0000
-4381.0000 2262.0000 53027.0000
-4394.0000 2249.0000 52975.0000
-4368.0000 2249.0000 53014.0000
-4394.0000 2249.0000 52988.0000
-4381.0000 2301.0000 53027.0000
-4355.0000 2236.0000 53001.0000
-4368.0000 2249.0000 53053.0000
-4329.0000 2184.0000 53001.0000
-4329.0000 2236.0000 53053.0000
-4316.0000 2145.0000 53027.0000
