33358.0000 30615.0000 47697.0000
33371.0000 30537.0000 47762.0000
33371.0000 30316.0000 47723.0000
33332.0000 30277.0000 47710.0000
33241.0000 30238.0000 47658.0000
33267.0000 30160.0000 47632.0000
33215.0000 30043.0000 47593.0000
33150.0000 29965.0000 47606.0000
33046.0000 29926.0000 47502.0000
33046.0000 29848.0000 47463.0000
33033.0000 29783.0000 47372.0000
33072.0000 29679.0000 47359.0000
32981.0000 29653.0000 47281.0000
33007.0000 29588.0000 47333.0000
32916.0000 29588.0000 47177.0000
32903.0000 29588.0000 47086.0000
32799.0000 29523.0000 47073.0000
32812.0000 29562.0000 47021.0000
32682.0000 29445.0000 46956.0000
32721.0000 29536.0000 46891.0000
32669.0000 29523.0000 46813.0000
32682.0000 29445.0000 46761.0000
32591.0000 29562.0000 46631.0000
32578.0000 29523.0000 46592.0000
32500.0000 29523.0000 46527.0000
32539.0000 29458.0000 46527.0000
32526.0000 29510.0000 46358.0000
32565.0000 29601.0000 46384.0000
32513.0000 29718.0000 46241.0000
32591.0000 29705.0000 46241.0000
32552.0000 29614.0000 46202.0000
32617.0000 29705.0000 46111.0000
32539.0000 29887.0000 46059.0000
32591.0000 29991.0000 46020.0000
32487.0000 30030.0000 46033.0000
32500.0000 29887.0000 46111.0000
32435.0000 30160.0000 45942.0000
32474.0000 30303.0000 45877.0000
32396.0000 30381.0000 45864.0000
32435.0000 30446.0000 45890.0000
32357.0000 30342.0000 45981.0000
32370.0000 30550.0000 45786.0000
32344.0000 30641.0000 45760.0000
32331.0000 30771.0000 45825.0000
32318.0000 30628.0000 45929.0000
32331.0000 30615.0000 45955.0000
32318.0000 30784.0000 45760.0000
32305.0000 30992.0000 45760.0000
32279.0000 31031.0000 45760.0000
32227.0000 31057.0000 45838.0000
32123.0000 31044.0000 45929.0000
32149.0000 31213.0000 45929.0000
32032.0000 31330.0000 45916.0000
32006.0000 31382.0000 46007.0000
31876.0000 31538.0000 46033.0000
31850.0000 31486.0000 46202.0000
31772.0000 31798.0000 46176.0000
31720.0000 31928.0000 46254.0000
31564.0000 32084.0000 46371.0000
31499.0000 32370.0000 46423.0000
31382.0000 32643.0000 46527.0000
31343.0000 32734.0000 46735.0000
31252.0000 33163.0000 46774.0000
31135.0000 33527.0000 46891.0000
31057.0000 34008.0000 46982.0000
30992.0000 34424.0000 47216.0000
30823.0000 35035.0000 47424.0000
30693.0000 35568.0000 47775.0000
30498.0000 36322.0000 48165.0000
30394.0000 37232.0000 48581.0000
30225.0000 38272.0000 49075.0000
30173.0000 39364.0000 49764.0000
30069.0000 40573.0000 50583.0000
30017.0000 42042.0000 51584.0000
30095.0000 43511.0000 52884.0000
30290.0000 45344.0000 54392.0000
30498.0000 47099.0000 56303.0000
30953.0000 49075.0000 58591.0000
31642.0000 50622.0000 61373.0000
32565.0000 52520.0000 64467.0000
33670.0000 54028.0000 68081.0000
35009.0000 55380.0000 72176.0000
36491.0000 55783.0000 76557.0000
37921.0000 55627.0000 80938.0000
39013.0000 54184.0000 85306.0000
39884.0000 51974.0000 89297.0000
40352.0000 48906.0000 92274.0000
40326.0000 44863.0000 94484.0000
39689.0000 40443.0000 95251.0000
38350.0000 35763.0000 94718.0000
36543.0000 31317.0000 92781.0000
34515.0000 27274.0000 89804.0000
32500.0000 24193.0000 86047.0000
30693.0000 21775.0000 81952.0000
29250.0000 20189.0000 77701.0000
28132.0000 19604.0000 73502.0000
27352.0000 19344.0000 69537.0000
26897.0000 19552.0000 65962.0000
26715.0000 19851.0000 62803.0000
26715.0000 20761.0000 60086.0000
