29120.0000 14534.0000 47099.0000
29198.0000 14209.0000 46943.0000
29250.0000 13806.0000 46748.0000
29302.0000 13507.0000 46579.0000
29276.0000 13299.0000 46384.0000
29263.0000 12896.0000 46189.0000
29185.0000 12571.0000 45981.0000
29185.0000 12285.0000 45734.0000
29146.0000 11986.0000 45461.0000
29094.0000 11765.0000 45240.0000
28925.0000 11453.0000 45019.0000
28873.0000 11167.0000 44785.0000
28730.0000 10894.0000 44525.0000
28704.0000 10699.0000 44291.0000
28561.0000 10543.0000 44057.0000
28457.0000 10335.0000 43836.0000
28249.0000 10140.0000 43615.0000
28184.0000 9958.0000 43420.0000
28028.0000 9880.0000 43173.0000
27937.0000 9906.0000 42965.0000
27768.0000 9880.0000 42783.0000
27690.0000 9776.0000 42640.0000
27612.0000 9646.0000 42536.0000
27573.0000 9633.0000 42354.0000
27456.0000 9620.0000 42120.0000
27326.0000 9633.0000 42055.0000
27196.0000 9555.0000 41938.0000
27157.0000 9477.0000 41873.0000
27053.0000 9542.0000 41769.0000
27066.0000 9477.0000 41691.0000
26975.0000 9581.0000 41639.0000
26936.0000 9503.0000 41600.0000
26871.0000 9555.0000 41509.0000
26871.0000 9490.0000 41522.0000
26832.0000 9516.0000 41483.0000
26897.0000 9451.0000 41470.0000
26819.0000 9477.0000 41457.0000
26858.0000 9373.0000 41496.0000
26845.0000 9334.0000 41470.0000
26910.0000 9347.0000 41535.0000
26975.0000 9282.0000 41483.0000
27001.0000 9282.0000 41587.0000
27014.0000 9217.0000 41548.0000
27079.0000 9061.0000 41665.0000
27118.0000 9009.0000 41678.0000
27183.0000 8853.0000 41717.0000
27235.0000 8814.0000 41769.0000
27248.0000 8710.0000 41847.0000
27274.0000 8541.0000 41847.0000
27339.0000 8411.0000 41912.0000
27378.0000 8333.0000 41886.0000
27456.0000 8138.0000 41951.0000
27547.0000 8047.0000 41977.0000
27586.0000 7865.0000 42003.0000
27612.0000 7696.0000 42016.0000
27690.0000 7579.0000 42081.0000
27729.0000 7410.0000 42081.0000
27781.0000 7202.0000 42133.0000
27807.0000 7085.0000 42133.0000
27846.0000 6825.0000 42185.0000
27820.0000 6695.0000 42172.0000
27898.0000 6526.0000 42224.0000
27898.0000 6409.0000 42224.0000
27989.0000 6175.0000 42250.0000
28002.0000 6045.0000 42250.0000
28015.0000 5902.0000 42289.0000
28015.0000 5681.0000 42276.0000
28067.0000 5512.0000 42328.0000
28067.0000 5395.0000 42289.0000
28067.0000 5161.0000 42393.0000
28093.0000 4927.0000 42354.0000
28080.0000 4836.0000 42393.0000
28067.0000 4641.0000 42406.0000
28145.0000 4472.0000 42406.0000
28132.0000 4277.0000 42393.0000
28119.0000 4056.0000 42445.0000
28132.0000 3861.0000 42432.0000
28158.0000 3679.0000 42484.0000
28119.0000 3445.0000 42497.0000
28171.0000 3237.0000 42510.0000
28119.0000 3068.0000 42497.0000
28119.0000 2886.0000 42536.0000
28145.0000 2587.0000 42497.0000
28132.0000 2366.0000 42562.0000
28119.0000 2236.0000 42523.0000
28132.0000 2067.0000 42549.0000
28119.0000 1872.0000 42510.0000
28119.0000 1638.0000 42588.0000
28106.0000 1430.0000 42549.0000
28106.0000 1222.0000 42549.0000
28054.0000 1040.0000 42575.0000
28002.0000 858.0000 42627.0000
27976.0000 624.0000 42575.0000
27937.0000 403.0000 42627.0000
27898.0000 247.0000 42601.0000
27859.0000 0.0000 42614.0000
27807.0000 -221.0000 42588.0000
27755.0000 -416.0000 42627.0000
27690.0000 -611.0000 42601.0000
27638.0000 -832.0000 42627.0000
