36595.0000 38298.0000 47502.0000
36621.0000 38272.0000 47541.0000
36517.0000 38012.0000 47684.0000
36491.0000 37843.0000 47840.0000
36400.0000 37752.0000 47749.0000
36413.0000 37648.0000 47840.0000
36465.0000 37544.0000 47853.0000
36413.0000 37310.0000 48035.0000
36374.0000 37115.0000 48152.0000
36348.0000 36972.0000 48139.0000
36361.0000 36894.0000 48165.0000
36374.0000 36712.0000 48243.0000
36270.0000 36413.0000 48399.0000
36205.0000 36179.0000 48529.0000
36114.0000 35984.0000 48607.0000
36192.0000 35815.0000 48698.0000
36153.0000 35763.0000 48737.0000
36101.0000 35568.0000 48880.0000
36075.0000 35256.0000 49049.0000
35932.0000 34983.0000 49218.0000
35971.0000 34853.0000 49231.0000
35906.0000 34684.0000 49374.0000
35854.0000 34528.0000 49465.0000
35828.0000 34372.0000 49517.0000
35815.0000 34021.0000 49660.0000
35854.0000 33852.0000 49712.0000
35815.0000 33644.0000 49751.0000
35841.0000 33475.0000 49816.0000
35789.0000 33241.0000 49855.0000
35815.0000 32825.0000 49933.0000
35724.0000 32721.0000 49907.0000
35685.0000 32422.0000 49920.0000
35620.0000 32214.0000 49894.0000
35581.0000 32019.0000 49855.0000
35568.0000 31850.0000 49803.0000
35555.0000 31655.0000 49764.0000
35464.0000 31408.0000 49764.0000
35412.0000 31226.0000 49686.0000
35399.0000 30927.0000 49608.0000
35321.0000 30862.0000 49452.0000
35295.0000 30628.0000 49335.0000
35230.0000 30524.0000 49244.0000
35191.0000 30251.0000 49179.0000
35204.0000 30134.0000 49010.0000
35178.0000 30095.0000 48841.0000
35165.0000 29965.0000 48685.0000
35048.0000 29848.0000 48529.0000
34996.0000 29679.0000 48425.0000
34931.0000 29666.0000 48178.0000
34879.0000 29601.0000 48087.0000
34801.0000 29536.0000 47905.0000
34710.0000 29549.0000 47814.0000
34710.0000 29510.0000 47567.0000
34658.0000 29523.0000 47411.0000
34554.0000 29510.0000 47216.0000
34476.0000 29471.0000 47073.0000
34385.0000 29406.0000 46943.0000
34398.0000 29471.0000 46696.0000
34307.0000 29549.0000 46566.0000
34294.0000 29679.0000 46384.0000
34229.0000 29731.0000 46293.0000
34255.0000 29744.0000 46150.0000
34255.0000 29913.0000 45877.0000
34216.0000 30004.0000 45760.0000
34112.0000 30186.0000 45656.0000
34021.0000 30238.0000 45591.0000
34034.0000 30368.0000 45435.0000
33956.0000 30693.0000 45318.0000
33917.0000 30888.0000 45253.0000
33865.0000 31018.0000 45227.0000
33878.0000 31044.0000 45227.0000
33865.0000 31304.0000 45123.0000
33787.0000 31473.0000 45175.0000
33813.0000 31655.0000 45149.0000
33709.0000 31811.0000 45097.0000
33748.0000 31954.0000 45110.0000
33735.0000 32110.0000 45175.0000
33735.0000 32149.0000 45266.0000
33722.0000 32227.0000 45370.0000
33748.0000 32370.0000 45331.0000
33774.0000 32578.0000 45357.0000
33722.0000 32513.0000 45448.0000
33657.0000 32539.0000 45617.0000
33644.0000 32383.0000 45747.0000
33683.0000 32539.0000 45734.0000
33657.0000 32708.0000 45851.0000
33605.0000 32734.0000 45981.0000
33592.0000 32630.0000 46228.0000
33566.0000 32448.0000 46293.0000
33514.0000 32656.0000 46384.0000
33475.0000 32604.0000 46514.0000
33449.0000 32565.0000 46631.0000
33423.0000 32422.0000 46813.0000
33488.0000 32448.0000 46891.0000
33540.0000 32305.0000 47021.0000
33540.0000 32318.0000 47112.0000
33501.0000 32175.0000 47242.0000
33592.0000 32123.0000 47255.0000
33553.0000 32019.0000 47320.0000
33488.0000 32006.0000 47411.0000
