38766.0000 21567.0000 37544.0000
38753.0000 21567.0000 37544.0000
38779.0000 21567.0000 37622.0000
38792.0000 21580.0000 37557.0000
38779.0000 21567.0000 37583.0000
38753.0000 21554.0000 37531.0000
38792.0000 21580.0000 37583.0000
38740.0000 21541.0000 37557.0000
38779.0000 21567.0000 37570.0000
38740.0000 21567.0000 37557.0000
38753.0000 21580.0000 37583.0000
38779.0000 21567.0000 37544.0000
38766.0000 21567.0000 37596.0000
38779.0000 21567.0000 37557.0000
38753.0000 21580.0000 37570.0000
38779.0000 21580.0000 37570.0000
38779.0000 21593.0000 37544.0000
38753.0000 21619.0000 37557.0000
38779.0000 21580.0000 37570.0000
38753.0000 21580.0000 37609.0000
38792.0000 21580.0000 37570.0000
38740.0000 21580.0000 37583.0000
38792.0000 21580.0000 37596.0000
38740.0000 21554.0000 37544.0000
38766.0000 21606.0000 37583.0000
38753.0000 21554.0000 37570.0000
38766.0000 21580.0000 37583.0000
38740.0000 21567.0000 37557.0000
38779.0000 21593.0000 37596.0000
38753.0000 21554.0000 37531.0000
38766.0000 21567.0000 37596.0000
38753.0000 21567.0000 37570.0000
38740.0000 21606.0000 37596.0000
38766.0000 21554.0000 37570.0000
38753.0000 21580.0000 37583.0000
38779.0000 21593.0000 37596.0000
38753.0000 21554.0000 37596.0000
38753.0000 21580.0000 37583.0000
38779.0000 21567.0000 37583.0000
38766.0000 21567.0000 37596.0000
38779.0000 21580.0000 37583.0000
38753.0000 21567.0000 37596.0000
38779.0000 21593.0000 37596.0000
38753.0000 21580.0000 37570.0000
38766.0000 21580.0000 37596.0000
38753.0000 21580.0000 37583.0000
38779.0000 21593.0000 37596.0000
38779.0000 21554.0000 37570.0000
38779.0000 21619.0000 37583.0000
38753.0000 21580.0000 37570.0000
38779.0000 21593.0000 37609.0000
38779.0000 21580.0000 37570.0000
38766.0000 21580.0000 37648.0000
38831.0000 21593.0000 37583.0000
38779.0000 21567.0000 37583.0000
38792.0000 21593.0000 37583.0000
38753.0000 21567.0000 37583.0000
38766.0000 21606.0000 37596.0000
38779.0000 21580.0000 37596.0000
38753.0000 21606.0000 37609.0000
38740.0000 21606.0000 37570.0000
38753.0000 21593.0000 37583.0000
38766.0000 21619.0000 37596.0000
38753.0000 21580.0000 37609.0000
38766.0000 21593.0000 37583.0000
38753.0000 21567.0000 37596.0000
38766.0000 21606.0000 37609.0000
38740.0000 21567.0000 37596.0000
38792.0000 21593.0000 37596.0000
38714.0000 21567.0000 37596.0000
38740.0000 21606.0000 37609.0000
38740.0000 21606.0000 37596.0000
38753.0000 21606.0000 37622.0000
38779.0000 21580.0000 37596.0000
38740.0000 21593.0000 37609.0000
38766.0000 21593.0000 37570.0000
38753.0000 21619.0000 37609.0000
38792.0000 21593.0000 37596.0000
38727.0000 21580.0000 37609.0000
38779.0000 21606.0000 37622.0000
38766.0000 21593.0000 37596.0000
38753.0000 21593.0000 37622.0000
38753.0000 21606.0000 37596.0000
38727.0000 21567.0000 37609.0000
38766.0000 21593.0000 37609.0000
38727.0000 21554.0000 37596.0000
38766.0000 21606.0000 37622.0000
38740.0000 21593.0000 37596.0000
38753.0000 21606.0000 37622.0000
38740.0000 21580.0000 37596.0000
38766.0000 21606.0000 37622.0000
38740.0000 21580.0000 37583.0000
38753.0000 21619.0000 37609.0000
38753.0000 21593.0000 37583.0000
38766.0000 21619.0000 37609.0000
38753.0000 21567.0000 37570.0000
38740.0000 21606.0000 37583.0000
38779.0000 21606.0000 37583.0000
38740.0000 21619.0000 37570.0000
38779.0000 21580.0000 37570.0000
