-15015.0000 3211.0000 59137.0000
-15093.0000 3211.0000 59176.0000
-15028.0000 3133.0000 59228.0000
-15080.0000 3133.0000 59254.0000
-14989.0000 3224.0000 59280.0000
-15119.0000 3315.0000 59293.0000
-15054.0000 3406.0000 59358.0000
-15106.0000 3315.0000 59410.0000
-15028.0000 3250.0000 59423.0000
-15106.0000 3276.0000 59449.0000
-15080.0000 3445.0000 59462.0000
-15132.0000 3432.0000 59488.0000
-15067.0000 3445.0000 59579.0000
-15080.0000 3380.0000 59553.0000
-15067.0000 3380.0000 59592.0000
-15158.0000 3471.0000 59605.0000
-15158.0000 3536.0000 59644.0000
-15210.0000 3510.0000 59657.0000
-15158.0000 3419.0000 59722.0000
-15184.0000 3432.0000 59761.0000
-15184.0000 3627.0000 59787.0000
-15184.0000 3679.0000 59826.0000
-15132.0000 3744.0000 59865.0000
-15158.0000 3562.0000 59930.0000
-15106.0000 3627.0000 59982.0000
-15132.0000 3718.0000 59995.0000
-15106.0000 3783.0000 60021.0000
-15171.0000 3718.0000 60073.0000
-15132.0000 3666.0000 60125.0000
-15145.0000 3692.0000 60125.0000
-15132.0000 3796.0000 60138.0000
-15184.0000 3835.0000 60190.0000
-15145.0000 3835.0000 60216.0000
-15184.0000 3744.0000 60281.0000
-15106.0000 3770.0000 60307.0000
-15171.0000 3822.0000 60333.0000
-15132.0000 3809.0000 60372.0000
-15223.0000 3718.0000 60424.0000
-15210.0000 3679.0000 60476.0000
-15210.0000 3744.0000 60528.0000
-15184.0000 3744.0000 60580.0000
-15249.0000 3770.0000 60580.0000
-15249.0000 3757.0000 60632.0000
-15249.0000 3666.0000 60684.0000
-15158.0000 3601.0000 60736.0000
-15223.0000 3562.0000 60749.0000
-15275.0000 3562.0000 60710.0000
-15327.0000 3484.0000 60775.0000
-15275.0000 3471.0000 60840.0000
-15301.0000 3445.0000 60853.0000
-15340.0000 3458.0000 60853.0000
-15379.0000 3471.0000 60892.0000
-15327.0000 3380.0000 60944.0000
-15301.0000 3250.0000 60983.0000
-15314.0000 3172.0000 61022.0000
-15340.0000 3146.0000 60983.0000
-15366.0000 3146.0000 61035.0000
-15314.0000 3133.0000 61022.0000
-15314.0000 3068.0000 61035.0000
-15340.0000 2964.0000 61048.0000
-15327.0000 2873.0000 61035.0000
-15353.0000 2834.0000 61061.0000
-15340.0000 2691.0000 61100.0000
-15327.0000 2587.0000 61074.0000
-15340.0000 2639.0000 61087.0000
-15379.0000 2665.0000 61061.0000
-15405.0000 2652.0000 61100.0000
-15457.0000 2548.0000 61087.0000
-15431.0000 2535.0000 61165.0000
-15483.0000 2496.0000 61178.0000
-15457.0000 2535.0000 61191.0000
-15509.0000 2522.0000 61178.0000
-15535.0000 2457.0000 61230.0000
-15509.0000 2483.0000 61243.0000
-15457.0000 2548.0000 61269.0000
-15548.0000 2535.0000 61282.0000
-15574.0000 2600.0000 61295.0000
-15665.0000 2652.0000 61321.0000
-15626.0000 2756.0000 61373.0000
-15665.0000 2652.0000 61425.0000
-15665.0000 2665.0000 61412.0000
-15782.0000 2769.0000 61425.0000
-15743.0000 2847.0000 61503.0000
-15704.0000 2925.0000 61555.0000
-15717.0000 2938.0000 61607.0000
-15808.0000 3003.0000 61594.0000
-15795.0000 3094.0000 61646.0000
-15782.0000 3094.0000 61698.0000
-15730.0000 3081.0000 61776.0000
-15795.0000 3198.0000 61763.0000
-15730.0000 3380.0000 61815.0000
-15743.0000 3354.0000 61893.0000
-15652.0000 3367.0000 61958.0000
-15704.0000 3432.0000 61997.0000
-15743.0000 3523.0000 62010.0000
-15743.0000 3510.0000 62049.0000
-15756.0000 3614.0000 62179.0000
-15795.0000 3653.0000 62192.0000
-15795.0000 3835.0000 62283.0000
-15821.0000 3796.0000 62361.0000
