9386.0000 -12922.0000 52754.0000
9360.0000 -12935.0000 52858.0000
9321.0000 -12909.0000 52884.0000
9282.0000 -12922.0000 52949.0000
9230.0000 -12883.0000 52988.0000
9178.0000 -12896.0000 53066.0000
9126.0000 -12883.0000 53079.0000
9061.0000 -12831.0000 53170.0000
9022.0000 -12831.0000 53183.0000
8970.0000 -12844.0000 53300.0000
8892.0000 -12831.0000 53287.0000
8853.0000 -12818.0000 53404.0000
8814.0000 -12792.0000 53404.0000
8762.0000 -12753.0000 53508.0000
8710.0000 -12727.0000 53547.0000
8658.0000 -12740.0000 53638.0000
8593.0000 -12688.0000 53690.0000
8580.0000 -12701.0000 53742.0000
8476.0000 -12623.0000 53768.0000
8463.0000 -12623.0000 53872.0000
8398.0000 -12584.0000 53924.0000
8346.0000 -12597.0000 54002.0000
8281.0000 -12558.0000 54054.0000
8294.0000 -12558.0000 54080.0000
8190.0000 -12506.0000 54119.0000
8125.0000 -12506.0000 54210.0000
8060.0000 -12454.0000 54249.0000
8021.0000 -12428.0000 54340.0000
7943.0000 -12350.0000 54366.0000
7904.0000 -12350.0000 54444.0000
7839.0000 -12285.0000 54470.0000
7787.0000 -12259.0000 54613.0000
7722.0000 -12220.0000 54639.0000
7683.0000 -12207.0000 54756.0000
7631.0000 -12142.0000 54808.0000
7605.0000 -12064.0000 54925.0000
7527.0000 -12012.0000 54964.0000
7475.0000 -11986.0000 55068.0000
7410.0000 -11869.0000 55107.0000
7345.0000 -11817.0000 55198.0000
7293.0000 -11752.0000 55250.0000
7215.0000 -11726.0000 55367.0000
7163.0000 -11583.0000 55406.0000
7111.0000 -11531.0000 55510.0000
7059.0000 -11492.0000 55549.0000
6981.0000 -11440.0000 55627.0000
6929.0000 -11323.0000 55640.0000
6864.0000 -11323.0000 55731.0000
6838.0000 -11245.0000 55744.0000
6760.0000 -11180.0000 55796.0000
6721.0000 -11024.0000 55822.0000
6656.0000 -11011.0000 55887.0000
6643.0000 -10933.0000 55887.0000
6552.0000 -10881.0000 55978.0000
6552.0000 -10777.0000 56004.0000
6474.0000 -10725.0000 56082.0000
6435.0000 -10621.0000 56108.0000
6370.0000 -10556.0000 56212.0000
6357.0000 -10465.0000 56225.0000
6318.0000 -10452.0000 56264.0000
6266.0000 -10348.0000 56303.0000
6214.0000 -10270.0000 56355.0000
6175.0000 -10166.0000 56355.0000
6097.0000 -10075.0000 56407.0000
6071.0000 -9984.0000 56407.0000
5993.0000 -9919.0000 56498.0000
6006.0000 -9763.0000 56537.0000
5902.0000 -9646.0000 56602.0000
5902.0000 -9581.0000 56589.0000
5837.0000 -9503.0000 56628.0000
5824.0000 -9399.0000 56602.0000
5733.0000 -9321.0000 56641.0000
5720.0000 -9243.0000 56693.0000
5694.0000 -9100.0000 56680.0000
5629.0000 -9048.0000 56680.0000
5525.0000 -8970.0000 56706.0000
5551.0000 -8853.0000 56706.0000
5486.0000 -8775.0000 56745.0000
5499.0000 -8645.0000 56719.0000
5434.0000 -8515.0000 56706.0000
5447.0000 -8398.0000 56706.0000
5356.0000 -8268.0000 56719.0000
5356.0000 -8177.0000 56719.0000
5239.0000 -8086.0000 56732.0000
5213.0000 -7969.0000 56719.0000
5135.0000 -7852.0000 56732.0000
5135.0000 -7722.0000 56680.0000
5070.0000 -7605.0000 56680.0000
5070.0000 -7514.0000 56615.0000
4966.0000 -7449.0000 56615.0000
4966.0000 -7384.0000 56589.0000
4862.0000 -7306.0000 56589.0000
4862.0000 -7163.0000 56563.0000
4771.0000 -7072.0000 56550.0000
4810.0000 -6929.0000 56485.0000
4719.0000 -6838.0000 56485.0000
4719.0000 -6734.0000 56407.0000
4641.0000 -6604.0000 56407.0000
4641.0000 -6526.0000 56355.0000
4537.0000 -6383.0000 56368.0000
