-10348.0000 -29341.0000 48841.0000
-10335.0000 -29211.0000 48698.0000
-10309.0000 -28990.0000 48659.0000
-10257.0000 -28847.0000 48568.0000
-10244.0000 -28743.0000 48438.0000
-10244.0000 -28561.0000 48347.0000
-10244.0000 -28418.0000 48230.0000
-10153.0000 -28275.0000 48139.0000
-10140.0000 -28184.0000 48022.0000
-10114.0000 -28002.0000 47944.0000
-10036.0000 -27807.0000 47866.0000
-10010.0000 -27690.0000 47814.0000
-9958.0000 -27521.0000 47723.0000
-9919.0000 -27339.0000 47658.0000
-9841.0000 -27157.0000 47645.0000
-9854.0000 -27053.0000 47554.0000
-9802.0000 -27027.0000 47411.0000
-9724.0000 -26871.0000 47398.0000
-9672.0000 -26611.0000 47450.0000
-9607.0000 -26377.0000 47398.0000
-9555.0000 -26338.0000 47320.0000
-9464.0000 -26247.0000 47268.0000
-9438.0000 -26104.0000 47255.0000
-9347.0000 -25896.0000 47177.0000
-9347.0000 -25844.0000 47151.0000
-9321.0000 -25688.0000 47151.0000
-9269.0000 -25571.0000 47060.0000
-9256.0000 -25337.0000 47125.0000
-9178.0000 -25220.0000 47112.0000
-9178.0000 -25064.0000 47099.0000
-9139.0000 -25025.0000 47060.0000
-9061.0000 -24882.0000 47099.0000
-9022.0000 -24700.0000 47099.0000
-9009.0000 -24557.0000 47112.0000
-8983.0000 -24427.0000 47099.0000
-9009.0000 -24388.0000 47112.0000
-8957.0000 -24232.0000 47099.0000
-8944.0000 -24193.0000 47112.0000
-8944.0000 -23985.0000 47151.0000
-8944.0000 -23842.0000 47177.0000
-8931.0000 -23751.0000 47216.0000
-8905.0000 -23660.0000 47281.0000
-8931.0000 -23543.0000 47281.0000
-8957.0000 -23439.0000 47320.0000
-8957.0000 -23335.0000 47359.0000
-8957.0000 -23244.0000 47450.0000
-8983.0000 -23127.0000 47463.0000
-8983.0000 -22971.0000 47554.0000
-8970.0000 -22893.0000 47567.0000
-8996.0000 -22828.0000 47658.0000
-9022.0000 -22672.0000 47684.0000
-9035.0000 -22568.0000 47775.0000
-9048.0000 -22490.0000 47853.0000
-9100.0000 -22282.0000 47931.0000
-9100.0000 -22113.0000 48061.0000
-9152.0000 -21944.0000 48204.0000
-9139.0000 -21996.0000 48243.0000
-9152.0000 -21840.0000 48347.0000
-9152.0000 -21697.0000 48464.0000
-9178.0000 -21645.0000 48581.0000
-9191.0000 -21489.0000 48659.0000
-9217.0000 -21437.0000 48737.0000
-9204.0000 -21463.0000 48776.0000
-9204.0000 -21463.0000 48880.0000
-9243.0000 -21372.0000 48984.0000
-9308.0000 -21333.0000 49049.0000
-9334.0000 -21307.0000 49127.0000
-9386.0000 -21333.0000 49218.0000
-9373.0000 -21307.0000 49335.0000
-9399.0000 -21372.0000 49413.0000
-9399.0000 -21450.0000 49491.0000
-9425.0000 -21450.0000 49595.0000
-9412.0000 -21580.0000 49686.0000
-9373.0000 -21684.0000 49764.0000
-9386.0000 -21840.0000 49803.0000
-9386.0000 -21970.0000 49881.0000
-9347.0000 -22100.0000 49946.0000
-9295.0000 -22243.0000 50063.0000
-9269.0000 -22425.0000 50037.0000
-9282.0000 -22607.0000 50115.0000
-9178.0000 -22841.0000 50141.0000
-9152.0000 -23140.0000 50193.0000
-9061.0000 -23348.0000 50180.0000
-9009.0000 -23621.0000 50271.0000
-8879.0000 -23855.0000 50297.0000
-8814.0000 -24089.0000 50362.0000
-8684.0000 -24388.0000 50336.0000
-8580.0000 -24726.0000 50362.0000
-8424.0000 -25025.0000 50375.0000
-8333.0000 -25246.0000 50414.0000
-8177.0000 -25558.0000 50375.0000
-8073.0000 -25896.0000 50388.0000
-7917.0000 -26169.0000 50388.0000
-7800.0000 -26429.0000 50388.0000
-7644.0000 -26689.0000 50362.0000
-7514.0000 -26988.0000 50388.0000
-7371.0000 -27287.0000 50414.0000
-7254.0000 -27482.0000 50440.0000
-7085.0000 -27794.0000 50388.0000
-6955.0000 -28093.0000 50440.0000
