30680.0000 44187.0000 35724.0000
30667.0000 44304.0000 35737.0000
30719.0000 44408.0000 35828.0000
30654.0000 44525.0000 35841.0000
30680.0000 44655.0000 35945.0000
30615.0000 44798.0000 35997.0000
30602.0000 44928.0000 36101.0000
30576.0000 45045.0000 36166.0000
30550.0000 45149.0000 36270.0000
30511.0000 45253.0000 36335.0000
30524.0000 45292.0000 36439.0000
30537.0000 45448.0000 36465.0000
30550.0000 45539.0000 36543.0000
30537.0000 45734.0000 36608.0000
30524.0000 45812.0000 36738.0000
30524.0000 45942.0000 36829.0000
30537.0000 45994.0000 36959.0000
30537.0000 46059.0000 37063.0000
30550.0000 46150.0000 37154.0000
30524.0000 46306.0000 37206.0000
30537.0000 46397.0000 37310.0000
30472.0000 46566.0000 37414.0000
30498.0000 46657.0000 37557.0000
30472.0000 46761.0000 37635.0000
30433.0000 46852.0000 37804.0000
30433.0000 46943.0000 37882.0000
30420.0000 47047.0000 38038.0000
30407.0000 47164.0000 38129.0000
30420.0000 47281.0000 38246.0000
30433.0000 47424.0000 38337.0000
30446.0000 47502.0000 38441.0000
30446.0000 47606.0000 38571.0000
30472.0000 47606.0000 38714.0000
30459.0000 47762.0000 38844.0000
30485.0000 47801.0000 38961.0000
30420.0000 48009.0000 39065.0000
30433.0000 48100.0000 39195.0000
30381.0000 48256.0000 39286.0000
30329.0000 48334.0000 39468.0000
30342.0000 48425.0000 39585.0000
30277.0000 48490.0000 39754.0000
30277.0000 48568.0000 39871.0000
30212.0000 48698.0000 40066.0000
30212.0000 48789.0000 40157.0000
30186.0000 48828.0000 40313.0000
30186.0000 48906.0000 40456.0000
30212.0000 48958.0000 40573.0000
30186.0000 49062.0000 40690.0000
30173.0000 49062.0000 40924.0000
30108.0000 49205.0000 41054.0000
30108.0000 49244.0000 41236.0000
30056.0000 49400.0000 41353.0000
30056.0000 49387.0000 41522.0000
30043.0000 49491.0000 41652.0000
30030.0000 49504.0000 41873.0000
29965.0000 49608.0000 42029.0000
29913.0000 49673.0000 42237.0000
29900.0000 49764.0000 42380.0000
29887.0000 49777.0000 42562.0000
29913.0000 49816.0000 42718.0000
29965.0000 49803.0000 42900.0000
29926.0000 49881.0000 43069.0000
29939.0000 49907.0000 43251.0000
29874.0000 49972.0000 43420.0000
29874.0000 49972.0000 43589.0000
29822.0000 49998.0000 43732.0000
29848.0000 50011.0000 43901.0000
29822.0000 50063.0000 44057.0000
29796.0000 50102.0000 44265.0000
29757.0000 50089.0000 44408.0000
29718.0000 50063.0000 44629.0000
29757.0000 50050.0000 44772.0000
29718.0000 50037.0000 44967.0000
29757.0000 49998.0000 45136.0000
29770.0000 49972.0000 45331.0000
29744.0000 49972.0000 45474.0000
29744.0000 49972.0000 45656.0000
29705.0000 49933.0000 45838.0000
29705.0000 49894.0000 45994.0000
29666.0000 49920.0000 46085.0000
29705.0000 49920.0000 46241.0000
29666.0000 49972.0000 46410.0000
29705.0000 49946.0000 46605.0000
29679.0000 49816.0000 46748.0000
29692.0000 49816.0000 46943.0000
29705.0000 49699.0000 47125.0000
29744.0000 49660.0000 47294.0000
29731.0000 49556.0000 47450.0000
29731.0000 49504.0000 47606.0000
29744.0000 49387.0000 47762.0000
29744.0000 49309.0000 47931.0000
29731.0000 49244.0000 48048.0000
29744.0000 49205.0000 48230.0000
29809.0000 49153.0000 48295.0000
29796.0000 49049.0000 48464.0000
29731.0000 48945.0000 48607.0000
29757.0000 48841.0000 48776.0000
29705.0000 48750.0000 48932.0000
29731.0000 48646.0000 49088.0000
29757.0000 48490.0000 49244.0000
