-9100.0000 -12987.0000 57798.0000
-9087.0000 -13000.0000 57863.0000
-9048.0000 -13104.0000 57837.0000
-9061.0000 -12688.0000 57993.0000
-9035.0000 -13065.0000 58006.0000
-8944.0000 -12844.0000 58136.0000
-8957.0000 -13130.0000 58123.0000
-8996.0000 -12649.0000 58292.0000
-8905.0000 -12961.0000 58292.0000
-8892.0000 -12896.0000 58383.0000
-8931.0000 -13325.0000 58396.0000
-9009.0000 -12714.0000 58656.0000
-8957.0000 -13130.0000 58747.0000
-9035.0000 -12922.0000 58812.0000
-9087.0000 -12883.0000 58942.0000
-9139.0000 -13039.0000 58968.0000
-9178.0000 -13143.0000 59111.0000
-9191.0000 -13338.0000 59176.0000
-9217.0000 -12974.0000 59345.0000
-9152.0000 -13442.0000 59410.0000
-9152.0000 -13286.0000 59475.0000
-9178.0000 -13650.0000 59514.0000
-9165.0000 -13273.0000 59592.0000
-9139.0000 -13793.0000 59579.0000
-9139.0000 -13546.0000 59644.0000
-9204.0000 -13728.0000 59696.0000
-9178.0000 -13702.0000 59683.0000
-9204.0000 -13767.0000 59696.0000
-9191.0000 -14300.0000 59553.0000
-9334.0000 -14040.0000 59592.0000
-9269.0000 -14599.0000 59397.0000
-9256.0000 -14456.0000 59397.0000
-9360.0000 -14833.0000 59254.0000
-9360.0000 -14586.0000 59189.0000
-9282.0000 -14911.0000 59046.0000
-9399.0000 -15158.0000 58825.0000
-9438.0000 -14625.0000 58812.0000
-9516.0000 -15210.0000 58513.0000
-9464.0000 -14768.0000 58474.0000
-9633.0000 -15210.0000 58227.0000
-9620.0000 -14599.0000 58149.0000
-9672.0000 -15275.0000 57863.0000
-9724.0000 -14547.0000 57772.0000
-9932.0000 -14352.0000 57707.0000
-9906.0000 -14339.0000 57421.0000
-9893.0000 -14040.0000 57421.0000
-9958.0000 -14118.0000 57135.0000
-10075.0000 -13143.0000 57278.0000
-9997.0000 -13494.0000 57031.0000
-10049.0000 -12753.0000 57031.0000
-10127.0000 -13156.0000 56888.0000
-10231.0000 -12116.0000 57031.0000
-10218.0000 -12493.0000 57031.0000
-10361.0000 -11882.0000 57174.0000
-10478.0000 -11674.0000 57330.0000
-10504.0000 -11388.0000 57382.0000
-10504.0000 -11128.0000 57577.0000
-10686.0000 -11076.0000 57733.0000
-10790.0000 -10244.0000 58006.0000
-10881.0000 -10699.0000 58201.0000
-10894.0000 -10140.0000 58474.0000
-11102.0000 -10517.0000 58669.0000
-11141.0000 -9919.0000 59007.0000
-11245.0000 -10049.0000 59215.0000
-11375.0000 -10101.0000 59423.0000
-11570.0000 -10530.0000 59657.0000
-11674.0000 -9971.0000 60021.0000
-11804.0000 -10140.0000 60320.0000
-12012.0000 -10257.0000 60528.0000
-12233.0000 -10010.0000 60866.0000
-12311.0000 -10582.0000 61035.0000
-12493.0000 -10426.0000 61373.0000
-12636.0000 -10972.0000 61542.0000
-12844.0000 -10374.0000 61932.0000
-12792.0000 -11557.0000 62062.0000
-12974.0000 -11050.0000 62400.0000
-13039.0000 -11869.0000 62517.0000
-13260.0000 -11310.0000 62790.0000
-13234.0000 -12220.0000 62933.0000
-13429.0000 -12116.0000 63128.0000
-13585.0000 -12376.0000 63375.0000
-13676.0000 -12701.0000 63518.0000
-13793.0000 -12727.0000 63687.0000
-13910.0000 -13819.0000 63635.0000
-14092.0000 -13247.0000 63882.0000
-14170.0000 -14495.0000 63843.0000
-14261.0000 -14157.0000 64012.0000
-14482.0000 -15301.0000 63986.0000
-14508.0000 -14833.0000 64142.0000
-14586.0000 -15574.0000 64207.0000
-14742.0000 -15912.0000 64077.0000
-14937.0000 -15873.0000 64246.0000
-15015.0000 -16653.0000 64103.0000
-15145.0000 -16328.0000 64220.0000
-15288.0000 -17537.0000 63986.0000
-15470.0000 -16874.0000 64246.0000
-15509.0000 -18018.0000 64051.0000
-15665.0000 -17680.0000 64077.0000
-15808.0000 -18200.0000 64077.0000
-15847.0000 -18317.0000 63973.0000
