6630.0000 3445.0000 57460.0000
6604.0000 3510.0000 57421.0000
6617.0000 3614.0000 57447.0000
6565.0000 3588.0000 57421.0000
6617.0000 3705.0000 57460.0000
6565.0000 3731.0000 57434.0000
6552.0000 3770.0000 57447.0000
6513.0000 3822.0000 57395.0000
6513.0000 3913.0000 57421.0000
6435.0000 3913.0000 57356.0000
6448.0000 3926.0000 57421.0000
6409.0000 3978.0000 57382.0000
6448.0000 3991.0000 57395.0000
6422.0000 3926.0000 57382.0000
6461.0000 3978.0000 57395.0000
6435.0000 4043.0000 57343.0000
6422.0000 4069.0000 57382.0000
6396.0000 4108.0000 57343.0000
6409.0000 4238.0000 57356.0000
6357.0000 4251.0000 57304.0000
6370.0000 4329.0000 57330.0000
6370.0000 4407.0000 57304.0000
6344.0000 4511.0000 57317.0000
6357.0000 4485.0000 57304.0000
6331.0000 4589.0000 57317.0000
6331.0000 4602.0000 57304.0000
6305.0000 4680.0000 57343.0000
6279.0000 4654.0000 57304.0000
6227.0000 4784.0000 57343.0000
6175.0000 4797.0000 57304.0000
6188.0000 4823.0000 57317.0000
6175.0000 4797.0000 57304.0000
6162.0000 4862.0000 57317.0000
6149.0000 4836.0000 57278.0000
6123.0000 4901.0000 57291.0000
6110.0000 4888.0000 57291.0000
6123.0000 4992.0000 57291.0000
6097.0000 5018.0000 57291.0000
6097.0000 5122.0000 57317.0000
6058.0000 5148.0000 57317.0000
6032.0000 5265.0000 57317.0000
6032.0000 5239.0000 57304.0000
6006.0000 5330.0000 57369.0000
6032.0000 5382.0000 57304.0000
5954.0000 5421.0000 57330.0000
5980.0000 5369.0000 57291.0000
5915.0000 5473.0000 57330.0000
5915.0000 5447.0000 57330.0000
5863.0000 5473.0000 57395.0000
5902.0000 5460.0000 57369.0000
5850.0000 5551.0000 57395.0000
5863.0000 5551.0000 57369.0000
5824.0000 5603.0000 57408.0000
5824.0000 5564.0000 57408.0000
5798.0000 5629.0000 57434.0000
5824.0000 5616.0000 57408.0000
5785.0000 5642.0000 57434.0000
5811.0000 5603.0000 57447.0000
5798.0000 5681.0000 57421.0000
5785.0000 5681.0000 57421.0000
5733.0000 5733.0000 57447.0000
5746.0000 5694.0000 57421.0000
5720.0000 5811.0000 57408.0000
5733.0000 5811.0000 57343.0000
5746.0000 5824.0000 57382.0000
5785.0000 5785.0000 57343.0000
5707.0000 5837.0000 57356.0000
5759.0000 5785.0000 57304.0000
5681.0000 5837.0000 57330.0000
5733.0000 5707.0000 57317.0000
5707.0000 5720.0000 57330.0000
5733.0000 5655.0000 57317.0000
5668.0000 5642.0000 57317.0000
5720.0000 5564.0000 57304.0000
5668.0000 5564.0000 57304.0000
5694.0000 5486.0000 57278.0000
5629.0000 5512.0000 57278.0000
5668.0000 5460.0000 57252.0000
5590.0000 5460.0000 57239.0000
5629.0000 5421.0000 57239.0000
5564.0000 5434.0000 57187.0000
5590.0000 5304.0000 57174.0000
5512.0000 5278.0000 57161.0000
5551.0000 5213.0000 57122.0000
5460.0000 5161.0000 57109.0000
5486.0000 5044.0000 57070.0000
5421.0000 5005.0000 57070.0000
5434.0000 4953.0000 57057.0000
5317.0000 4940.0000 57018.0000
5369.0000 4810.0000 57005.0000
5278.0000 4784.0000 56966.0000
5304.0000 4693.0000 56966.0000
5200.0000 4680.0000 56979.0000
5304.0000 4615.0000 56888.0000
5174.0000 4576.0000 56914.0000
5239.0000 4498.0000 56875.0000
5161.0000 4498.0000 56875.0000
5226.0000 4407.0000 56836.0000
5148.0000 4394.0000 56862.0000
5200.0000 4355.0000 56836.0000
