19331.0000 -23634.0000 54873.0000
19643.0000 -23647.0000 54821.0000
19942.0000 -23595.0000 54743.0000
20137.0000 -23608.0000 54704.0000
20410.0000 -23504.0000 54639.0000
20670.0000 -23413.0000 54613.0000
20904.0000 -23361.0000 54548.0000
21190.0000 -23322.0000 54496.0000
21398.0000 -23179.0000 54418.0000
21684.0000 -23166.0000 54379.0000
21931.0000 -23062.0000 54314.0000
22204.0000 -23010.0000 54236.0000
22425.0000 -23062.0000 54210.0000
22724.0000 -22971.0000 54093.0000
22945.0000 -22893.0000 54015.0000
23205.0000 -22893.0000 53963.0000
23426.0000 -22763.0000 53872.0000
23686.0000 -22737.0000 53781.0000
23946.0000 -22659.0000 53703.0000
24219.0000 -22529.0000 53625.0000
24492.0000 -22438.0000 53612.0000
24765.0000 -22282.0000 53547.0000
24999.0000 -22191.0000 53443.0000
25259.0000 -22100.0000 53430.0000
25493.0000 -21905.0000 53326.0000
25714.0000 -21814.0000 53300.0000
25987.0000 -21671.0000 53261.0000
26247.0000 -21515.0000 53196.0000
26481.0000 -21437.0000 53131.0000
26741.0000 -21320.0000 53105.0000
26936.0000 -21255.0000 53014.0000
27235.0000 -21177.0000 52949.0000
27456.0000 -21008.0000 52845.0000
27677.0000 -20982.0000 52780.0000
27911.0000 -20930.0000 52689.0000
28197.0000 -20787.0000 52637.0000
28379.0000 -20709.0000 52572.0000
28678.0000 -20566.0000 52520.0000
28912.0000 -20423.0000 52468.0000
29185.0000 -20267.0000 52390.0000
29406.0000 -20085.0000 52338.0000
29692.0000 -19825.0000 52312.0000
29874.0000 -19630.0000 52260.0000
30186.0000 -19448.0000 52195.0000
30381.0000 -19292.0000 52156.0000
30680.0000 -19188.0000 52078.0000
30875.0000 -18993.0000 52026.0000
31148.0000 -18824.0000 51948.0000
31369.0000 -18655.0000 51870.0000
31629.0000 -18473.0000 51779.0000
31837.0000 -18395.0000 51688.0000
32097.0000 -18187.0000 51623.0000
32318.0000 -18057.0000 51571.0000
32591.0000 -17888.0000 51506.0000
32825.0000 -17641.0000 51441.0000
33085.0000 -17433.0000 51363.0000
33306.0000 -17199.0000 51324.0000
33553.0000 -16965.0000 51246.0000
33748.0000 -16770.0000 51168.0000
34034.0000 -16549.0000 51129.0000
34203.0000 -16328.0000 51103.0000
34476.0000 -16107.0000 51077.0000
34632.0000 -15899.0000 51064.0000
34931.0000 -15652.0000 50934.0000
35100.0000 -15483.0000 50869.0000
35360.0000 -15223.0000 50804.0000
35503.0000 -15080.0000 50726.0000
35815.0000 -14833.0000 50648.0000
35984.0000 -14638.0000 50596.0000
36283.0000 -14417.0000 50544.0000
36478.0000 -14209.0000 50505.0000
36699.0000 -14027.0000 50401.0000
36933.0000 -13845.0000 50310.0000
37180.0000 -13429.0000 50232.0000
37388.0000 -13234.0000 50193.0000
37661.0000 -12948.0000 50102.0000
37843.0000 -12727.0000 50076.0000
38103.0000 -12467.0000 49985.0000
38259.0000 -12220.0000 49972.0000
38506.0000 -11882.0000 49868.0000
38675.0000 -11674.0000 49816.0000
38922.0000 -11336.0000 49699.0000
39065.0000 -11154.0000 49647.0000
39286.0000 -10907.0000 49569.0000
39481.0000 -10660.0000 49491.0000
39715.0000 -10439.0000 49374.0000
39871.0000 -10166.0000 49335.0000
40118.0000 -9854.0000 49218.0000
40274.0000 -9633.0000 49179.0000
40495.0000 -9256.0000 49062.0000
40651.0000 -9009.0000 48971.0000
40859.0000 -8697.0000 48893.0000
41002.0000 -8463.0000 48828.0000
41236.0000 -8177.0000 48789.0000
41379.0000 -7852.0000 48737.0000
41522.0000 -7462.0000 48646.0000
41704.0000 -7228.0000 48581.0000
41860.0000 -6864.0000 48503.0000
42003.0000 -6656.0000 48425.0000
42185.0000 -6370.0000 48334.0000
