31512.0000 32136.0000 46878.0000
31512.0000 31876.0000 46917.0000
31577.0000 31629.0000 46839.0000
31551.0000 31954.0000 46553.0000
31538.0000 32240.0000 46332.0000
31551.0000 32058.0000 46410.0000
31590.0000 31772.0000 46527.0000
31655.0000 31603.0000 46501.0000
31629.0000 31837.0000 46254.0000
31707.0000 32136.0000 46046.0000
31746.0000 31967.0000 46033.0000
31759.0000 31772.0000 46124.0000
31837.0000 31434.0000 46241.0000
31915.0000 31642.0000 45903.0000
31954.0000 31941.0000 45669.0000
31954.0000 31928.0000 45643.0000
31993.0000 31798.0000 45747.0000
32058.0000 31577.0000 45786.0000
32149.0000 31603.0000 45643.0000
32175.0000 31915.0000 45396.0000
32214.0000 31889.0000 45331.0000
32266.0000 31837.0000 45344.0000
32305.0000 31655.0000 45396.0000
32357.0000 31642.0000 45305.0000
32396.0000 31733.0000 45227.0000
32435.0000 31863.0000 45110.0000
32526.0000 31863.0000 45149.0000
32552.0000 31655.0000 45227.0000
32591.0000 31668.0000 45214.0000
32643.0000 31603.0000 45240.0000
32721.0000 31746.0000 45097.0000
32799.0000 31824.0000 45019.0000
32864.0000 31707.0000 45071.0000
32929.0000 31629.0000 45097.0000
33020.0000 31629.0000 45123.0000
33072.0000 31681.0000 45019.0000
33228.0000 31850.0000 44928.0000
33371.0000 31837.0000 44889.0000
33475.0000 31824.0000 44928.0000
33540.0000 31811.0000 44811.0000
33670.0000 31837.0000 44811.0000
33748.0000 31993.0000 44616.0000
33865.0000 32071.0000 44564.0000
33878.0000 32201.0000 44460.0000
33982.0000 32292.0000 44434.0000
34008.0000 32253.0000 44421.0000
34112.0000 32552.0000 44213.0000
34151.0000 32630.0000 44096.0000
34255.0000 32773.0000 44005.0000
34307.0000 32864.0000 43849.0000
34385.0000 33020.0000 43810.0000
34476.0000 33293.0000 43511.0000
34580.0000 33618.0000 43316.0000
34645.0000 33891.0000 43108.0000
34801.0000 34177.0000 43017.0000
34892.0000 34489.0000 42887.0000
35139.0000 34931.0000 42536.0000
35308.0000 35451.0000 42263.0000
35568.0000 35971.0000 42081.0000
35828.0000 36582.0000 41808.0000
36153.0000 37141.0000 41730.0000
36530.0000 37947.0000 41262.0000
36998.0000 38987.0000 41041.0000
37544.0000 40040.0000 40833.0000
38168.0000 41093.0000 40781.0000
38844.0000 42315.0000 40820.0000
39780.0000 43628.0000 40768.0000
40833.0000 45422.0000 40547.0000
42172.0000 47177.0000 40768.0000
43641.0000 49049.0000 41184.0000
45422.0000 51168.0000 41938.0000
47424.0000 53378.0000 42770.0000
49959.0000 55874.0000 43758.0000
52858.0000 58734.0000 45136.0000
56238.0000 61412.0000 47177.0000
59891.0000 64116.0000 49868.0000
64103.0000 66586.0000 53131.0000
68679.0000 68783.0000 57070.0000
73814.0000 70681.0000 61334.0000
78962.0000 71695.0000 66365.0000
84019.0000 71656.0000 72280.0000
88764.0000 70616.0000 78000.0000
93002.0000 68445.0000 83850.0000
96421.0000 64428.0000 89219.0000
98657.0000 59189.0000 93730.0000
99359.0000 52975.0000 97318.0000
98800.0000 45786.0000 99814.0000
96772.0000 38168.0000 100560.0000
93691.0000 30771.0000 99866.0000
89531.0000 23400.0000 97396.0000
84643.0000 17342.0000 93886.0000
79274.0000 12220.0000 89661.0000
73944.0000 8359.0000 84890.0000
68757.0000 5993.0000 80041.0000
64116.0000 4433.0000 75179.0000
59800.0000 4147.0000 70538.0000
56004.0000 4576.0000 66482.0000
52754.0000 5187.0000 62816.0000
50037.0000 6357.0000 59644.0000
47671.0000 7761.0000 56875.0000
