-14001.0000 -9659.0000 80041.0000
-14586.0000 -9321.0000 79690.0000
-15197.0000 -8736.0000 79365.0000
-15756.0000 -8216.0000 79066.0000
-16172.0000 -8242.0000 78741.0000
-16549.0000 -7891.0000 78481.0000
-17030.0000 -7852.0000 78117.0000
-17355.0000 -7696.0000 77870.0000
-17706.0000 -7267.0000 77610.0000
-18031.0000 -6890.0000 77428.0000
-18239.0000 -6812.0000 77155.0000
-18395.0000 -6617.0000 76973.0000
-18642.0000 -6773.0000 76674.0000
-18837.0000 -6812.0000 76518.0000
-18980.0000 -6526.0000 76271.0000
-19175.0000 -6175.0000 76115.0000
-19292.0000 -6214.0000 75842.0000
-19318.0000 -6149.0000 75699.0000
-19487.0000 -6318.0000 75400.0000
-19643.0000 -6409.0000 75205.0000
-19747.0000 -6240.0000 74997.0000
-19851.0000 -5941.0000 74893.0000
-19994.0000 -5902.0000 74711.0000
-19968.0000 -5889.0000 74542.0000
-20124.0000 -5863.0000 74282.0000
-20228.0000 -6123.0000 74100.0000
-20319.0000 -6214.0000 73905.0000
-20397.0000 -5876.0000 73814.0000
-20501.0000 -5863.0000 73606.0000
-20514.0000 -5772.0000 73489.0000
-20618.0000 -5681.0000 73255.0000
-20683.0000 -5837.0000 73086.0000
-20722.0000 -6006.0000 72917.0000
-20761.0000 -5733.0000 72839.0000
-20826.0000 -5538.0000 72696.0000
-20761.0000 -5460.0000 72644.0000
-20774.0000 -5434.0000 72423.0000
-20852.0000 -5564.0000 72293.0000
-20839.0000 -5616.0000 72098.0000
-20800.0000 -5395.0000 72020.0000
-20839.0000 -5226.0000 71864.0000
-20774.0000 -5187.0000 71773.0000
-20748.0000 -5083.0000 71630.0000
-20878.0000 -5200.0000 71513.0000
-20852.0000 -5356.0000 71357.0000
-20865.0000 -5200.0000 71331.0000
-20891.0000 -4914.0000 71227.0000
-20852.0000 -4784.0000 71227.0000
-20865.0000 -4706.0000 71058.0000
-20943.0000 -4901.0000 71006.0000
-20878.0000 -5135.0000 70863.0000
-20969.0000 -4966.0000 70837.0000
-20930.0000 -4563.0000 70759.0000
-20943.0000 -4537.0000 70759.0000
-20969.0000 -4576.0000 70629.0000
-21034.0000 -4810.0000 70577.0000
-21008.0000 -4836.0000 70499.0000
-21086.0000 -4602.0000 70512.0000
-21008.0000 -4498.0000 70447.0000
-21034.0000 -4459.0000 70421.0000
-21086.0000 -4589.0000 70291.0000
-21112.0000 -4823.0000 70252.0000
-21151.0000 -4797.0000 70135.0000
-21203.0000 -4628.0000 70096.0000
-21216.0000 -4537.0000 70044.0000
-21255.0000 -4537.0000 70018.0000
-21346.0000 -4680.0000 69836.0000
-21372.0000 -4849.0000 69810.0000
-21437.0000 -4758.0000 69706.0000
-21502.0000 -4641.0000 69667.0000
-21489.0000 -4615.0000 69550.0000
-21554.0000 -4732.0000 69472.0000
-21645.0000 -4823.0000 69342.0000
-21671.0000 -4940.0000 69199.0000
-21775.0000 -4901.0000 69069.0000
-21866.0000 -4810.0000 68939.0000
-21840.0000 -4719.0000 68796.0000
-21931.0000 -4836.0000 68666.0000
-21970.0000 -4849.0000 68510.0000
-22009.0000 -4940.0000 68354.0000
-22061.0000 -4693.0000 68198.0000
-22074.0000 -4706.0000 68055.0000
-22113.0000 -4706.0000 67860.0000
-22217.0000 -4693.0000 67652.0000
-22256.0000 -4732.0000 67457.0000
-22360.0000 -4433.0000 67301.0000
-22412.0000 -4225.0000 67158.0000
-22438.0000 -4251.0000 66989.0000
-22451.0000 -4212.0000 66781.0000
-22568.0000 -4082.0000 66664.0000
-22620.0000 -3887.0000 66469.0000
-22672.0000 -3497.0000 66378.0000
-22672.0000 -3328.0000 66209.0000
-22698.0000 -3419.0000 66092.0000
-22646.0000 -3328.0000 65936.0000
-22776.0000 -3029.0000 65819.0000
-22737.0000 -2535.0000 65702.0000
-22815.0000 -2145.0000 65728.0000
-22698.0000 -2093.0000 65663.0000
-22659.0000 -2171.0000 65663.0000
