37882.0000 37947.0000 44733.0000
37947.0000 38077.0000 45084.0000
38051.0000 38493.0000 45305.0000
38116.0000 38974.0000 45539.0000
38181.0000 39169.0000 45851.0000
38155.0000 39507.0000 46202.0000
38194.0000 39559.0000 46618.0000
38103.0000 39923.0000 46852.0000
38194.0000 39910.0000 47268.0000
38103.0000 40183.0000 47450.0000
38090.0000 40209.0000 47840.0000
37947.0000 40404.0000 48087.0000
37947.0000 40339.0000 48477.0000
37882.0000 40365.0000 48672.0000
37869.0000 40313.0000 48971.0000
37765.0000 40183.0000 49166.0000
37674.0000 40118.0000 49426.0000
37661.0000 39832.0000 49556.0000
37635.0000 39767.0000 49686.0000
37544.0000 39598.0000 49751.0000
37518.0000 39520.0000 49829.0000
37557.0000 39013.0000 49933.0000
37609.0000 39091.0000 49790.0000
37622.0000 38805.0000 49673.0000
37622.0000 38649.0000 49582.0000
37661.0000 38337.0000 49517.0000
37817.0000 38220.0000 49257.0000
37882.0000 38038.0000 49127.0000
37999.0000 38064.0000 48958.0000
38077.0000 37947.0000 48711.0000
38337.0000 37648.0000 48633.0000
38454.0000 37609.0000 48425.0000
38610.0000 37570.0000 48243.0000
38662.0000 37648.0000 48009.0000
38857.0000 37570.0000 47892.0000
38935.0000 37635.0000 47671.0000
39104.0000 37544.0000 47671.0000
39195.0000 37531.0000 47502.0000
39377.0000 37635.0000 47359.0000
39494.0000 37609.0000 47164.0000
39611.0000 37492.0000 47177.0000
39663.0000 37544.0000 47034.0000
39728.0000 37427.0000 47008.0000
39884.0000 37401.0000 46865.0000
39988.0000 37518.0000 46826.0000
40079.0000 37297.0000 46800.0000
40105.0000 37349.0000 46735.0000
40222.0000 36998.0000 46735.0000
40235.0000 36920.0000 46748.0000
40274.0000 36660.0000 46696.0000
40196.0000 36621.0000 46670.0000
40196.0000 36387.0000 46670.0000
40196.0000 36283.0000 46657.0000
40209.0000 36036.0000 46618.0000
40079.0000 35802.0000 46631.0000
40001.0000 35438.0000 46709.0000
39923.0000 35243.0000 46592.0000
39806.0000 35152.0000 46527.0000
39676.0000 34866.0000 46501.0000
39494.0000 34684.0000 46436.0000
39403.0000 34281.0000 46423.0000
39208.0000 34060.0000 46267.0000
39065.0000 33878.0000 46111.0000
38805.0000 33670.0000 45851.0000
38623.0000 33241.0000 45734.0000
38246.0000 33085.0000 45435.0000
37908.0000 32786.0000 45253.0000
37518.0000 32500.0000 45006.0000
37128.0000 32227.0000 44733.0000
36699.0000 32149.0000 44317.0000
36296.0000 31811.0000 44070.0000
35711.0000 31616.0000 43680.0000
35243.0000 31213.0000 43407.0000
34684.0000 31174.0000 42874.0000
34164.0000 31018.0000 42523.0000
33566.0000 31005.0000 42055.0000
33072.0000 30810.0000 41652.0000
32474.0000 30888.0000 41119.0000
31902.0000 30836.0000 40690.0000
31291.0000 30823.0000 40222.0000
30719.0000 30784.0000 39780.0000
30069.0000 31057.0000 39117.0000
29471.0000 31135.0000 38740.0000
28860.0000 31356.0000 38272.0000
28327.0000 31421.0000 37921.0000
27755.0000 31707.0000 37375.0000
27222.0000 31915.0000 36920.0000
26637.0000 32214.0000 36504.0000
26130.0000 32435.0000 36205.0000
25662.0000 32760.0000 35737.0000
25194.0000 33254.0000 35399.0000
24765.0000 33657.0000 35022.0000
24427.0000 34060.0000 34736.0000
24102.0000 34528.0000 34281.0000
23725.0000 35048.0000 34086.0000
23348.0000 35464.0000 33839.0000
23075.0000 35984.0000 33670.0000
22841.0000 36478.0000 33384.0000
22581.0000 37037.0000 33358.0000
22373.0000 37440.0000 33241.0000
