-15652.0000 5278.0000 58240.0000
-15496.0000 5252.0000 58253.0000
-15600.0000 5252.0000 58318.0000
-15392.0000 5213.0000 58292.0000
-15587.0000 5226.0000 58266.0000
-15483.0000 5096.0000 58292.0000
-15626.0000 5109.0000 58279.0000
-15457.0000 5200.0000 58318.0000
-15548.0000 5148.0000 58357.0000
-15457.0000 5213.0000 58370.0000
-15574.0000 5148.0000 58370.0000
-15444.0000 5083.0000 58383.0000
-15535.0000 5096.0000 58422.0000
-15366.0000 5031.0000 58474.0000
-15444.0000 4992.0000 58487.0000
-15379.0000 4979.0000 58513.0000
-15496.0000 5031.0000 58500.0000
-15366.0000 5083.0000 58526.0000
-15444.0000 5057.0000 58552.0000
-15327.0000 5083.0000 58591.0000
-15470.0000 5148.0000 58591.0000
-15418.0000 5278.0000 58604.0000
-15496.0000 5252.0000 58630.0000
-15353.0000 5200.0000 58656.0000
-15457.0000 5057.0000 58682.0000
-15340.0000 5031.0000 58721.0000
-15444.0000 5005.0000 58721.0000
-15379.0000 5161.0000 58721.0000
-15470.0000 5109.0000 58747.0000
-15379.0000 5057.0000 58760.0000
-15470.0000 4953.0000 58799.0000
-15366.0000 5096.0000 58825.0000
-15522.0000 5187.0000 58825.0000
-15457.0000 5317.0000 58864.0000
-15509.0000 5278.0000 58864.0000
-15444.0000 5291.0000 58890.0000
-15470.0000 5148.0000 58942.0000
-15392.0000 5226.0000 58955.0000
-15444.0000 5122.0000 58981.0000
-15392.0000 5174.0000 59007.0000
-15418.0000 5096.0000 58981.0000
-15353.0000 5122.0000 59033.0000
-15392.0000 5070.0000 59046.0000
-15366.0000 5083.0000 59072.0000
-15418.0000 5096.0000 59072.0000
-15366.0000 5213.0000 59111.0000
-15418.0000 5213.0000 59124.0000
-15392.0000 5265.0000 59137.0000
-15444.0000 5265.0000 59176.0000
-15392.0000 5213.0000 59241.0000
-15496.0000 5187.0000 59228.0000
-15457.0000 5174.0000 59202.0000
-15561.0000 5057.0000 59306.0000
-15431.0000 5031.0000 59293.0000
-15496.0000 5031.0000 59358.0000
-15470.0000 5135.0000 59345.0000
-15561.0000 5044.0000 59384.0000
-15548.0000 5070.0000 59397.0000
-15600.0000 5018.0000 59449.0000
-15535.0000 5070.0000 59475.0000
-15561.0000 5083.0000 59514.0000
-15548.0000 5057.0000 59527.0000
-15613.0000 4966.0000 59566.0000
-15587.0000 5005.0000 59618.0000
-15613.0000 5005.0000 59644.0000
-15574.0000 4992.0000 59683.0000
-15626.0000 5018.0000 59683.0000
-15652.0000 5109.0000 59735.0000
-15704.0000 5174.0000 59748.0000
-15678.0000 5161.0000 59839.0000
-15717.0000 5083.0000 59865.0000
-15717.0000 5135.0000 59917.0000
-15743.0000 5174.0000 59930.0000
-15756.0000 5369.0000 59969.0000
-15808.0000 5265.0000 60021.0000
-15756.0000 5174.0000 60073.0000
-15808.0000 5083.0000 60099.0000
-15782.0000 5187.0000 60125.0000
-15847.0000 5291.0000 60125.0000
-15834.0000 5239.0000 60177.0000
-15860.0000 5135.0000 60216.0000
-15808.0000 4927.0000 60242.0000
-15860.0000 4953.0000 60255.0000
-15808.0000 5057.0000 60281.0000
-15873.0000 5226.0000 60307.0000
-15821.0000 5252.0000 60333.0000
-15873.0000 5083.0000 60372.0000
-15821.0000 5044.0000 60411.0000
-15873.0000 5057.0000 60398.0000
-15860.0000 5200.0000 60450.0000
-15912.0000 5278.0000 60463.0000
-15912.0000 5356.0000 60515.0000
-15938.0000 5252.0000 60528.0000
-15925.0000 5148.0000 60554.0000
-15977.0000 5161.0000 60580.0000
-15977.0000 5213.0000 60632.0000
-16003.0000 5291.0000 60645.0000
-15990.0000 5278.0000 60671.0000
-16042.0000 5291.0000 60671.0000
-16016.0000 5200.0000 60710.0000
