23829.0000 40534.0000 34736.0000
23816.0000 40534.0000 34723.0000
23829.0000 40547.0000 34723.0000
23803.0000 40534.0000 34710.0000
23842.0000 40547.0000 34723.0000
23803.0000 40521.0000 34723.0000
23829.0000 40547.0000 34736.0000
23803.0000 40534.0000 34723.0000
23816.0000 40534.0000 34749.0000
23803.0000 40508.0000 34749.0000
23816.0000 40521.0000 34749.0000
23803.0000 40495.0000 34749.0000
23816.0000 40508.0000 34749.0000
23803.0000 40534.0000 34749.0000
23803.0000 40534.0000 34736.0000
23816.0000 40521.0000 34723.0000
23829.0000 40534.0000 34749.0000
23803.0000 40534.0000 34736.0000
23790.0000 40573.0000 34710.0000
23816.0000 40521.0000 34723.0000
23803.0000 40534.0000 34723.0000
23803.0000 40521.0000 34736.0000
23816.0000 40534.0000 34736.0000
23816.0000 40508.0000 34723.0000
23803.0000 40560.0000 34749.0000
23803.0000 40508.0000 34749.0000
23803.0000 40547.0000 34749.0000
23816.0000 40495.0000 34723.0000
23790.0000 40534.0000 34736.0000
23803.0000 40547.0000 34736.0000
23803.0000 40534.0000 34736.0000
23790.0000 40521.0000 34749.0000
23816.0000 40547.0000 34723.0000
23803.0000 40521.0000 34723.0000
23803.0000 40560.0000 34749.0000
23803.0000 40521.0000 34736.0000
23803.0000 40534.0000 34749.0000
23803.0000 40521.0000 34723.0000
23816.0000 40547.0000 34749.0000
23790.0000 40534.0000 34736.0000
23816.0000 40534.0000 34749.0000
23803.0000 40508.0000 34723.0000
23842.0000 40521.0000 34775.0000
23881.0000 40547.0000 34736.0000
23803.0000 40547.0000 34736.0000
23803.0000 40560.0000 34736.0000
23803.0000 40534.0000 34736.0000
23816.0000 40547.0000 34749.0000
23829.0000 40534.0000 34723.0000
23803.0000 40547.0000 34749.0000
23816.0000 40534.0000 34736.0000
23816.0000 40534.0000 34749.0000
23829.0000 40521.0000 34736.0000
23816.0000 40534.0000 34736.0000
23816.0000 40560.0000 34749.0000
23803.0000 40547.0000 34749.0000
23816.0000 40547.0000 34749.0000
23829.0000 40534.0000 34736.0000
23803.0000 40547.0000 34749.0000
23842.0000 40508.0000 34736.0000
23803.0000 40547.0000 34723.0000
23829.0000 40508.0000 34749.0000
23829.0000 40534.0000 34749.0000
23855.0000 40508.0000 34736.0000
23855.0000 40534.0000 34762.0000
23855.0000 40508.0000 34749.0000
23842.0000 40547.0000 34762.0000
23855.0000 40521.0000 34788.0000
23829.0000 40547.0000 34788.0000
23842.0000 40495.0000 34762.0000
23829.0000 40586.0000 34775.0000
23855.0000 40521.0000 34775.0000
23842.0000 40599.0000 34762.0000
23855.0000 40586.0000 34775.0000
23868.0000 40573.0000 34775.0000
23881.0000 40573.0000 34801.0000
23907.0000 40586.0000 34801.0000
23920.0000 40547.0000 34801.0000
23959.0000 40560.0000 34788.0000
23959.0000 40547.0000 34814.0000
23972.0000 40521.0000 34775.0000
23985.0000 40508.0000 34814.0000
24011.0000 40508.0000 34801.0000
24063.0000 40495.0000 34788.0000
24102.0000 40482.0000 34801.0000
24128.0000 40482.0000 34775.0000
24141.0000 40482.0000 34775.0000
24219.0000 40430.0000 34814.0000
24297.0000 40391.0000 34788.0000
24362.0000 40378.0000 34775.0000
24414.0000 40274.0000 34775.0000
24505.0000 40209.0000 34814.0000
24596.0000 40131.0000 34827.0000
24726.0000 40105.0000 34762.0000
24765.0000 40053.0000 34749.0000
24856.0000 39962.0000 34762.0000
24973.0000 39884.0000 34749.0000
25051.0000 39858.0000 34762.0000
25129.0000 39793.0000 34762.0000
25233.0000 39715.0000 34775.0000
