41691.0000 22022.0000 36413.0000
41743.0000 22074.0000 36413.0000
41717.0000 22113.0000 36452.0000
41808.0000 22139.0000 36387.0000
41756.0000 22113.0000 36374.0000
41795.0000 22152.0000 36374.0000
41782.0000 22204.0000 36361.0000
41847.0000 22230.0000 36348.0000
41860.0000 22269.0000 36335.0000
41899.0000 22269.0000 36361.0000
41886.0000 22295.0000 36348.0000
41951.0000 22308.0000 36361.0000
41964.0000 22295.0000 36348.0000
42055.0000 22334.0000 36348.0000
42042.0000 22360.0000 36283.0000
42094.0000 22399.0000 36270.0000
42133.0000 22477.0000 36257.0000
42185.0000 22503.0000 36244.0000
42172.0000 22568.0000 36231.0000
42250.0000 22594.0000 36205.0000
42263.0000 22633.0000 36192.0000
42289.0000 22646.0000 36231.0000
42302.0000 22633.0000 36218.0000
42354.0000 22633.0000 36218.0000
42393.0000 22633.0000 36205.0000
42458.0000 22542.0000 36231.0000
42484.0000 22516.0000 36231.0000
42536.0000 22451.0000 36257.0000
42588.0000 22347.0000 36270.0000
42666.0000 22243.0000 36309.0000
42705.0000 22191.0000 36296.0000
42783.0000 22048.0000 36348.0000
42822.0000 21957.0000 36335.0000
42913.0000 21853.0000 36387.0000
42939.0000 21749.0000 36361.0000
43030.0000 21671.0000 36439.0000
43082.0000 21541.0000 36413.0000
43173.0000 21398.0000 36465.0000
43251.0000 21307.0000 36439.0000
43316.0000 21177.0000 36491.0000
43355.0000 21099.0000 36478.0000
43407.0000 21021.0000 36543.0000
43459.0000 20904.0000 36517.0000
43524.0000 20865.0000 36582.0000
43563.0000 20774.0000 36556.0000
43693.0000 20631.0000 36621.0000
43719.0000 20475.0000 36647.0000
43810.0000 20358.0000 36686.0000
43875.0000 20241.0000 36686.0000
43888.0000 20176.0000 36751.0000
43966.0000 20059.0000 36712.0000
44031.0000 19994.0000 36751.0000
44083.0000 19877.0000 36816.0000
44226.0000 19825.0000 36816.0000
44226.0000 19708.0000 36790.0000
44291.0000 19630.0000 36842.0000
44343.0000 19487.0000 36829.0000
44434.0000 19461.0000 36855.0000
44460.0000 19318.0000 36855.0000
44551.0000 19240.0000 36933.0000
44564.0000 19162.0000 36907.0000
44668.0000 19058.0000 36959.0000
44694.0000 18915.0000 36985.0000
44785.0000 18785.0000 37037.0000
44837.0000 18577.0000 37037.0000
44941.0000 18473.0000 37102.0000
44954.0000 18278.0000 37076.0000
45071.0000 18161.0000 37141.0000
45084.0000 17979.0000 37167.0000
45201.0000 17823.0000 37232.0000
45240.0000 17628.0000 37245.0000
45370.0000 17485.0000 37284.0000
45383.0000 17316.0000 37310.0000
45487.0000 17212.0000 37362.0000
45513.0000 17030.0000 37375.0000
45578.0000 16874.0000 37440.0000
45656.0000 16679.0000 37466.0000
45721.0000 16562.0000 37544.0000
45799.0000 16367.0000 37557.0000
45890.0000 16198.0000 37596.0000
45916.0000 16003.0000 37596.0000
46020.0000 15873.0000 37687.0000
46059.0000 15691.0000 37674.0000
46150.0000 15587.0000 37752.0000
46189.0000 15470.0000 37739.0000
46215.0000 15431.0000 37778.0000
46280.0000 15353.0000 37791.0000
46358.0000 15327.0000 37791.0000
46371.0000 15275.0000 37765.0000
46436.0000 15366.0000 37765.0000
46462.0000 15405.0000 37752.0000
46501.0000 15392.0000 37765.0000
46514.0000 15483.0000 37739.0000
46501.0000 15561.0000 37752.0000
46553.0000 15587.0000 37765.0000
46592.0000 15600.0000 37765.0000
46618.0000 15587.0000 37765.0000
46618.0000 15717.0000 37778.0000
46631.0000 15691.0000 37765.0000
46670.0000 15639.0000 37817.0000
