-16341.0000 -2275.0000 77805.0000
-16315.0000 -2327.0000 77688.0000
-16250.0000 -2652.0000 77506.0000
-16159.0000 -2730.0000 77350.0000
-16055.0000 -2717.0000 77194.0000
-15990.0000 -2522.0000 77038.0000
-15925.0000 -2691.0000 76869.0000
-15873.0000 -2743.0000 76713.0000
-15821.0000 -2912.0000 76518.0000
-15756.0000 -2743.0000 76427.0000
-15678.0000 -2756.0000 76297.0000
-15626.0000 -2795.0000 76154.0000
-15509.0000 -2821.0000 76063.0000
-15340.0000 -2821.0000 75959.0000
-15288.0000 -2652.0000 75842.0000
-15184.0000 -2600.0000 75842.0000
-15106.0000 -2405.0000 75751.0000
-15002.0000 -2509.0000 75829.0000
-14885.0000 -2301.0000 75790.0000
-14664.0000 -2171.0000 75894.0000
-14560.0000 -1872.0000 75907.0000
-14391.0000 -1833.0000 76024.0000
-14248.0000 -1690.0000 76089.0000
-14105.0000 -1443.0000 76232.0000
-13962.0000 -1235.0000 76401.0000
-13832.0000 -1209.0000 76596.0000
-13728.0000 -1339.0000 76817.0000
-13559.0000 -1105.0000 77025.0000
-13403.0000 -897.0000 77272.0000
-13260.0000 -962.0000 77519.0000
-13104.0000 -1014.0000 77753.0000
-12948.0000 -1079.0000 78065.0000
-12779.0000 -884.0000 78351.0000
-12597.0000 -949.0000 78663.0000
-12480.0000 -923.0000 78910.0000
-12298.0000 -1365.0000 79248.0000
-12090.0000 -1651.0000 79521.0000
-11804.0000 -1352.0000 79859.0000
-11661.0000 -1443.0000 80119.0000
-11518.0000 -1846.0000 80379.0000
-11323.0000 -2184.0000 80665.0000
-11154.0000 -2444.0000 80964.0000
-10972.0000 -2535.0000 81224.0000
-10816.0000 -2925.0000 81445.0000
-10634.0000 -3406.0000 81653.0000
-10439.0000 -3861.0000 81835.0000
-10166.0000 -4329.0000 81939.0000
-10023.0000 -4589.0000 82056.0000
-9841.0000 -5278.0000 82108.0000
-9711.0000 -5707.0000 82199.0000
-9477.0000 -5967.0000 82238.0000
-9347.0000 -6214.0000 82277.0000
-9126.0000 -6864.0000 82173.0000
-8983.0000 -7514.0000 82121.0000
-8749.0000 -8073.0000 81952.0000
-8567.0000 -8125.0000 81887.0000
-8333.0000 -8645.0000 81692.0000
-8268.0000 -9100.0000 81588.0000
-8086.0000 -9659.0000 81328.0000
-7956.0000 -10140.0000 81172.0000
-7761.0000 -10296.0000 80977.0000
-7657.0000 -10829.0000 80756.0000
-7540.0000 -11115.0000 80522.0000
-7345.0000 -11297.0000 80249.0000
-7215.0000 -11687.0000 79950.0000
-7137.0000 -11921.0000 79703.0000
-6955.0000 -12272.0000 79430.0000
-6786.0000 -12298.0000 79209.0000
-6552.0000 -12792.0000 78871.0000
-6357.0000 -12727.0000 78611.0000
-6136.0000 -12753.0000 78286.0000
-6019.0000 -12935.0000 77987.0000
-5733.0000 -13312.0000 77597.0000
-5655.0000 -13078.0000 77337.0000
-5473.0000 -13234.0000 77025.0000
-5343.0000 -13286.0000 76687.0000
-5096.0000 -13429.0000 76349.0000
-4992.0000 -13299.0000 76076.0000
-4784.0000 -13559.0000 75686.0000
-4693.0000 -13416.0000 75374.0000
-4446.0000 -13429.0000 75049.0000
-4290.0000 -13208.0000 74828.0000
-4147.0000 -13377.0000 74503.0000
-4095.0000 -13182.0000 74256.0000
-3809.0000 -13286.0000 73957.0000
-3679.0000 -12935.0000 73775.0000
-3458.0000 -12948.0000 73489.0000
-3406.0000 -12701.0000 73294.0000
-3224.0000 -12597.0000 73047.0000
-3120.0000 -12181.0000 72956.0000
-2951.0000 -12194.0000 72735.0000
-2873.0000 -12077.0000 72566.0000
-2691.0000 -11804.0000 72423.0000
-2548.0000 -11453.0000 72345.0000
-2301.0000 -11427.0000 72163.0000
-2223.0000 -11258.0000 72098.0000
-2041.0000 -11258.0000 71929.0000
-1807.0000 -10972.0000 71929.0000
-1573.0000 -10634.0000 71864.0000
-1456.0000 -10569.0000 71825.0000
