37700.0000 19903.0000 51506.0000
37609.0000 19760.0000 51519.0000
37505.0000 19760.0000 51272.0000
37466.0000 19799.0000 51298.0000
37323.0000 20033.0000 51116.0000
37219.0000 19890.0000 51038.0000
37115.0000 19877.0000 50986.0000
37037.0000 19682.0000 50895.0000
36816.0000 19864.0000 50856.0000
36803.0000 19500.0000 50765.0000
36699.0000 19708.0000 50687.0000
36686.0000 19812.0000 50518.0000
36452.0000 19617.0000 50518.0000
36387.0000 19682.0000 50375.0000
36192.0000 19383.0000 50388.0000
36049.0000 19669.0000 50271.0000
35880.0000 19617.0000 50128.0000
35854.0000 19669.0000 50011.0000
35685.0000 19682.0000 49842.0000
35555.0000 19578.0000 49842.0000
35425.0000 19552.0000 49621.0000
35334.0000 19305.0000 49621.0000
35204.0000 19630.0000 49426.0000
35139.0000 19266.0000 49361.0000
35100.0000 19500.0000 49218.0000
35048.0000 19253.0000 49036.0000
34905.0000 19279.0000 49023.0000
34866.0000 19175.0000 48750.0000
34775.0000 19344.0000 48685.0000
34697.0000 19487.0000 48490.0000
34554.0000 19305.0000 48594.0000
34580.0000 19305.0000 48295.0000
34411.0000 19292.0000 48321.0000
34437.0000 19318.0000 48126.0000
34216.0000 18967.0000 48165.0000
34255.0000 19084.0000 47905.0000
34073.0000 19175.0000 47801.0000
34112.0000 18941.0000 47801.0000
33943.0000 18681.0000 47775.0000
34021.0000 18746.0000 47567.0000
33826.0000 18837.0000 47398.0000
33748.0000 18629.0000 47424.0000
33605.0000 18408.0000 47333.0000
33605.0000 18512.0000 47268.0000
33488.0000 18447.0000 47164.0000
33436.0000 18395.0000 47203.0000
33293.0000 18304.0000 46995.0000
33345.0000 18499.0000 47073.0000
33202.0000 18265.0000 46800.0000
33202.0000 18330.0000 47047.0000
33150.0000 18031.0000 46683.0000
33241.0000 18265.0000 46943.0000
33254.0000 17940.0000 46436.0000
33293.0000 18148.0000 46813.0000
33293.0000 17836.0000 46176.0000
33358.0000 17992.0000 46631.0000
33319.0000 17602.0000 45981.0000
33332.0000 17784.0000 46449.0000
33306.0000 17446.0000 45799.0000
33410.0000 17641.0000 46202.0000
33436.0000 17303.0000 45617.0000
33462.0000 17316.0000 45903.0000
33449.0000 17069.0000 45396.0000
33540.0000 17004.0000 45526.0000
33501.0000 16848.0000 45162.0000
33592.0000 16705.0000 45175.0000
33605.0000 16627.0000 44889.0000
33761.0000 16432.0000 44772.0000
33774.0000 16484.0000 44525.0000
33852.0000 16237.0000 44330.0000
33813.0000 16224.0000 44148.0000
33956.0000 15964.0000 43862.0000
33943.0000 16055.0000 43732.0000
34034.0000 15899.0000 43381.0000
34060.0000 15964.0000 43212.0000
34177.0000 15795.0000 42822.0000
34203.0000 15860.0000 42679.0000
34294.0000 15652.0000 42237.0000
34307.0000 15782.0000 42029.0000
34437.0000 15639.0000 41574.0000
34463.0000 15821.0000 41353.0000
34567.0000 15743.0000 40911.0000
34658.0000 15899.0000 40677.0000
34840.0000 16003.0000 40144.0000
34840.0000 16263.0000 39871.0000
34879.0000 16289.0000 39442.0000
34879.0000 16705.0000 39156.0000
34918.0000 16809.0000 38740.0000
34892.0000 17394.0000 38558.0000
34827.0000 17602.0000 38337.0000
34762.0000 18148.0000 38194.0000
34723.0000 18447.0000 37934.0000
34632.0000 19110.0000 37843.0000
34463.0000 19461.0000 37817.0000
34268.0000 19903.0000 37843.0000
34073.0000 20241.0000 37830.0000
33917.0000 20917.0000 37804.0000
33631.0000 21424.0000 37908.0000
33436.0000 21554.0000 38207.0000
33124.0000 22022.0000 38376.0000
