3666.0000 5967.0000 56355.0000
3653.0000 5967.0000 56329.0000
3614.0000 5889.0000 56381.0000
3627.0000 5902.0000 56303.0000
3614.0000 5759.0000 56316.0000
3575.0000 5720.0000 56277.0000
3588.0000 5642.0000 56277.0000
3549.0000 5590.0000 56238.0000
3575.0000 5512.0000 56251.0000
3549.0000 5473.0000 56199.0000
3575.0000 5317.0000 56186.0000
3575.0000 5291.0000 56186.0000
3601.0000 5161.0000 56160.0000
3562.0000 5122.0000 56160.0000
3588.0000 5005.0000 56147.0000
3549.0000 4992.0000 56134.0000
3562.0000 4836.0000 56134.0000
3523.0000 4810.0000 56121.0000
3549.0000 4680.0000 56095.0000
3484.0000 4602.0000 56095.0000
3523.0000 4511.0000 56082.0000
3471.0000 4485.0000 56095.0000
3510.0000 4394.0000 56095.0000
3471.0000 4368.0000 56095.0000
3510.0000 4381.0000 56056.0000
3432.0000 4355.0000 56069.0000
3484.0000 4290.0000 56043.0000
3406.0000 4303.0000 56056.0000
3458.0000 4277.0000 56030.0000
3367.0000 4238.0000 56069.0000
3445.0000 4186.0000 56030.0000
3367.0000 4173.0000 56056.0000
3432.0000 4069.0000 56030.0000
3367.0000 4030.0000 56043.0000
3393.0000 4004.0000 56017.0000
3302.0000 3952.0000 56004.0000
3354.0000 3900.0000 55978.0000
3289.0000 3861.0000 56004.0000
3328.0000 3731.0000 55965.0000
3276.0000 3640.0000 55991.0000
3341.0000 3549.0000 55965.0000
3263.0000 3484.0000 55991.0000
3367.0000 3289.0000 55965.0000
3302.0000 3224.0000 55991.0000
3419.0000 3159.0000 55939.0000
3328.0000 3068.0000 55978.0000
3419.0000 2925.0000 55939.0000
3367.0000 2873.0000 55952.0000
3484.0000 2730.0000 55939.0000
3393.0000 2665.0000 55952.0000
3510.0000 2561.0000 55952.0000
3419.0000 2483.0000 55952.0000
3536.0000 2353.0000 55991.0000
3536.0000 2314.0000 55965.0000
3562.0000 2288.0000 55952.0000
3484.0000 2223.0000 55952.0000
3562.0000 2132.0000 55952.0000
3536.0000 2054.0000 55952.0000
3614.0000 1989.0000 55900.0000
3536.0000 1911.0000 55939.0000
3614.0000 1807.0000 55926.0000
3549.0000 1755.0000 55926.0000
3666.0000 1638.0000 55913.0000
3575.0000 1560.0000 55939.0000
3666.0000 1482.0000 55939.0000
3627.0000 1443.0000 55913.0000
3692.0000 1391.0000 55887.0000
3666.0000 1300.0000 55887.0000
3744.0000 1261.0000 55861.0000
3679.0000 1196.0000 55900.0000
3783.0000 1157.0000 55848.0000
3731.0000 1131.0000 55861.0000
3809.0000 1105.0000 55861.0000
3744.0000 1040.0000 55874.0000
3822.0000 1014.0000 55835.0000
3731.0000 975.0000 55874.0000
3796.0000 949.0000 55835.0000
3744.0000 871.0000 55848.0000
3822.0000 819.0000 55835.0000
3731.0000 832.0000 55861.0000
3783.0000 806.0000 55848.0000
3731.0000 806.0000 55874.0000
3770.0000 858.0000 55848.0000
3705.0000 858.0000 55874.0000
3757.0000 884.0000 55835.0000
3705.0000 871.0000 55861.0000
3731.0000 910.0000 55835.0000
3705.0000 923.0000 55874.0000
3731.0000 936.0000 55848.0000
3705.0000 910.0000 55861.0000
3744.0000 910.0000 55848.0000
3705.0000 936.0000 55861.0000
3744.0000 936.0000 55835.0000
3692.0000 936.0000 55861.0000
3731.0000 949.0000 55848.0000
3718.0000 923.0000 55874.0000
3731.0000 923.0000 55874.0000
3692.0000 884.0000 55874.0000
3744.0000 871.0000 55848.0000
3679.0000 858.0000 55861.0000
