-8840.0000 4472.0000 60892.0000
-8957.0000 4446.0000 60749.0000
-8866.0000 4472.0000 60931.0000
-8918.0000 4459.0000 60775.0000
-8853.0000 4485.0000 60892.0000
-8944.0000 4420.0000 60749.0000
-8866.0000 4472.0000 60892.0000
-8957.0000 4407.0000 60762.0000
-8853.0000 4485.0000 60892.0000
-8931.0000 4433.0000 60775.0000
-8866.0000 4472.0000 60905.0000
-8918.0000 4394.0000 60775.0000
-8879.0000 4472.0000 60879.0000
-8918.0000 4407.0000 60788.0000
-8879.0000 4485.0000 60879.0000
-8931.0000 4407.0000 60762.0000
-8879.0000 4485.0000 60892.0000
-8918.0000 4394.0000 60801.0000
-8892.0000 4459.0000 60879.0000
-8931.0000 4407.0000 60801.0000
-8879.0000 4459.0000 60879.0000
-8931.0000 4394.0000 60775.0000
-8905.0000 4459.0000 60879.0000
-8918.0000 4407.0000 60788.0000
-8918.0000 4472.0000 60866.0000
-8905.0000 4407.0000 60762.0000
-8905.0000 4498.0000 60866.0000
-8931.0000 4407.0000 60788.0000
-8905.0000 4472.0000 60892.0000
-8905.0000 4394.0000 60775.0000
-8918.0000 4472.0000 60879.0000
-8905.0000 4407.0000 60801.0000
-8918.0000 4485.0000 60879.0000
-8892.0000 4394.0000 60788.0000
-8905.0000 4472.0000 60879.0000
-8905.0000 4420.0000 60775.0000
-8931.0000 4472.0000 60879.0000
-8892.0000 4446.0000 60788.0000
-8918.0000 4472.0000 60866.0000
-8892.0000 4407.0000 60801.0000
-8918.0000 4485.0000 60866.0000
-8892.0000 4407.0000 60788.0000
-8944.0000 4472.0000 60866.0000
-8879.0000 4394.0000 60801.0000
-8957.0000 4472.0000 60879.0000
-8905.0000 4394.0000 60788.0000
-8944.0000 4485.0000 60866.0000
-8892.0000 4394.0000 60788.0000
-8970.0000 4485.0000 60866.0000
-8905.0000 4420.0000 60762.0000
-8944.0000 4524.0000 60853.0000
-8879.0000 4420.0000 60749.0000
-8944.0000 4511.0000 60905.0000
-8853.0000 4446.0000 60749.0000
-8944.0000 4550.0000 60840.0000
-8866.0000 4420.0000 60749.0000
-8944.0000 4563.0000 60827.0000
-8853.0000 4420.0000 60710.0000
-8931.0000 4524.0000 60788.0000
-8840.0000 4394.0000 60723.0000
-8905.0000 4498.0000 60788.0000
-8827.0000 4381.0000 60671.0000
-8892.0000 4459.0000 60775.0000
-8814.0000 4407.0000 60671.0000
-8879.0000 4485.0000 60762.0000
-8775.0000 4394.0000 60658.0000
-8879.0000 4485.0000 60710.0000
-8762.0000 4355.0000 60645.0000
-8866.0000 4498.0000 60723.0000
-8762.0000 4381.0000 60606.0000
-8840.0000 4485.0000 60697.0000
-8736.0000 4355.0000 60593.0000
-8827.0000 4511.0000 60671.0000
-8723.0000 4342.0000 60580.0000
-8814.0000 4472.0000 60632.0000
-8697.0000 4316.0000 60541.0000
-8775.0000 4407.0000 60593.0000
-8710.0000 4238.0000 60515.0000
-8736.0000 4342.0000 60580.0000
-8684.0000 4212.0000 60489.0000
-8749.0000 4342.0000 60541.0000
-8645.0000 4199.0000 60450.0000
-8736.0000 4368.0000 60515.0000
-8658.0000 4212.0000 60437.0000
-8710.0000 4368.0000 60476.0000
-8619.0000 4160.0000 60424.0000
-8671.0000 4316.0000 60450.0000
-8567.0000 4160.0000 60411.0000
-8645.0000 4316.0000 60411.0000
-8554.0000 4121.0000 60372.0000
-8632.0000 4329.0000 60398.0000
-8528.0000 4173.0000 60333.0000
-8593.0000 4355.0000 60359.0000
-8476.0000 4186.0000 60333.0000
-8567.0000 4342.0000 60307.0000
-8450.0000 4160.0000 60255.0000
-8515.0000 4290.0000 60294.0000
-8424.0000 4108.0000 60242.0000
-8476.0000 4264.0000 60255.0000
-8372.0000 4095.0000 60203.0000
