5109.0000 -31421.0000 88179.0000
4862.0000 -32318.0000 87633.0000
4550.0000 -32864.0000 87139.0000
4329.0000 -33293.0000 86593.0000
4004.0000 -33657.0000 86177.0000
3705.0000 -34073.0000 85761.0000
3328.0000 -34333.0000 85332.0000
3029.0000 -34996.0000 84838.0000
2665.0000 -35061.0000 84565.0000
2327.0000 -35321.0000 84188.0000
1963.0000 -35464.0000 83863.0000
1612.0000 -35841.0000 83447.0000
1261.0000 -35880.0000 83226.0000
897.0000 -36244.0000 82914.0000
572.0000 -36179.0000 82706.0000
260.0000 -36556.0000 82303.0000
-13.0000 -36998.0000 81926.0000
-338.0000 -37037.0000 81718.0000
-650.0000 -36803.0000 81536.0000
-988.0000 -37206.0000 81055.0000
-1339.0000 -37531.0000 80743.0000
-1716.0000 -37622.0000 80444.0000
-2106.0000 -37635.0000 80106.0000
-2470.0000 -37882.0000 79729.0000
-2834.0000 -38012.0000 79365.0000
-3198.0000 -38246.0000 78936.0000
-3575.0000 -38194.0000 78585.0000
-3991.0000 -38506.0000 78091.0000
-4329.0000 -38727.0000 77714.0000
-4693.0000 -38740.0000 77402.0000
-5109.0000 -38649.0000 77012.0000
-5421.0000 -38831.0000 76661.0000
-5707.0000 -38649.0000 76427.0000
-6071.0000 -38571.0000 76115.0000
-6435.0000 -38454.0000 75751.0000
-6708.0000 -38584.0000 75400.0000
-7046.0000 -38337.0000 75244.0000
-7319.0000 -38272.0000 74945.0000
-7683.0000 -37895.0000 74828.0000
-7917.0000 -38064.0000 74425.0000
-8112.0000 -38233.0000 74191.0000
-8372.0000 -38012.0000 73996.0000
-8658.0000 -37557.0000 73892.0000
-8827.0000 -37960.0000 73515.0000
-8996.0000 -37739.0000 73528.0000
-9191.0000 -37726.0000 73320.0000
-9347.0000 -37505.0000 73216.0000
-9412.0000 -37505.0000 73060.0000
-9503.0000 -37414.0000 72956.0000
-9633.0000 -37310.0000 72930.0000
-9737.0000 -36933.0000 72878.0000
-9841.0000 -37219.0000 72683.0000
-9893.0000 -37219.0000 72670.0000
-9958.0000 -37219.0000 72605.0000
-10088.0000 -37037.0000 72553.0000
-10114.0000 -37427.0000 72358.0000
-10088.0000 -37388.0000 72280.0000
-10192.0000 -37765.0000 72124.0000
-10205.0000 -37739.0000 72111.0000
-10257.0000 -38051.0000 71955.0000
-10179.0000 -37999.0000 72007.0000
-10231.0000 -38337.0000 71851.0000
-10257.0000 -38441.0000 71721.0000
-10257.0000 -38831.0000 71500.0000
-10231.0000 -39013.0000 71409.0000
-10283.0000 -39143.0000 71383.0000
-10296.0000 -39234.0000 71266.0000
-10322.0000 -39572.0000 71032.0000
-10322.0000 -39897.0000 70850.0000
-10335.0000 -40157.0000 70655.0000
-10322.0000 -40352.0000 70421.0000
-10413.0000 -40560.0000 70174.0000
-10413.0000 -40820.0000 69927.0000
-10413.0000 -41093.0000 69654.0000
-10387.0000 -41067.0000 69407.0000
-10400.0000 -41509.0000 68939.0000
-10348.0000 -41951.0000 68432.0000
-10361.0000 -42003.0000 68146.0000
-10322.0000 -41938.0000 67769.0000
-10413.0000 -42380.0000 67145.0000
-10400.0000 -42679.0000 66625.0000
-10530.0000 -42783.0000 66157.0000
-10543.0000 -42822.0000 65611.0000
-10647.0000 -43264.0000 64909.0000
-10634.0000 -43186.0000 64441.0000
-10764.0000 -43381.0000 63687.0000
-10816.0000 -43394.0000 63011.0000
-10985.0000 -43589.0000 62296.0000
-11063.0000 -43433.0000 61828.0000
-11180.0000 -43238.0000 61386.0000
-11206.0000 -43225.0000 60554.0000
-11284.0000 -42991.0000 60151.0000
-11362.0000 -42861.0000 59397.0000
-11453.0000 -42276.0000 59085.0000
-11427.0000 -42484.0000 58214.0000
-11466.0000 -41782.0000 58097.0000
-11453.0000 -41574.0000 57629.0000
-11453.0000 -40963.0000 57265.0000
-11284.0000 -40937.0000 56797.0000
-11180.0000 -40469.0000 56563.0000
