1092.0000 -585.0000 55822.0000
975.0000 -585.0000 55861.0000
975.0000 -611.0000 55874.0000
910.0000 -637.0000 55848.0000
910.0000 -702.0000 55861.0000
806.0000 -741.0000 55874.0000
819.0000 -780.0000 55887.0000
754.0000 -793.0000 55900.0000
767.0000 -754.0000 55900.0000
650.0000 -741.0000 55926.0000
676.0000 -767.0000 55913.0000
585.0000 -780.0000 55913.0000
624.0000 -819.0000 55939.0000
520.0000 -806.0000 55952.0000
546.0000 -871.0000 55978.0000
416.0000 -845.0000 55991.0000
455.0000 -819.0000 55991.0000
312.0000 -832.0000 56004.0000
351.0000 -845.0000 55991.0000
221.0000 -884.0000 56030.0000
234.0000 -910.0000 56030.0000
143.0000 -936.0000 56069.0000
169.0000 -988.0000 56056.0000
117.0000 -936.0000 56095.0000
104.0000 -988.0000 56082.0000
-26.0000 -949.0000 56108.0000
26.0000 -988.0000 56069.0000
-78.0000 -1027.0000 56121.0000
-39.0000 -1027.0000 56147.0000
-156.0000 -988.0000 56173.0000
-156.0000 -975.0000 56160.0000
-247.0000 -1014.0000 56173.0000
-260.0000 -1066.0000 56160.0000
-390.0000 -1144.0000 56173.0000
-377.0000 -1235.0000 56160.0000
-481.0000 -1300.0000 56199.0000
-468.0000 -1339.0000 56212.0000
-572.0000 -1417.0000 56212.0000
-507.0000 -1469.0000 56199.0000
-650.0000 -1469.0000 56225.0000
-611.0000 -1495.0000 56212.0000
-741.0000 -1482.0000 56251.0000
-715.0000 -1586.0000 56251.0000
-806.0000 -1508.0000 56303.0000
-780.0000 -1534.0000 56264.0000
-884.0000 -1521.0000 56290.0000
-858.0000 -1586.0000 56290.0000
-962.0000 -1625.0000 56316.0000
-962.0000 -1703.0000 56290.0000
-1079.0000 -1833.0000 56316.0000
-1027.0000 -1911.0000 56277.0000
-1131.0000 -1989.0000 56303.0000
-1105.0000 -2028.0000 56342.0000
-1170.0000 -2028.0000 56290.0000
-1157.0000 -2119.0000 56277.0000
-1287.0000 -2145.0000 56316.0000
-1274.0000 -2171.0000 56277.0000
-1378.0000 -2184.0000 56290.0000
-1352.0000 -2236.0000 56277.0000
-1469.0000 -2288.0000 56277.0000
-1469.0000 -2301.0000 56277.0000
-1599.0000 -2314.0000 56277.0000
-1638.0000 -2379.0000 56277.0000
-1755.0000 -2470.0000 56264.0000
-1781.0000 -2574.0000 56212.0000
-1898.0000 -2652.0000 56212.0000
-1885.0000 -2704.0000 56199.0000
-2002.0000 -2795.0000 56199.0000
-2002.0000 -2860.0000 56186.0000
-2119.0000 -2886.0000 56160.0000
-2132.0000 -2951.0000 56147.0000
-2262.0000 -2964.0000 56147.0000
-2262.0000 -3029.0000 56160.0000
-2379.0000 -3055.0000 56134.0000
-2353.0000 -3094.0000 56121.0000
-2496.0000 -3068.0000 56082.0000
-2522.0000 -3133.0000 56056.0000
-2665.0000 -3185.0000 56030.0000
-2691.0000 -3289.0000 56004.0000
-2782.0000 -3432.0000 55965.0000
-2795.0000 -3536.0000 55952.0000
-2925.0000 -3601.0000 55900.0000
-2951.0000 -3627.0000 55900.0000
-3081.0000 -3614.0000 55848.0000
-3133.0000 -3627.0000 55822.0000
-3276.0000 -3692.0000 55770.0000
-3276.0000 -3770.0000 55731.0000
-3419.0000 -3822.0000 55705.0000
-3458.0000 -3822.0000 55653.0000
-3614.0000 -3848.0000 55588.0000
-3705.0000 -3900.0000 55562.0000
-3822.0000 -4030.0000 55510.0000
-3887.0000 -4160.0000 55432.0000
-3991.0000 -4316.0000 55380.0000
-4069.0000 -4381.0000 55341.0000
-4147.0000 -4420.0000 55302.0000
-4238.0000 -4485.0000 55237.0000
-4342.0000 -4485.0000 55211.0000
-4420.0000 -4498.0000 55159.0000
-4511.0000 -4615.0000 55107.0000
