-10725.0000 -42133.0000 66300.0000
-10790.0000 -42120.0000 65819.0000
-10816.0000 -42458.0000 65143.0000
-10972.0000 -42523.0000 64571.0000
-10985.0000 -42926.0000 63830.0000
-11063.0000 -42913.0000 63271.0000
-11115.0000 -42965.0000 62725.0000
-11245.0000 -42809.0000 62179.0000
-11297.0000 -42744.0000 61594.0000
-11375.0000 -42822.0000 60918.0000
-11479.0000 -42679.0000 60359.0000
-11648.0000 -42627.0000 59761.0000
-11661.0000 -42354.0000 59280.0000
-11739.0000 -42029.0000 58890.0000
-11804.0000 -41717.0000 58383.0000
-11791.0000 -41587.0000 57759.0000
-11713.0000 -41314.0000 57369.0000
-11609.0000 -41054.0000 56992.0000
-11570.0000 -40469.0000 56784.0000
-11297.0000 -40196.0000 56420.0000
-11024.0000 -39832.0000 56173.0000
-10725.0000 -39442.0000 55965.0000
-10413.0000 -39065.0000 55705.0000
-10062.0000 -39039.0000 55432.0000
-9737.0000 -38545.0000 55315.0000
-9386.0000 -38259.0000 55224.0000
-8983.0000 -38064.0000 55042.0000
-8541.0000 -38116.0000 54782.0000
-8086.0000 -37908.0000 54548.0000
-7696.0000 -37739.0000 54457.0000
-7267.0000 -37674.0000 54158.0000
-6851.0000 -37362.0000 54197.0000
-6474.0000 -37362.0000 53872.0000
-6071.0000 -37115.0000 53651.0000
-5616.0000 -37388.0000 53209.0000
-5213.0000 -36790.0000 53092.0000
-4836.0000 -36855.0000 52819.0000
-4472.0000 -36647.0000 52351.0000
-4121.0000 -36556.0000 52234.0000
-3783.0000 -36634.0000 51506.0000
-3471.0000 -35984.0000 51636.0000
-3055.0000 -36504.0000 50557.0000
-2756.0000 -35724.0000 50739.0000
-2405.0000 -35802.0000 50089.0000
-2171.0000 -35230.0000 49738.0000
-1885.0000 -35555.0000 49231.0000
-1573.0000 -34866.0000 48776.0000
-1326.0000 -34658.0000 48555.0000
-1014.0000 -34411.0000 47697.0000
-754.0000 -33865.0000 47541.0000
-546.0000 -33696.0000 46852.0000
-429.0000 -32786.0000 46592.0000
-260.0000 -32864.0000 45864.0000
-169.0000 -32110.0000 45409.0000
-104.0000 -31603.0000 44980.0000
-26.0000 -30914.0000 44460.0000
39.0000 -30290.0000 44057.0000
39.0000 -29757.0000 43511.0000
0.0000 -28860.0000 43173.0000
-26.0000 -28418.0000 42627.0000
-52.0000 -27352.0000 42393.0000
-130.0000 -26663.0000 42042.0000
-234.0000 -25493.0000 41886.0000
-364.0000 -24739.0000 41613.0000
-494.0000 -23699.0000 41457.0000
-715.0000 -22685.0000 41444.0000
-923.0000 -21684.0000 41379.0000
-1118.0000 -20592.0000 41457.0000
-1339.0000 -19240.0000 41613.0000
-1586.0000 -17979.0000 41925.0000
-1781.0000 -17043.0000 42068.0000
-2067.0000 -15860.0000 42497.0000
-2314.0000 -14547.0000 42991.0000
-2652.0000 -13169.0000 43602.0000
-2795.0000 -12168.0000 44174.0000
-3055.0000 -10829.0000 44915.0000
-3289.0000 -9581.0000 45721.0000
-3575.0000 -8502.0000 46553.0000
-3757.0000 -7618.0000 47437.0000
-4173.0000 -6370.0000 48477.0000
-4485.0000 -5304.0000 49556.0000
-4836.0000 -4472.0000 50726.0000
-5070.0000 -3835.0000 51870.0000
-5421.0000 -3042.0000 53144.0000
-5772.0000 -2366.0000 54379.0000
-6097.0000 -2041.0000 55718.0000
-6448.0000 -1365.0000 57070.0000
-6864.0000 -1079.0000 58435.0000
-7150.0000 -910.0000 59774.0000
-7436.0000 -1040.0000 61113.0000
-7735.0000 -390.0000 62439.0000
-8099.0000 -585.0000 63700.0000
-8385.0000 -689.0000 65000.0000
-8645.0000 -1040.0000 66170.0000
-8944.0000 -1716.0000 67275.0000
-9360.0000 -1651.0000 68406.0000
-9412.0000 -2964.0000 69290.0000
-9685.0000 -2899.0000 70252.0000
-9854.0000 -4043.0000 70967.0000
-10075.0000 -4329.0000 71643.0000
