16029.0000 39377.0000 39611.0000
16107.0000 39442.0000 39806.0000
16185.0000 39390.0000 40027.0000
16276.0000 39351.0000 40222.0000
16315.0000 39247.0000 40456.0000
16406.0000 39273.0000 40625.0000
16471.0000 39234.0000 40846.0000
16562.0000 39299.0000 41015.0000
16640.0000 39234.0000 41236.0000
16744.0000 39273.0000 41405.0000
16783.0000 39234.0000 41561.0000
16848.0000 39221.0000 41717.0000
16939.0000 39182.0000 41886.0000
17030.0000 39156.0000 42016.0000
17095.0000 39104.0000 42198.0000
17225.0000 39078.0000 42315.0000
17303.0000 39052.0000 42484.0000
17407.0000 39026.0000 42575.0000
17511.0000 38922.0000 42731.0000
17641.0000 38909.0000 42835.0000
17719.0000 38844.0000 43017.0000
17862.0000 38779.0000 43108.0000
17966.0000 38688.0000 43251.0000
18148.0000 38623.0000 43368.0000
18226.0000 38584.0000 43485.0000
18382.0000 38506.0000 43563.0000
18447.0000 38441.0000 43719.0000
18629.0000 38415.0000 43823.0000
18707.0000 38311.0000 43940.0000
18876.0000 38259.0000 44018.0000
18993.0000 38168.0000 44174.0000
19162.0000 38116.0000 44265.0000
19279.0000 38064.0000 44447.0000
19500.0000 38038.0000 44538.0000
19565.0000 37869.0000 44681.0000
19773.0000 37791.0000 44785.0000
19864.0000 37752.0000 44902.0000
20059.0000 37700.0000 45006.0000
20176.0000 37635.0000 45162.0000
20319.0000 37557.0000 45266.0000
20410.0000 37518.0000 45383.0000
20553.0000 37492.0000 45487.0000
20670.0000 37479.0000 45578.0000
20748.0000 37427.0000 45682.0000
20800.0000 37388.0000 45812.0000
20917.0000 37310.0000 45838.0000
20956.0000 37284.0000 46007.0000
21073.0000 37219.0000 46111.0000
21112.0000 37180.0000 46228.0000
21177.0000 37180.0000 46319.0000
21216.0000 37128.0000 46410.0000
21268.0000 37141.0000 46501.0000
21255.0000 37128.0000 46592.0000
21281.0000 37154.0000 46657.0000
21268.0000 37154.0000 46735.0000
21281.0000 37128.0000 46839.0000
21268.0000 37154.0000 46865.0000
21242.0000 37167.0000 46956.0000
21203.0000 37089.0000 47034.0000
21177.0000 37128.0000 47125.0000
21190.0000 37115.0000 47203.0000
21190.0000 37076.0000 47333.0000
21164.0000 37024.0000 47398.0000
21190.0000 36998.0000 47463.0000
21177.0000 37037.0000 47528.0000
21177.0000 37063.0000 47619.0000
21177.0000 37024.0000 47671.0000
21190.0000 37050.0000 47710.0000
21164.0000 37037.0000 47762.0000
21164.0000 37076.0000 47853.0000
21138.0000 37050.0000 47892.0000
21138.0000 37076.0000 47957.0000
21138.0000 37037.0000 48022.0000
21125.0000 37102.0000 48100.0000
21099.0000 37089.0000 48126.0000
21138.0000 37089.0000 48204.0000
21151.0000 37063.0000 48256.0000
21164.0000 37076.0000 48321.0000
21151.0000 37050.0000 48373.0000
21216.0000 37050.0000 48425.0000
21164.0000 37115.0000 48490.0000
21190.0000 37089.0000 48555.0000
21138.0000 37076.0000 48685.0000
21216.0000 37102.0000 48698.0000
21151.0000 37037.0000 48789.0000
21125.0000 37076.0000 48841.0000
21073.0000 37128.0000 48971.0000
21073.0000 37076.0000 49023.0000
21021.0000 37050.0000 49140.0000
21008.0000 37024.0000 49231.0000
20930.0000 37024.0000 49348.0000
20917.0000 37037.0000 49426.0000
20878.0000 37050.0000 49491.0000
20865.0000 37011.0000 49595.0000
20813.0000 37024.0000 49673.0000
20787.0000 37024.0000 49751.0000
20735.0000 37050.0000 49868.0000
20709.0000 37050.0000 49907.0000
20735.0000 37037.0000 49972.0000
20709.0000 37102.0000 49985.0000
