0.2963 0.8611 0.2000
0.2593 0.7778 0.1333
0.2963 0.8611 0.3333
0.2222 0.8333 0.1333
0.2963 0.8611 0.3333
0.1852 0.8333 0.0667
0.2593 0.8333 0.4000
0.1852 0.9167 0.0667
0.3333 0.8333 0.4000
0.2222 0.8056 0.0000
0.2963 0.8333 0.3333
0.2222 0.7778 0.0000
0.3333 0.9167 0.3333
0.1481 0.8889 0.4667
0.4444 0.8056 0.4000
0.2222 0.9167 0.1333
0.2963 0.8333 0.4000
0.1852 0.8333 0.0667
0.2963 0.8056 0.4000
0.2222 0.8889 0.0667
0.3333 0.8333 0.3333
0.2593 0.8333 0.0000
0.2593 0.8611 0.4000
0.2222 0.8333 0.1333
0.2963 0.8889 0.4667
0.1852 0.8056 0.1333
0.2963 0.8889 0.4667
0.1852 0.8056 0.0667
0.2963 0.8333 0.4000
0.2222 0.8611 0.2000
0.2593 0.8333 0.4000
0.2593 0.8611 0.1333
0.2222 0.9167 0.4667
0.1852 0.8611 0.0000
0.2593 0.8889 0.4000
0.1481 0.8333 0.2000
0.3333 0.9167 0.4000
0.1852 0.8056 0.2667
0.2593 0.9167 0.3333
0.1852 0.8889 0.2000
0.2222 0.8611 0.3333
0.1852 0.9167 0.2000
0.2593 0.8611 0.5333
0.2222 0.9444 0.2667
0.2963 0.9167 0.5333
0.1852 1.0000 0.2000
0.2222 0.9167 0.4667
0.1852 0.8333 0.3333
0.2222 0.9167 0.4667
0.1852 0.7500 0.3333
0.2593 0.8333 0.5333
0.1852 0.8333 0.3333
0.2222 0.7778 0.3333
0.1481 0.8056 0.2667
0.2222 0.7500 0.4667
0.1111 0.7778 0.2000
0.1111 0.8056 0.4000
0.0370 0.8056 0.0667
0.1481 0.7778 0.4667
0.0370 0.7778 0.2000
0.1481 0.9167 0.4000
0.0741 0.9167 0.2667
0.1111 0.9167 0.4000
0.0000 0.8889 0.4667
0.2593 0.7778 0.4000
0.1111 0.8056 0.2667
0.2222 0.6667 0.3333
0.1852 0.6667 0.2000
0.3704 0.6667 0.5333
0.4074 0.6944 0.6000
0.5556 0.7500 0.8667
0.3704 0.8889 0.6000
0.4444 0.8056 0.8000
0.4074 0.6667 0.6000
0.4815 0.7778 0.8667
0.4444 0.6944 0.6000
0.5926 0.6667 0.8000
0.5185 0.5556 0.7333
0.5926 0.6389 0.7333
0.5185 0.5278 0.8000
0.5556 0.5278 0.7333
0.5185 0.4444 0.8000
0.5926 0.3611 0.7333
0.5185 0.3889 0.8000
0.6296 0.3889 0.8667
0.5185 0.4167 0.8000
0.6667 0.3611 1.0000
0.5556 0.4167 0.7333
0.6667 0.2778 0.8000
0.6667 0.3056 0.6000
0.7778 0.1944 0.9333
0.7407 0.1667 0.7333
0.8148 0.1389 0.6667
0.8519 0.0833 0.6667
0.8519 0.1944 0.6000
0.8519 0.1667 0.4667
0.8889 0.1944 0.3333
0.9259 0.1389 0.3333
1.0000 -0.0000 0.4000
1.0000 0.0556 0.2000
