0.00000000 0.98774510 1.00000000
0.01393728 1.00000000 0.99277978
0.05923345 0.99264706 0.99007220
0.05923345 0.99019608 0.98646209
0.09407666 0.97549020 0.98014440
0.10452962 0.97058824 0.97563177
0.13240418 0.99264706 0.96750903
0.12891986 0.96813725 0.95938628
0.16027875 0.95343137 0.95036101
0.18466899 0.92892157 0.94765343
0.19860627 0.95098039 0.93682310
0.19163763 0.95098039 0.92779783
0.21602787 0.94852941 0.92238267
0.23344948 0.91911765 0.91606498
0.25783972 0.90441176 0.90794224
0.24041812 0.92647059 0.89891697
0.27177700 0.94362745 0.88898917
0.28222997 0.91421569 0.88086643
0.31707317 0.89215686 0.87635379
0.32055749 0.91666667 0.86913357
0.35540070 0.90441176 0.86101083
0.36585366 0.90441176 0.85649819
0.40069686 0.88235294 0.85379061
0.41114983 0.86519608 0.84566787
0.42508711 0.90441176 0.83664260
0.42508711 0.89215686 0.82942238
0.47038328 0.88235294 0.82490975
0.48432056 0.84068627 0.82310469
0.51916376 0.85539216 0.81588448
0.51567944 0.85049020 0.80956679
0.54006969 0.85539216 0.80595668
0.54355401 0.81617647 0.80324910
0.58188153 0.81372549 0.79873646
0.58536585 0.83333333 0.79061372
0.61324042 0.83088235 0.78068592
0.61324042 0.82107843 0.77527076
0.65505226 0.79656863 0.77436823
0.65853659 0.76715686 0.76895307
0.67595819 0.79656863 0.76083032
0.66202091 0.76960784 0.75722022
0.71428571 0.79656863 0.74819495
0.70383275 0.73284314 0.74819495
0.74216028 0.75245098 0.73375451
0.72125436 0.72303922 0.73285199
0.76306620 0.72549020 0.71750903
0.74912892 0.68382353 0.72382671
0.79790941 0.70343137 0.70758123
0.77351916 0.67401961 0.71389892
0.80139373 0.71323529 0.69133574
0.79790941 0.66911765 0.70126354
0.83623693 0.69362745 0.67870036
0.83275261 0.66176471 0.68953069
0.85017422 0.72794118 0.65794224
0.83972125 0.68382353 0.67689531
0.88501742 0.72058824 0.64259928
0.87108014 0.65931373 0.66516245
0.90243902 0.72549020 0.62635379
0.88153310 0.72303922 0.64620939
0.90940767 0.74019608 0.60740072
0.92334495 0.73284314 0.62635379
0.95470383 0.73039216 0.58935018
0.95121951 0.75490196 0.60198556
0.96167247 0.75490196 0.56678700
0.96167247 0.77941176 0.57671480
0.98257840 0.76225490 0.54783394
0.97909408 0.78921569 0.55595668
0.98606272 0.80147059 0.52256318
0.97212544 0.84068627 0.52527076
0.98954704 0.81372549 0.50090253
0.96515679 0.83088235 0.50000000
1.00000000 0.82352941 0.47743682
0.94076655 0.89215686 0.46931408
0.96515679 0.84558824 0.44675090
0.93031359 0.88970588 0.44043321
0.95818815 0.84558824 0.42328520
0.90592334 0.88480392 0.41245487
0.89895470 0.89460784 0.39079422
0.85714286 0.90441176 0.37635379
0.88501742 0.88235294 0.35740072
0.84320557 0.87500000 0.34657040
0.87108014 0.83823529 0.32490975
0.78745645 0.87500000 0.30324910
0.79790941 0.86029412 0.28249097
0.74912892 0.85294118 0.26534296
0.78745645 0.79411765 0.24729242
0.73170732 0.77696078 0.22743682
0.71080139 0.76715686 0.20036101
0.65505226 0.77941176 0.17960289
0.71080139 0.71568627 0.15884477
0.67247387 0.66911765 0.14169675
0.69686411 0.59068627 0.12364621
0.64111498 0.55637255 0.10108303
0.66202091 0.53431373 0.07851986
0.63414634 0.46078431 0.06227437
0.66550523 0.37254902 0.05324910
0.64459930 0.28921569 0.04332130
0.69686411 0.21568627 0.02346570
0.66202091 0.17156863 0.00992780
0.69337979 0.08333333 0.00270758
0.68989547 0.00000000 0.00000000
