0.4286 0.7500 0.1429
0.5714 0.7000 0.1429
0.4286 0.8000 0.0952
0.2857 0.7500 0.1905
0.1429 0.8500 0.0952
0.0000 0.8000 0.1905
0.5714 0.8500 0.0000
0.2857 0.7000 0.1905
0.4286 0.8000 0.0952
0.4286 0.6500 0.1429
0.5714 0.8000 0.1429
0.4286 0.6000 0.2381
0.0000 0.8000 0.1429
0.2857 0.7000 0.1905
0.2857 0.8500 0.0952
0.1429 0.7500 0.1429
0.2857 0.9000 0.0952
0.2857 0.7000 0.1429
0.4286 0.8000 0.0952
0.5714 0.7500 0.1429
0.2857 0.9000 0.1429
0.2857 0.7000 0.1429
0.4286 0.8000 0.1429
0.1429 0.6500 0.1429
0.2857 0.7500 0.0952
0.1429 0.7500 0.1429
0.4286 0.8000 0.0000
0.1429 0.8000 0.1905
0.2857 0.8000 0.0476
0.1429 0.9000 0.2381
0.4286 0.8000 0.1429
0.0000 0.7500 0.1429
0.2857 0.9000 0.1429
0.2857 0.8000 0.1429
0.4286 0.8500 0.1429
0.2857 0.7500 0.1905
0.5714 0.7000 0.1429
0.1429 0.7500 0.2381
0.4286 0.7000 0.2381
0.5714 0.7500 0.0952
0.4286 0.8500 0.0476
0.1429 0.7000 0.1905
0.5714 0.8500 0.0476
0.0000 0.7000 0.2381
0.4286 0.8000 0.0952
0.1429 0.8000 0.2381
0.1429 0.8500 0.0952
0.0000 0.8000 0.0476
0.4286 0.8000 0.1429
0.2857 0.7500 0.2381
0.2857 0.9000 0.0476
0.4286 0.7000 0.1429
0.2857 0.7500 0.1429
0.2857 0.7500 0.2857
0.4286 0.8500 0.0476
0.1429 0.7500 0.2857
0.4286 1.0000 0.0000
0.1429 0.7500 0.2381
0.2857 0.9000 0.0000
0.0000 0.8500 0.1429
0.5714 0.9000 0.0952
0.1429 0.7500 0.2381
0.2857 0.8000 0.1429
0.1429 0.7500 0.2857
0.4286 0.9000 0.1429
0.2857 0.7000 0.2381
0.2857 0.8500 0.1429
0.0000 0.7500 0.1905
0.4286 0.9000 0.0952
0.1429 0.7500 0.2381
0.5714 0.9000 0.0952
0.1429 0.8000 0.2381
0.4286 0.7500 0.1429
0.0000 0.6500 0.1905
0.2857 0.7500 0.0952
0.1429 0.7500 0.1905
0.4286 0.8500 0.1429
0.0000 0.8000 0.2381
0.5714 0.8000 0.1429
0.0000 0.8000 0.2857
0.4286 0.9000 0.1905
0.4286 0.8000 0.2857
0.4286 0.9000 0.2381
0.0000 0.8000 0.2857
0.4286 0.8500 0.1905
0.1429 0.8500 0.1905
0.4286 0.8000 0.2381
0.1429 0.7500 0.2857
0.2857 0.7000 0.5714
0.5714 0.6500 0.3810
0.5714 0.7000 0.3333
0.2857 0.6500 0.5238
0.4286 0.6500 0.5238
0.1429 0.6500 0.6190
0.4286 0.6000 0.6190
0.4286 0.4500 0.7619
0.7143 0.5000 0.8095
0.5714 0.2500 1.0000
1.0000 0.2000 0.8571
0.5714 0.0000 1.0000
