0.9724 -0.0571 0.0000
0.9931 -0.0786 0.0055
0.9862 -0.0714 0.0018
0.9931 -0.0786 0.0073
0.9793 -0.0571 0.0018
0.9862 -0.0857 0.0055
0.9862 -0.0643 0.0018
1.0000 -0.0786 0.0036
0.9793 -0.0571 0.0000
0.9931 -0.0786 0.0055
0.9724 -0.0571 0.0000
0.9931 -0.0714 0.0055
0.9793 -0.0786 0.0018
1.0000 -0.0929 0.0036
0.9862 -0.0786 0.0000
0.9931 -0.0786 0.0036
0.9793 -0.0643 0.0018
1.0000 -0.0714 0.0055
0.9724 -0.0714 0.0018
1.0000 -0.0714 0.0073
0.9793 -0.0571 0.0036
0.9793 -0.0714 0.0073
0.9793 -0.0571 0.0055
1.0000 -0.0714 0.0073
0.9793 -0.0643 0.0036
0.9931 -0.0643 0.0036
0.9793 -0.0714 0.0055
0.9931 -0.0786 0.0073
0.9862 -0.0857 0.0182
0.9724 -0.0929 0.0109
0.9724 -0.0857 0.0091
0.9862 -0.0929 0.0164
0.9793 -0.0929 0.0164
0.9931 -0.0929 0.0201
0.9793 -0.1000 0.0201
0.9793 -0.1214 0.0255
0.9655 -0.1143 0.0274
0.9724 -0.1500 0.0347
0.9517 -0.1571 0.0292
0.9724 -0.1857 0.0347
0.9517 -0.2000 0.0328
0.9586 -0.2357 0.0401
0.9586 -0.2429 0.0310
0.9517 -0.2714 0.0456
0.9379 -0.2857 0.0401
0.9448 -0.3214 0.0474
0.9448 -0.3429 0.0474
0.9448 -0.4000 0.0547
0.9310 -0.4071 0.0566
0.9517 -0.4500 0.0602
0.9310 -0.4857 0.0620
0.9586 -0.5286 0.0712
0.9379 -0.5714 0.0712
0.9586 -0.6071 0.0803
0.9517 -0.6500 0.0821
0.9655 -0.7071 0.0931
0.9586 -0.7429 0.0931
0.9586 -0.8000 0.1040
0.9448 -0.8214 0.1095
0.9586 -0.8429 0.1223
0.9517 -0.8643 0.1296
0.9448 -0.8786 0.1423
0.9379 -0.8786 0.1533
0.9586 -0.8643 0.1734
0.9310 -0.8429 0.1843
0.9310 -0.8071 0.2026
0.9241 -0.7786 0.2153
0.9448 -0.7714 0.2336
0.9172 -0.7071 0.2427
0.9310 -0.6429 0.2682
0.9034 -0.5429 0.2755
0.9172 -0.4714 0.2974
0.8897 -0.4214 0.3120
0.8897 -0.3571 0.3303
0.8621 -0.2571 0.3467
0.8621 -0.1286 0.3741
0.8276 0.0000 0.3905
0.8138 0.1000 0.4161
0.7724 0.2286 0.4398
0.7310 0.3429 0.4617
0.7034 0.5214 0.4891
0.7034 0.7071 0.5182
0.6690 0.8571 0.5438
0.6414 1.0000 0.5730
0.6000 1.1714 0.5967
0.6069 1.3286 0.6259
0.5586 1.4857 0.6460
0.5586 1.6500 0.6770
0.4897 1.8429 0.7007
0.4690 1.9857 0.7263
0.4069 2.1500 0.7482
0.3862 2.3143 0.7774
0.3310 2.5000 0.8029
0.3034 2.6714 0.8339
0.2345 2.8571 0.8577
0.2069 3.0214 0.8905
0.1448 3.2214 0.9179
0.1103 3.4143 0.9471
0.0483 3.5786 0.9745
-0.0000 3.7571 1.0000
