0.55555556 0.54166667 0.75757576
0.77777778 0.29166667 0.90909091
0.38888889 0.70833333 0.63636364
0.55555556 0.54166667 0.87878788
0.38888889 0.91666667 0.60606061
0.83333333 0.66666667 0.90909091
0.66666667 1.00000000 0.69696970
1.00000000 0.62500000 0.96969697
0.61111111 0.87500000 0.69696970
1.00000000 0.70833333 0.90909091
0.77777778 0.79166667 0.63636364
1.00000000 0.54166667 0.96969697
0.61111111 0.75000000 0.66666667
0.83333333 0.41666667 0.96969697
0.33333333 0.66666667 0.57575758
0.55555556 0.33333333 0.93939394
0.27777778 0.54166667 0.60606061
0.55555556 0.33333333 0.90909091
0.61111111 0.58333333 0.51515152
0.88888889 0.33333333 0.93939394
0.72222222 0.41666667 0.51515152
0.94444444 0.00000000 0.90909091
0.61111111 0.25000000 0.48484848
0.72222222 0.08333333 0.84848485
0.44444444 0.12500000 0.48484848
0.61111111 0.04166667 0.93939394
0.44444444 0.20833333 0.51515152
0.55555556 0.08333333 0.90909091
0.55555556 0.41666667 0.45454545
0.66666667 0.25000000 0.93939394
0.38888889 0.45833333 0.48484848
0.55555556 0.29166667 0.90909091
0.44444444 0.54166667 0.39393939
0.66666667 0.50000000 0.90909091
0.50000000 0.62500000 0.45454545
0.55555556 0.41666667 0.90909091
0.33333333 0.62500000 0.45454545
0.55555556 0.50000000 0.93939394
0.27777778 0.58333333 0.42424242
0.50000000 0.41666667 0.87878788
0.44444444 0.58333333 0.39393939
0.61111111 0.45833333 0.96969697
0.44444444 0.54166667 0.42424242
0.44444444 0.50000000 0.96969697
0.44444444 0.70833333 0.48484848
0.50000000 0.54166667 1.00000000
0.38888889 0.62500000 0.45454545
0.44444444 0.45833333 0.93939394
0.38888889 0.54166667 0.42424242
0.44444444 0.45833333 0.90909091
0.33333333 0.54166667 0.42424242
0.44444444 0.33333333 0.93939394
0.33333333 0.58333333 0.42424242
0.44444444 0.41666667 0.93939394
0.50000000 0.50000000 0.42424242
0.44444444 0.62500000 0.87878788
0.33333333 0.50000000 0.36363636
0.44444444 0.50000000 0.90909091
0.44444444 0.54166667 0.48484848
0.61111111 0.66666667 0.87878788
0.38888889 0.62500000 0.33333333
0.44444444 0.62500000 0.90909091
0.38888889 0.66666667 0.36363636
0.33333333 0.62500000 0.81818182
0.38888889 0.70833333 0.36363636
0.38888889 0.58333333 0.87878788
0.33333333 0.66666667 0.30303030
0.38888889 0.62500000 0.84848485
0.38888889 0.70833333 0.30303030
0.33333333 0.70833333 0.81818182
0.44444444 0.62500000 0.36363636
0.33333333 0.58333333 0.90909091
0.38888889 0.50000000 0.33333333
0.33333333 0.58333333 0.81818182
0.44444444 0.54166667 0.36363636
0.33333333 0.54166667 0.84848485
0.38888889 0.50000000 0.30303030
0.27777778 0.58333333 0.78787879
0.33333333 0.62500000 0.24242424
0.22222222 0.58333333 0.69696970
0.33333333 0.54166667 0.27272727
0.22222222 0.62500000 0.66666667
0.27777778 0.62500000 0.21212121
0.22222222 0.58333333 0.63636364
0.38888889 0.66666667 0.12121212
0.16666667 0.62500000 0.63636364
0.44444444 0.66666667 0.15151515
0.27777778 0.66666667 0.57575758
0.44444444 0.54166667 0.12121212
0.16666667 0.66666667 0.54545455
0.38888889 0.58333333 0.12121212
0.16666667 0.70833333 0.48484848
0.27777778 0.54166667 0.06060606
0.22222222 0.62500000 0.51515152
0.38888889 0.54166667 0.00000000
0.16666667 0.70833333 0.48484848
0.38888889 0.54166667 0.06060606
0.11111111 0.70833333 0.39393939
0.16666667 0.75000000 0.03030303
0.00000000 0.87500000 0.42424242
