0.8937 0.2119 1.0000
0.8937 0.1881 0.9904
0.8871 0.2239 0.9616
0.8852 0.2030 0.9616
0.8805 0.2507 0.9353
0.8824 0.2119 0.9353
0.8786 0.2418 0.9041
0.8767 0.2119 0.8921
0.8681 0.2567 0.8705
0.8719 0.2119 0.8657
0.8624 0.2507 0.8297
0.8653 0.2239 0.8273
0.8586 0.2597 0.8058
0.8681 0.2358 0.8010
0.8605 0.2687 0.7770
0.8653 0.2328 0.7626
0.8558 0.2746 0.7530
0.8681 0.2537 0.7266
0.8548 0.2985 0.7242
0.8700 0.2955 0.6906
0.8586 0.2925 0.7026
0.8786 0.2896 0.6619
0.8596 0.2896 0.6787
0.8767 0.2866 0.6427
0.8653 0.2627 0.6547
0.8843 0.2687 0.6115
0.8653 0.2358 0.6595
0.8852 0.2657 0.6115
0.8729 0.1970 0.6475
0.8899 0.2269 0.6067
0.8719 0.1552 0.6379
0.8880 0.2239 0.5827
0.8776 0.0985 0.6307
0.8890 0.2119 0.5995
0.8786 0.0657 0.6283
0.8871 0.1940 0.5827
0.8843 0.0269 0.5971
0.8899 0.1433 0.5851
0.8843 0.0000 0.5731
0.8947 0.1522 0.5731
0.8975 0.0209 0.5420
0.9051 0.1284 0.5851
0.9061 0.0119 0.5396
0.9203 0.1343 0.5683
0.9175 0.0478 0.4964
0.9345 0.1045 0.5659
0.9279 0.0239 0.4940
0.9488 0.1045 0.5492
0.9497 0.0627 0.4820
0.9725 0.0836 0.5444
0.9620 0.0537 0.4772
0.9782 0.0985 0.5084
0.9772 0.0896 0.4412
0.9896 0.0687 0.4868
0.9829 0.0836 0.4269
0.9972 0.1015 0.4460
0.9896 0.1313 0.3861
1.0000 0.1224 0.3981
0.9848 0.1493 0.3525
0.9886 0.1493 0.3501
0.9753 0.1970 0.3022
0.9753 0.1910 0.2974
0.9516 0.2388 0.2662
0.9516 0.2597 0.2494
0.9279 0.2896 0.2254
0.9184 0.3164 0.2110
0.8843 0.3552 0.1751
0.8691 0.3851 0.1679
0.8406 0.4358 0.1415
0.8235 0.4836 0.1223
0.7884 0.5104 0.1127
0.7704 0.5582 0.0959
0.7372 0.6149 0.0767
0.7106 0.6179 0.0671
0.6765 0.6507 0.0528
0.6556 0.6657 0.0312
0.6167 0.7493 0.0144
0.5901 0.7612 0.0120
0.5550 0.8000 0.0048
0.5342 0.8090 0.0120
0.4991 0.8687 0.0000
0.4706 0.8687 0.0072
0.4383 0.9015 0.0048
0.4156 0.9373 0.0240
0.3852 0.9612 0.0384
0.3539 0.9672 0.0743
0.3245 0.9851 0.0863
0.3008 1.0000 0.1175
0.2704 0.9881 0.1367
0.2410 0.9642 0.1823
0.2116 0.9821 0.1894
0.1898 0.9433 0.2494
0.1594 0.9642 0.2662
0.1300 0.9254 0.3141
0.1044 0.9433 0.3141
0.0835 0.8776 0.3597
0.0560 0.8806 0.3717
0.0323 0.8358 0.4101
0.0142 0.8567 0.4149
0.0000 0.8149 0.4341
