0.0000 1.0000 0.0674
0.0413 0.9795 0.0225
0.0737 0.9590 0.0337
0.1121 0.9331 0.0225
0.1534 0.9085 0.0112
0.1917 0.8948 0.0000
0.2183 0.8689 0.0112
0.2448 0.8456 0.0449
0.2773 0.8156 0.0562
0.3009 0.8033 0.0225
0.3333 0.7787 0.0449
0.3569 0.7527 0.0225
0.3864 0.7295 0.0562
0.4159 0.7145 0.0225
0.4307 0.6926 0.0787
0.4454 0.6680 0.0449
0.4602 0.6462 0.0899
0.4808 0.6230 0.0449
0.5015 0.6093 0.0899
0.5192 0.5874 0.0449
0.5398 0.5628 0.1124
0.5487 0.5423 0.0899
0.5752 0.5219 0.1348
0.5929 0.5055 0.1011
0.6106 0.4850 0.1236
0.6224 0.4617 0.0899
0.6431 0.4385 0.1798
0.6519 0.4139 0.1573
0.6637 0.3962 0.2247
0.6814 0.3716 0.1685
0.6873 0.3525 0.2247
0.6932 0.3238 0.2022
0.7080 0.2978 0.2472
0.7139 0.2814 0.2022
0.7168 0.2541 0.2360
0.7257 0.2295 0.2247
0.7316 0.2036 0.2809
0.7375 0.1762 0.2697
0.7463 0.1557 0.3371
0.7404 0.1366 0.2809
0.7493 0.1148 0.3483
0.7493 0.0943 0.3258
0.7581 0.0820 0.3933
0.7699 0.0587 0.2921
0.7699 0.0519 0.3820
0.7817 0.0355 0.3258
0.7788 0.0273 0.3708
0.7817 0.0205 0.3820
0.7788 0.0123 0.4944
0.7994 0.0178 0.4270
0.7965 0.0096 0.4494
0.7994 0.0068 0.4382
0.8083 0.0055 0.4494
0.8083 0.0055 0.4382
0.8171 0.0041 0.4719
0.8201 0.0000 0.4494
0.8260 0.0082 0.4944
0.8289 0.0096 0.4831
0.8289 0.0205 0.5506
0.8289 0.0150 0.5056
0.8289 0.0219 0.5955
0.8407 0.0232 0.5506
0.8378 0.0328 0.5843
0.8466 0.0328 0.5730
0.8466 0.0328 0.6292
0.8496 0.0301 0.6067
0.8555 0.0328 0.6404
0.8673 0.0342 0.6404
0.8732 0.0314 0.6404
0.8643 0.0287 0.6517
0.8761 0.0260 0.6854
0.8820 0.0219 0.6742
0.8938 0.0273 0.6966
0.8997 0.0314 0.6742
0.9115 0.0369 0.7191
0.9086 0.0314 0.6854
0.9115 0.0355 0.7528
0.9115 0.0314 0.7079
0.9115 0.0383 0.7528
0.9263 0.0383 0.7416
0.9204 0.0464 0.7753
0.9292 0.0464 0.7416
0.9292 0.0478 0.8090
0.9263 0.0451 0.7865
0.9233 0.0437 0.8090
0.9204 0.0423 0.8090
0.9381 0.0437 0.8764
0.9322 0.0410 0.8315
0.9499 0.0437 0.8764
0.9558 0.0437 0.8539
0.9617 0.0492 0.9101
0.9646 0.0423 0.8539
0.9617 0.0492 0.9326
0.9735 0.0423 0.8876
0.9764 0.0464 0.9101
0.9735 0.0505 0.9326
0.9823 0.0519 0.9326
0.9794 0.0505 0.9213
0.9853 0.0546 1.0000
1.0000 0.0560 0.9326
