1.0000 3.1341 0.0846
0.9941 3.0427 0.0923
0.9896 2.9878 0.0692
0.9843 2.8963 0.0692
0.9824 2.8293 0.0538
0.9772 2.7317 0.0538
0.9739 2.6707 0.0385
0.9706 2.5915 0.0615
0.9661 2.5122 0.0385
0.9615 2.4207 0.0615
0.9569 2.3537 0.0385
0.9524 2.2622 0.0692
0.9465 2.1768 0.0385
0.9413 2.1037 0.0462
0.9348 2.0244 0.0231
0.9295 1.9512 0.0385
0.9250 1.8598 0.0000
0.9172 1.7805 0.0308
0.9119 1.6829 0.0000
0.9035 1.5915 0.0462
0.8982 1.4939 0.0077
0.8878 1.3841 0.0385
0.8826 1.3110 0.0231
0.8735 1.1951 0.0462
0.8689 1.1098 0.0000
0.8578 1.0000 0.0308
0.8539 0.9390 0.0077
0.8415 0.7988 0.0308
0.8337 0.7317 0.0385
0.8278 0.6220 0.0462
0.8160 0.5366 0.0231
0.8069 0.4512 0.0462
0.7984 0.3659 0.0385
0.7900 0.2683 0.0462
0.7815 0.1768 0.0231
0.7717 0.1098 0.0615
0.7619 0.0000 0.0308
0.7521 -0.0854 0.0846
0.7404 -0.1890 0.0538
0.7299 -0.3049 0.0923
0.7189 -0.3902 0.0538
0.7052 -0.4939 0.0923
0.6947 -0.5793 0.0769
0.6823 -0.6829 0.0538
0.6712 -0.7622 0.0615
0.6595 -0.8720 0.0769
0.6477 -0.9390 0.0692
0.6354 -1.0305 0.0923
0.6243 -1.1098 0.0923
0.6119 -1.1768 0.1000
0.5988 -1.2744 0.1000
0.5871 -1.3293 0.1231
0.5747 -1.4085 0.1000
0.5597 -1.4695 0.1538
0.5492 -1.5305 0.1231
0.5329 -1.6220 0.1615
0.5199 -1.6646 0.1692
0.5055 -1.7561 0.1769
0.4905 -1.8049 0.1615
0.4788 -1.8720 0.1846
0.4644 -1.9268 0.1769
0.4494 -1.9695 0.2231
0.4371 -2.0366 0.2077
0.4247 -2.0854 0.2385
0.4110 -2.1220 0.2308
0.3973 -2.1524 0.2692
0.3868 -2.1890 0.2462
0.3738 -2.2134 0.2769
0.3601 -2.2622 0.2846
0.3490 -2.2805 0.3154
0.3346 -2.2988 0.3385
0.3222 -2.3415 0.3615
0.3098 -2.3841 0.3462
0.2962 -2.3780 0.3846
0.2831 -2.4329 0.3769
0.2707 -2.4451 0.4231
0.2590 -2.4634 0.4000
0.2459 -2.4939 0.4538
0.2342 -2.5244 0.4692
0.2244 -2.5244 0.4923
0.2100 -2.5427 0.5000
0.1983 -2.5549 0.5385
0.1866 -2.5854 0.5385
0.1768 -2.5854 0.5692
0.1650 -2.5793 0.5692
0.1526 -2.6098 0.6231
0.1409 -2.6159 0.6385
0.1292 -2.6159 0.6923
0.1200 -2.6341 0.7000
0.1070 -2.6220 0.7538
0.0965 -2.6098 0.7385
0.0841 -2.6159 0.7923
0.0731 -2.6037 0.7923
0.0639 -2.6159 0.8462
0.0509 -2.6159 0.8462
0.0417 -2.6098 0.9000
0.0300 -2.6037 0.9231
0.0202 -2.5976 0.9462
0.0085 -2.5854 0.9846
0.0000 -2.5854 1.0000
