1.00000000 0.00000000 0.00000000
0.97482517 0.00920245 0.04878049
0.95804196 0.01226994 0.03252033
0.94125874 0.01687117 0.05691057
0.92447552 0.02607362 0.04878049
0.90629371 0.03527607 0.07317073
0.88531469 0.04294479 0.07317073
0.86853147 0.04754601 0.08943089
0.84615385 0.05368098 0.14634146
0.83636364 0.06441718 0.13008130
0.81118881 0.07055215 0.11382114
0.79300699 0.08742331 0.14634146
0.77622378 0.08895706 0.12195122
0.75804196 0.10429448 0.13821138
0.73986014 0.10736196 0.13008130
0.72447552 0.11809816 0.15447154
0.70349650 0.12423313 0.13821138
0.68671329 0.13496933 0.15447154
0.66853147 0.13957055 0.15447154
0.65034965 0.15644172 0.17886179
0.63356643 0.16257669 0.16260163
0.61678322 0.18098160 0.16260163
0.59580420 0.19018405 0.15447154
0.57902098 0.20858896 0.19512195
0.55944056 0.22085890 0.17886179
0.54125874 0.22699387 0.21951220
0.52447552 0.24539877 0.20325203
0.50349650 0.25766871 0.20325203
0.48531469 0.26993865 0.19512195
0.46713287 0.28527607 0.19512195
0.45174825 0.30061350 0.20325203
0.43216783 0.30981595 0.21951220
0.41818182 0.31595092 0.23577236
0.40139860 0.32975460 0.26016260
0.38601399 0.34202454 0.24390244
0.36923077 0.36349693 0.28455285
0.35524476 0.37576687 0.24390244
0.33986014 0.39110429 0.28455285
0.32727273 0.40950920 0.28455285
0.31328671 0.42484663 0.31707317
0.29650350 0.45092025 0.32520325
0.28251748 0.46625767 0.34146341
0.26293706 0.48159509 0.33333333
0.25034965 0.50153374 0.36585366
0.23636364 0.51687117 0.34959350
0.22237762 0.53680982 0.39024390
0.20979021 0.55674847 0.39024390
0.19720280 0.57668712 0.42276423
0.18321678 0.58895706 0.42276423
0.16923077 0.60736196 0.47154472
0.15804196 0.62116564 0.47967480
0.15244755 0.64263804 0.52032520
0.13846154 0.66411043 0.51219512
0.13146853 0.68558282 0.56097561
0.11888112 0.70858896 0.56910569
0.10909091 0.72699387 0.59349593
0.09930070 0.74846626 0.63414634
0.09510490 0.76993865 0.65040650
0.07832168 0.79141104 0.71544715
0.07692308 0.81595092 0.72357724
0.06433566 0.83895706 0.72357724
0.05594406 0.85582822 0.76422764
0.04475524 0.86196319 0.78048780
0.04195804 0.88803681 0.81300813
0.03496503 0.90644172 0.81300813
0.03496503 0.92791411 0.86178862
0.02517483 0.93711656 0.87804878
0.02377622 0.95245399 0.90243902
0.02097902 0.96472393 0.91056911
0.01818182 0.97546012 0.93495935
0.01398601 0.98159509 0.95121951
0.01398601 0.98773006 0.96747967
0.00839161 0.98619632 0.95934959
0.00979021 0.99846626 0.98373984
0.00979021 0.99539877 0.96747967
0.01118881 0.99846626 1.00000000
0.00839161 0.99846626 0.96747967
0.00979021 1.00000000 0.99186992
0.00839161 0.99693252 0.97560976
0.00839161 0.99539877 0.99186992
0.00419580 0.99079755 0.97560976
0.00839161 0.99233129 0.98373984
0.00279720 0.99539877 0.97560976
0.00699301 0.99079755 0.98373984
0.00559441 0.99233129 0.98373984
0.00279720 0.99233129 0.99186992
0.00279720 0.98926380 0.97560976
0.00279720 0.99386503 0.99186992
0.00000000 0.99079755 0.96747967
0.00139860 0.99693252 1.00000000
0.00139860 0.99233129 0.97560976
0.00559441 0.98773006 1.00000000
0.00000000 0.99079755 0.98373984
0.00419580 0.98926380 0.98373984
0.00139860 0.99386503 0.97560976
0.00559441 0.99233129 0.99186992
0.00559441 0.98619632 0.99186992
0.00419580 0.99079755 0.98373984
0.00139860 0.99539877 0.96747967
0.00699301 0.99233129 0.99186992
