0.0329 0.0000 0.0000
0.0423 0.0114 0.0095
0.0188 0.0229 0.0166
0.0376 0.0343 0.0190
0.0282 0.0571 0.0284
0.0469 0.0743 0.0284
0.0188 0.0914 0.0427
0.0376 0.0914 0.0403
0.0329 0.1029 0.0521
0.0329 0.1029 0.0474
0.0094 0.1029 0.0616
0.0235 0.1086 0.0569
0.0047 0.1200 0.0664
0.0141 0.1371 0.0687
0.0000 0.1371 0.0782
0.0235 0.1657 0.0806
0.0000 0.1886 0.0924
0.0141 0.2114 0.1019
0.0000 0.2400 0.1066
0.0188 0.2571 0.1137
0.0047 0.2857 0.1209
0.0188 0.2800 0.1280
0.0000 0.3143 0.1374
0.0188 0.3314 0.1422
0.0000 0.3257 0.1540
0.0235 0.3371 0.1564
0.0047 0.3771 0.1682
0.0235 0.3829 0.1777
0.0047 0.4114 0.1872
0.0188 0.4229 0.1896
0.0047 0.4286 0.1991
0.0329 0.4057 0.2062
0.0188 0.4343 0.2109
0.0376 0.4400 0.2133
0.0235 0.4457 0.2251
0.0563 0.4514 0.2299
0.0423 0.4914 0.2393
0.0704 0.4914 0.2488
0.0610 0.5143 0.2583
0.0845 0.5429 0.2654
0.0751 0.5886 0.2725
0.0986 0.5657 0.2796
0.0798 0.6000 0.2844
0.1033 0.5943 0.2938
0.0845 0.6114 0.3033
0.1127 0.6343 0.3081
0.1033 0.6571 0.3223
0.1315 0.6571 0.3318
0.1127 0.6743 0.3531
0.1643 0.7086 0.3531
0.1315 0.7029 0.3602
0.1502 0.6914 0.3649
0.1362 0.7371 0.3744
0.1596 0.7143 0.3768
0.1408 0.7314 0.3910
0.1784 0.7371 0.3957
0.1596 0.7429 0.4076
0.1925 0.7371 0.4123
0.1925 0.7829 0.4313
0.2160 0.7829 0.4384
0.2066 0.7886 0.4502
0.2535 0.8000 0.4621
0.2394 0.8229 0.4739
0.2817 0.8000 0.4787
0.2770 0.8571 0.4929
0.3052 0.8571 0.5047
0.3099 0.8800 0.5261
0.3568 0.9029 0.5332
0.3521 0.9086 0.5498
0.3897 0.9029 0.5592
0.3803 0.9257 0.5711
0.4038 0.8914 0.5853
0.3944 0.9314 0.5924
0.4319 0.9086 0.6043
0.4272 0.9200 0.6185
0.4695 0.9429 0.6327
0.4789 0.9600 0.6564
0.5211 0.9371 0.6635
0.5164 0.9371 0.6825
0.5587 0.9086 0.6919
0.5540 0.9429 0.7085
0.5915 0.9371 0.7204
0.6009 0.9600 0.7441
0.6385 0.9600 0.7559
0.6620 1.0000 0.7749
0.6901 0.9657 0.7867
0.6901 0.9771 0.8033
0.7324 0.9543 0.8175
0.7230 0.9486 0.8341
0.7653 0.9429 0.8483
0.7700 0.9314 0.8626
0.7981 0.9200 0.8791
0.8028 0.9371 0.8981
0.8451 0.8914 0.9147
0.8592 0.9086 0.9360
0.8920 0.8629 0.9455
0.8967 0.8571 0.9597
0.9296 0.8286 0.9692
0.9343 0.8000 0.9953
1.0000 0.8000 1.0000
