0.15783695 0.63914672 0.10972485
0.16140544 0.63588992 0.10701816
0.16634642 0.63198176 0.10431148
0.16991491 0.62693372 0.10098017
0.17265990 0.62351409 0.09889811
0.17842438 0.62383977 0.09619142
0.18226736 0.62107149 0.09369294
0.18583585 0.61634913 0.08973702
0.18775734 0.61276665 0.08661392
0.19132583 0.61195245 0.08328262
0.19434532 0.60950985 0.07891028
0.19626681 0.60657873 0.07453794
0.19763931 0.60315909 0.06974919
0.20010980 0.60136786 0.06537685
0.20203129 0.60120502 0.06225376
0.20559978 0.60201922 0.05746501
0.20669778 0.60153070 0.05288446
0.20861927 0.60071650 0.04892854
0.21026626 0.60055366 0.04330696
0.21465825 0.60234489 0.03914283
0.21630524 0.60332193 0.03518691
0.21959923 0.60543885 0.03060636
0.22261872 0.60706725 0.02727506
0.22701071 0.61032405 0.02415196
0.23003019 0.61341801 0.02061245
0.23277519 0.61520925 0.01748935
0.23606917 0.61814037 0.01478266
0.24073566 0.62156001 0.01145136
0.24512764 0.62432829 0.00916109
0.24869613 0.62807360 0.00666261
0.25226462 0.63084188 0.00541337
0.25830360 0.63393584 0.00374772
0.26324458 0.63816968 0.00333130
0.26681307 0.64256636 0.00187386
0.27120505 0.64419476 0.00124924
0.27504804 0.64777723 0.00104103
0.28136152 0.65217391 0.00000000
0.28602800 0.65722195 0.00000000
0.29069448 0.66080443 0.00062462
0.29453747 0.66552679 0.00145745
0.30002745 0.66910927 0.00270669
0.30579193 0.67318026 0.00312310
0.31073291 0.67659990 0.00416413
0.31622289 0.68148510 0.00499696
0.32061488 0.68376486 0.00687082
0.32610486 0.68865006 0.00812006
0.33132034 0.69239538 0.01020212
0.33790832 0.69386093 0.01207598
0.34202580 0.69972317 0.01478266
0.34916278 0.70444553 0.01603190
0.35355476 0.70688813 0.01853038
0.35767225 0.70933073 0.02019603
0.36398573 0.71307605 0.02248631
0.36975021 0.71828692 0.02498478
0.37578918 0.72203224 0.02769147
0.38018117 0.72496336 0.03039815
0.38814164 0.72805732 0.03331305
0.39198463 0.73229116 0.03643614
0.39829811 0.73685068 0.03851821
0.40269009 0.73994463 0.04143310
0.40900357 0.74320143 0.04434799
0.41367005 0.75020355 0.04726288
0.42025803 0.75655431 0.05101060
0.42437551 0.76160234 0.05496653
0.42904200 0.76485914 0.05975528
0.43261049 0.77169842 0.06287838
0.43645347 0.78146882 0.06787533
0.43892396 0.78863377 0.07287229
0.44139446 0.79661293 0.07932669
0.44359045 0.80117245 0.08703033
0.44359045 0.81582804 0.09535860
0.44413945 0.82787820 0.10556072
0.44276695 0.83927699 0.11805311
0.43892396 0.84807035 0.13304398
0.43398298 0.86223742 0.14949230
0.42904200 0.87787005 0.16718985
0.42135603 0.89366553 0.18884333
0.41092506 0.90750692 0.21466094
0.39884710 0.92265103 0.24422627
0.38155366 0.93844651 0.27858035
0.36480922 0.95603322 0.31709856
0.34065331 0.97280573 0.36186297
0.31402690 0.98257613 0.41287357
0.27944002 0.99169516 0.46908934
0.24348065 1.00000000 0.53259233
0.19983530 0.99983716 0.60192511
0.15344496 0.98811269 0.67663923
0.10348614 0.96873473 0.75511708
0.05819380 0.92672203 0.83487620
0.01921493 0.86012050 0.90566642
0.00000000 0.76909298 0.96124155
0.00247049 0.65608207 0.99599603
0.04172385 0.52076209 1.00000000
0.12544606 0.37208924 0.95915949
0.25171562 0.22992998 0.87427528
0.40927807 0.10926559 0.75143342
0.58495745 0.03077675 0.60296614
0.75514686 0.00000000 0.44660303
0.89898435 0.02149487 0.30606362
1.00000000 0.08109428 0.19217464
