0.3243 0.7725 1.0000
0.3205 0.7725 0.9972
0.3115 0.7800 0.9832
0.3070 0.7825 0.9795
0.3002 0.7837 0.9739
0.2972 0.7913 0.9692
0.2897 0.7937 0.9646
0.2844 0.7925 0.9655
0.2799 0.7925 0.9683
0.2746 0.7987 0.9599
0.2679 0.8100 0.9524
0.2641 0.8113 0.9506
0.2596 0.8137 0.9450
0.2581 0.8225 0.9412
0.2506 0.8287 0.9347
0.2445 0.8287 0.9366
0.2363 0.8350 0.9375
0.2348 0.8425 0.9300
0.2257 0.8538 0.9263
0.2167 0.8575 0.9263
0.2129 0.8600 0.9226
0.2099 0.8675 0.9188
0.2017 0.8788 0.9142
0.1919 0.8788 0.9170
0.1866 0.8800 0.9151
0.1828 0.8875 0.9095
0.1723 0.9000 0.9104
0.1663 0.9087 0.9067
0.1625 0.9125 0.9058
0.1588 0.9200 0.8974
0.1430 0.9313 0.9011
0.1347 0.9375 0.9049
0.1249 0.9375 0.9021
0.1174 0.9475 0.9030
0.1106 0.9613 0.9002
0.1016 0.9613 0.9021
0.0971 0.9613 0.9021
0.0903 0.9712 0.9011
0.0783 0.9812 0.9021
0.0670 0.9800 0.9039
0.0609 0.9850 0.9058
0.0579 0.9812 0.9039
0.0489 0.9962 0.9021
0.0421 0.9938 0.9058
0.0361 0.9962 0.9067
0.0324 0.9962 0.9095
0.0233 1.0000 0.9123
0.0150 0.9962 0.9170
0.0135 0.9900 0.9226
0.0143 0.9962 0.9179
0.0083 0.9925 0.9216
0.0075 0.9812 0.9263
0.0083 0.9700 0.9272
0.0060 0.9775 0.9188
0.0008 0.9725 0.9226
0.0000 0.9613 0.9282
0.0008 0.9550 0.9291
0.0060 0.9550 0.9244
0.0075 0.9450 0.9254
0.0083 0.9300 0.9328
0.0105 0.9213 0.9244
0.0120 0.9163 0.9244
0.0173 0.9050 0.9254
0.0256 0.8850 0.9282
0.0309 0.8738 0.9198
0.0384 0.8600 0.9198
0.0459 0.8438 0.9179
0.0572 0.8275 0.9170
0.0662 0.8163 0.9049
0.0745 0.8050 0.9030
0.0828 0.7900 0.8993
0.0986 0.7725 0.8937
0.1106 0.7575 0.8881
0.1196 0.7375 0.8871
0.1324 0.7188 0.8778
0.1527 0.7013 0.8722
0.1655 0.6875 0.8610
0.1783 0.6637 0.8507
0.1986 0.6350 0.8396
0.2212 0.6088 0.8302
0.2385 0.5800 0.8190
0.2603 0.5563 0.7994
0.2829 0.5300 0.7836
0.3100 0.5000 0.7659
0.3341 0.4750 0.7453
0.3604 0.4462 0.7220
0.3890 0.4138 0.6968
0.4214 0.3762 0.6772
0.4507 0.3463 0.6483
0.4838 0.3063 0.6129
0.5237 0.2662 0.5756
0.5628 0.2263 0.5336
0.6035 0.1850 0.4841
0.6509 0.1450 0.4319
0.6983 0.1087 0.3815
0.7479 0.0813 0.3209
0.8014 0.0537 0.2509
0.8676 0.0238 0.1716
0.9300 0.0088 0.0951
1.0000 0.0000 0.0000
