1.0000 1.0000 1.0000
0.9976 0.9908 0.9928
0.9880 0.9770 0.9952
0.9832 0.9724 0.9856
0.9712 0.9355 0.9832
0.9688 0.9171 0.9856
0.9736 0.9124 0.9832
0.9591 0.9032 0.9688
0.9519 0.8618 0.9664
0.9471 0.8525 0.9544
0.9423 0.8341 0.9568
0.9399 0.8157 0.9496
0.9303 0.8249 0.9448
0.9231 0.8249 0.9376
0.9159 0.8018 0.9353
0.9062 0.8018 0.9233
0.8966 0.7926 0.9257
0.8870 0.7788 0.9089
0.8750 0.7742 0.9065
0.8678 0.7788 0.8993
0.8558 0.7696 0.8921
0.8510 0.7558 0.8801
0.8389 0.7512 0.8849
0.8317 0.7512 0.8729
0.8245 0.7419 0.8705
0.8149 0.7235 0.8585
0.8077 0.7143 0.8585
0.7981 0.7235 0.8489
0.7909 0.6912 0.8465
0.7812 0.6866 0.8393
0.7764 0.6728 0.8393
0.7644 0.6590 0.8249
0.7596 0.6406 0.8225
0.7548 0.6267 0.8177
0.7524 0.6037 0.8082
0.7476 0.5806 0.7986
0.7452 0.5853 0.7938
0.7428 0.5484 0.7866
0.7332 0.5253 0.7842
0.7308 0.4977 0.7770
0.7188 0.4977 0.7698
0.7043 0.5023 0.7602
0.6995 0.4747 0.7602
0.6899 0.4700 0.7434
0.6803 0.4516 0.7362
0.6707 0.4470 0.7242
0.6611 0.4286 0.7194
0.6442 0.4240 0.7002
0.6442 0.3917 0.6978
0.6370 0.3917 0.6739
0.6298 0.3917 0.6691
0.6154 0.3687 0.6547
0.6058 0.3502 0.6427
0.5962 0.3548 0.6307
0.5865 0.3272 0.6187
0.5697 0.2857 0.6139
0.5721 0.2995 0.5995
0.5577 0.2811 0.5827
0.5385 0.2535 0.5707
0.5264 0.2488 0.5588
0.5240 0.2350 0.5516
0.5096 0.2120 0.5348
0.5096 0.2120 0.5300
0.4880 0.2120 0.5156
0.4736 0.1889 0.4988
0.4688 0.1613 0.4820
0.4519 0.1613 0.4748
0.4327 0.1521 0.4508
0.4183 0.1429 0.4436
0.4135 0.1613 0.4245
0.4038 0.1475 0.4125
0.3942 0.1290 0.3981
0.3774 0.1382 0.3885
0.3630 0.1336 0.3765
0.3462 0.1336 0.3645
0.3317 0.1014 0.3477
0.3245 0.1014 0.3333
0.3077 0.0783 0.3237
0.3005 0.0829 0.3118
0.2861 0.0829 0.2974
0.2837 0.0783 0.2878
0.2644 0.0599 0.2710
0.2524 0.0691 0.2590
0.2308 0.0737 0.2446
0.2188 0.0507 0.2278
0.2067 0.0553 0.2182
0.1923 0.0645 0.2014
0.1779 0.0507 0.1871
0.1635 0.0783 0.1703
0.1538 0.0691 0.1583
0.1394 0.0737 0.1415
0.1250 0.0783 0.1295
0.1130 0.0876 0.1199
0.0913 0.0691 0.1007
0.0721 0.0737 0.0911
0.0673 0.0553 0.0719
0.0433 0.0369 0.0504
0.0240 0.0323 0.0360
0.0096 0.0323 0.0168
0.0000 0.0000 0.0000
