1.0000 0.0000 1.0000
0.9595 0.0065 0.9791
0.9369 0.0097 0.9529
0.8874 0.0081 0.9319
0.8468 0.0081 0.9058
0.8198 0.0194 0.8901
0.7883 0.0211 0.8691
0.7432 0.0243 0.8560
0.6892 0.0308 0.8325
0.6396 0.0438 0.8115
0.5991 0.0421 0.7880
0.5631 0.0535 0.7670
0.5270 0.0616 0.7461
0.4955 0.0713 0.7251
0.4640 0.0794 0.7016
0.4324 0.0989 0.6885
0.4054 0.1021 0.6649
0.3739 0.1070 0.6466
0.3468 0.1118 0.6230
0.3243 0.1199 0.5969
0.2928 0.1183 0.5733
0.2748 0.1297 0.5419
0.2387 0.1329 0.5209
0.2252 0.1475 0.4948
0.1982 0.1572 0.4764
0.1802 0.1556 0.4607
0.1802 0.1669 0.4372
0.1441 0.1718 0.4188
0.1261 0.1799 0.3927
0.1171 0.1945 0.3770
0.1126 0.1961 0.3586
0.0901 0.2026 0.3429
0.0856 0.2091 0.3298
0.0676 0.2172 0.3089
0.0495 0.2204 0.2880
0.0405 0.2382 0.2565
0.0360 0.2464 0.2382
0.0315 0.2545 0.2225
0.0315 0.2593 0.2147
0.0180 0.2804 0.1937
0.0225 0.2836 0.1702
0.0045 0.2934 0.1466
0.0135 0.2950 0.1387
0.0045 0.3047 0.1126
0.0180 0.3063 0.1073
0.0135 0.3258 0.0890
0.0360 0.3323 0.0733
0.0180 0.3517 0.0550
0.0315 0.3549 0.0445
0.0270 0.3728 0.0314
0.0360 0.3874 0.0314
0.0225 0.3987 0.0131
0.0315 0.4100 0.0079
0.0180 0.4327 0.0000
0.0315 0.4457 0.0026
0.0135 0.4749 0.0026
0.0315 0.4814 0.0052
0.0135 0.5105 0.0105
0.0315 0.5186 0.0209
0.0090 0.5446 0.0209
0.0360 0.5575 0.0393
0.0000 0.5818 0.0393
0.0270 0.6062 0.0576
0.0045 0.6224 0.0681
0.0180 0.6467 0.0785
0.0000 0.6629 0.0838
0.0180 0.6710 0.0942
0.0135 0.7002 0.0916
0.0135 0.6969 0.1047
0.0180 0.7277 0.1099
0.0405 0.7277 0.1309
0.0495 0.7553 0.1361
0.0721 0.7569 0.1545
0.0541 0.7828 0.1728
0.0811 0.7861 0.1859
0.0631 0.8039 0.2173
0.1126 0.8120 0.2251
0.0721 0.8331 0.2382
0.1126 0.8428 0.2696
0.0901 0.8574 0.2775
0.1351 0.8639 0.3010
0.0991 0.8817 0.3089
0.1441 0.8817 0.3298
0.1216 0.8914 0.3403
0.1712 0.8979 0.3508
0.1396 0.9109 0.3743
0.1982 0.9109 0.3953
0.1667 0.9287 0.4215
0.2027 0.9287 0.4450
0.1667 0.9465 0.4660
0.2162 0.9384 0.4921
0.2027 0.9546 0.5105
0.2387 0.9417 0.5366
0.2297 0.9692 0.5602
0.2748 0.9676 0.5864
0.2477 0.9870 0.6126
0.2838 0.9741 0.6283
0.2703 0.9919 0.6466
0.3198 0.9789 0.6649
0.2928 1.0000 0.6885
