0.1303 1.0000 0.9834
0.1212 0.9259 0.9895
0.0879 0.8818 0.9955
0.0697 0.8413 0.9985
0.0303 0.7848 1.0000
0.0212 0.7601 1.0000
0.0091 0.7143 0.9985
0.0212 0.6649 0.9985
0.0242 0.6085 0.9970
0.0061 0.5802 0.9940
0.0000 0.5626 0.9910
0.0061 0.5291 0.9804
0.0061 0.5079 0.9774
0.0091 0.4850 0.9714
0.0091 0.4374 0.9608
0.0182 0.4215 0.9533
0.0091 0.4092 0.9488
0.0273 0.3968 0.9337
0.0091 0.3757 0.9262
0.0273 0.3616 0.9172
0.0364 0.3316 0.9066
0.0606 0.3086 0.9006
0.0727 0.3051 0.8870
0.0879 0.2963 0.8795
0.0909 0.2857 0.8645
0.0939 0.2822 0.8584
0.1212 0.2716 0.8434
0.1364 0.2504 0.8419
0.1333 0.2540 0.8283
0.1576 0.2487 0.8193
0.1636 0.2451 0.8133
0.1848 0.2469 0.8057
0.1970 0.2451 0.7997
0.2303 0.2381 0.7892
0.2394 0.2187 0.7922
0.2576 0.2363 0.7831
0.2758 0.2310 0.7771
0.2939 0.2240 0.7636
0.2970 0.2169 0.7636
0.3182 0.2099 0.7575
0.3152 0.2063 0.7530
0.3485 0.2046 0.7455
0.3515 0.2028 0.7395
0.3697 0.1940 0.7349
0.3697 0.1993 0.7304
0.3939 0.1940 0.7289
0.4121 0.1887 0.7259
0.4333 0.1764 0.7199
0.4424 0.1799 0.7184
0.4485 0.1711 0.7063
0.4667 0.1728 0.7063
0.4818 0.1817 0.6943
0.4909 0.1623 0.6913
0.5152 0.1587 0.6852
0.5152 0.1587 0.6837
0.5424 0.1552 0.6687
0.5545 0.1446 0.6642
0.5848 0.1393 0.6581
0.5939 0.1305 0.6476
0.6273 0.1129 0.6416
0.6364 0.1217 0.6295
0.6424 0.1111 0.6114
0.6545 0.1058 0.6039
0.6909 0.0917 0.5858
0.7000 0.0635 0.5723
0.7212 0.0529 0.5572
0.7273 0.0582 0.5437
0.7485 0.0529 0.5211
0.7485 0.0406 0.5060
0.7939 0.0265 0.4819
0.8091 0.0000 0.4593
0.8364 0.0071 0.4383
0.8485 0.0159 0.4187
0.8727 0.0088 0.3901
0.8697 0.0141 0.3645
0.8879 0.0106 0.3373
0.8970 0.0018 0.3102
0.9152 0.0159 0.2861
0.9364 0.0282 0.2636
0.9545 0.0317 0.2259
0.9485 0.0653 0.2033
0.9727 0.0758 0.1747
0.9758 0.0653 0.1491
0.9939 0.0935 0.1250
0.9879 0.1199 0.1024
1.0000 0.1464 0.0858
0.9848 0.1975 0.0572
0.9758 0.2116 0.0452
0.9667 0.2257 0.0316
0.9606 0.2557 0.0196
0.9576 0.2998 0.0105
0.9485 0.3492 0.0015
0.9212 0.4021 0.0015
0.9182 0.4250 0.0000
0.8848 0.4515 0.0105
0.8758 0.4780 0.0105
0.8424 0.5256 0.0226
0.8273 0.5732 0.0286
0.7758 0.6138 0.0346
0.7545 0.6490 0.0527
