-0.3765 0.0681 0.5160
-0.3706 0.0384 0.5412
-0.3612 0.0359 0.5678
-0.3482 0.0111 0.5864
-0.3482 -0.0223 0.6077
-0.3400 -0.0569 0.6223
-0.3329 -0.0978 0.6449
-0.3176 -0.1114 0.6596
-0.3106 -0.1324 0.6729
-0.3000 -0.1671 0.6809
-0.2859 -0.1931 0.6941
-0.2718 -0.2413 0.6981
-0.2565 -0.2550 0.7088
-0.2424 -0.2686 0.7128
-0.2294 -0.2995 0.7168
-0.2165 -0.3317 0.7194
-0.2012 -0.3564 0.7234
-0.1776 -0.3800 0.7207
-0.1600 -0.4072 0.7181
-0.1424 -0.4270 0.7194
-0.1224 -0.4530 0.7141
-0.1000 -0.4814 0.7114
-0.0812 -0.5074 0.7061
-0.0647 -0.5235 0.6981
-0.0506 -0.5458 0.6941
-0.0282 -0.5705 0.6888
0.0000 -0.5953 0.6809
0.0106 -0.6126 0.6636
0.0282 -0.6349 0.6543
0.0435 -0.6559 0.6316
0.0635 -0.6646 0.6237
0.0824 -0.6795 0.5997
0.0976 -0.6968 0.5785
0.1106 -0.7129 0.5532
0.1224 -0.7240 0.5372
0.1365 -0.7314 0.5133
0.1506 -0.7302 0.4854
0.1647 -0.7413 0.4601
0.1788 -0.7537 0.4295
0.1906 -0.7537 0.3989
0.2047 -0.7463 0.3737
0.2141 -0.7314 0.3457
0.2224 -0.7376 0.3138
0.2365 -0.7351 0.2819
0.2447 -0.7240 0.2620
0.2588 -0.7054 0.2394
0.2753 -0.6980 0.2101
0.2835 -0.6918 0.1848
0.3012 -0.6708 0.1622
0.3153 -0.6448 0.1423
0.3282 -0.6139 0.1197
0.3365 -0.6027 0.1037
0.3541 -0.5866 0.0851
0.3706 -0.5693 0.0678
0.3871 -0.5272 0.0585
0.4024 -0.5025 0.0426
0.4165 -0.4901 0.0346
0.4318 -0.4653 0.0199
0.4435 -0.4344 0.0160
0.4624 -0.4047 0.0066
0.4776 -0.3837 0.0080
0.4918 -0.3787 0.0000
0.5106 -0.3391 0.0053
0.5341 -0.3057 0.0053
0.5494 -0.2797 0.0040
0.5612 -0.2587 0.0120
0.5871 -0.2599 0.0186
0.5941 -0.2178 0.0279
0.6141 -0.1745 0.0359
0.6353 -0.1522 0.0479
0.6541 -0.1411 0.0638
0.6718 -0.1114 0.0785
0.6965 -0.0743 0.0904
0.7200 -0.0371 0.1051
0.7353 -0.0186 0.1237
0.7541 0.0000 0.1489
0.7753 -0.0037 0.1649
0.7929 0.0557 0.1848
0.8176 0.0842 0.2061
0.8412 0.1126 0.2301
0.8659 0.1386 0.2553
0.8847 0.1522 0.2766
0.9106 0.2030 0.2992
0.9282 0.2351 0.3258
0.9518 0.2649 0.3511
0.9729 0.2933 0.3790
1.0000 0.3292 0.4056
1.0153 0.3700 0.4348
1.0365 0.4059 0.4694
1.0576 0.4554 0.4973
1.0800 0.4901 0.5279
1.0882 0.5347 0.5625
1.1012 0.5829 0.6024
1.1106 0.6275 0.6410
1.1153 0.6757 0.6902
1.1224 0.7450 0.7367
1.1212 0.8057 0.7952
1.1141 0.8515 0.8551
1.1000 0.9233 0.9229
1.0906 1.0000 1.0000
