0.0000 1.0000 0.0000
0.0131 0.9957 0.0606
0.0286 0.9939 0.0758
0.0422 0.9878 0.1364
0.0571 0.9829 0.1970
0.0717 0.9804 0.2727
0.0852 0.9719 0.3333
0.1016 0.9676 0.3939
0.1157 0.9621 0.4697
0.1288 0.9535 0.4848
0.1438 0.9505 0.5303
0.1574 0.9413 0.5000
0.1719 0.9370 0.5455
0.1855 0.9315 0.5606
0.1991 0.9266 0.5455
0.2117 0.9211 0.6061
0.2248 0.9150 0.6212
0.2370 0.9052 0.6667
0.2496 0.9003 0.6970
0.2623 0.8930 0.6970
0.2754 0.8862 0.7121
0.2890 0.8801 0.7121
0.3012 0.8703 0.7576
0.3138 0.8606 0.7879
0.3269 0.8544 0.8485
0.3410 0.8440 0.8333
0.3536 0.8379 0.8636
0.3663 0.8294 0.8485
0.3780 0.8214 0.8333
0.3902 0.8153 0.8333
0.4023 0.8080 0.8182
0.4131 0.7994 0.8030
0.4262 0.7927 0.8030
0.4361 0.7823 0.8030
0.4473 0.7749 0.8485
0.4590 0.7657 0.8636
0.4707 0.7578 0.8333
0.4801 0.7492 0.8485
0.4909 0.7425 0.8485
0.5012 0.7303 0.8485
0.5133 0.7217 0.9091
0.5227 0.7101 0.8788
0.5340 0.6985 0.9242
0.5452 0.6887 0.9545
0.5555 0.6777 0.9091
0.5672 0.6679 0.9242
0.5770 0.6593 0.9242
0.5869 0.6459 0.9242
0.5995 0.6373 0.9242
0.6108 0.6287 0.8333
0.6220 0.6190 0.8485
0.6319 0.6061 0.8333
0.6450 0.5945 0.8939
0.6543 0.5823 0.9242
0.6651 0.5700 0.9394
0.6763 0.5584 0.9242
0.6862 0.5456 0.9394
0.6974 0.5303 0.9545
0.7101 0.5187 0.9697
0.7199 0.5046 0.9545
0.7326 0.4924 0.9545
0.7438 0.4789 0.9394
0.7536 0.4642 0.9848
0.7621 0.4508 0.9545
0.7738 0.4373 1.0000
0.7836 0.4232 0.9242
0.7939 0.4141 0.8485
0.8023 0.3994 0.8333
0.8112 0.3878 0.8636
0.8192 0.3719 0.8939
0.8281 0.3590 0.9091
0.8370 0.3450 0.8939
0.8450 0.3303 0.8939
0.8534 0.3187 0.8636
0.8609 0.3046 0.8636
0.8703 0.2887 0.8333
0.8787 0.2752 0.8485
0.8867 0.2593 0.8182
0.8951 0.2453 0.8333
0.9021 0.2269 0.7879
0.9115 0.2116 0.8030
0.9194 0.1951 0.6818
0.9283 0.1780 0.6970
0.9340 0.1657 0.6212
0.9415 0.1474 0.6667
0.9485 0.1278 0.6970
0.9555 0.1150 0.6061
0.9607 0.0985 0.5606
0.9663 0.0844 0.5606
0.9710 0.0691 0.5303
0.9770 0.0544 0.5152
0.9813 0.0428 0.4697
0.9850 0.0330 0.4848
0.9883 0.0239 0.4242
0.9916 0.0153 0.4545
0.9939 0.0092 0.4091
0.9967 0.0043 0.4394
0.9977 0.0012 0.3939
0.9986 0.0000 0.3939
1.0000 0.0000 0.3636
