0.0000 1.0000 0.0000
0.0138 0.9987 0.0672
0.0276 0.9955 0.1429
0.0405 0.9910 0.1765
0.0539 0.9910 0.2353
0.0673 0.9878 0.2689
0.0810 0.9872 0.2773
0.0944 0.9904 0.3109
0.1069 0.9846 0.3445
0.1203 0.9808 0.4118
0.1341 0.9750 0.4454
0.1458 0.9705 0.4790
0.1596 0.9686 0.4874
0.1717 0.9622 0.5210
0.1850 0.9571 0.5546
0.1980 0.9545 0.5966
0.2101 0.9455 0.6303
0.2247 0.9411 0.6639
0.2373 0.9353 0.7059
0.2490 0.9263 0.7143
0.2623 0.9231 0.7395
0.2744 0.9135 0.7227
0.2874 0.9090 0.7479
0.2995 0.9033 0.7563
0.3116 0.8981 0.7479
0.3229 0.8924 0.7815
0.3346 0.8860 0.7899
0.3454 0.8757 0.8151
0.3567 0.8706 0.8319
0.3680 0.8629 0.8319
0.3797 0.8559 0.8403
0.3918 0.8495 0.8403
0.4027 0.8392 0.8655
0.4140 0.8290 0.8824
0.4256 0.8225 0.9160
0.4382 0.8117 0.9076
0.4495 0.8053 0.9244
0.4607 0.7963 0.9160
0.4712 0.7880 0.9076
0.4820 0.7816 0.9076
0.4929 0.7739 0.8992
0.5025 0.7649 0.8908
0.5142 0.7578 0.8908
0.5230 0.7470 0.8908
0.5330 0.7393 0.9160
0.5434 0.7297 0.9244
0.5539 0.7213 0.9076
0.5622 0.7124 0.9160
0.5718 0.7053 0.9160
0.5810 0.6925 0.9160
0.5919 0.6835 0.9496
0.6003 0.6714 0.9328
0.6103 0.6592 0.9580
0.6203 0.6489 0.9748
0.6295 0.6374 0.9496
0.6399 0.6272 0.9580
0.6487 0.6182 0.9580
0.6575 0.6041 0.9580
0.6688 0.5951 0.9580
0.6788 0.5862 0.9076
0.6888 0.5759 0.9160
0.6976 0.5625 0.9076
0.7093 0.5503 0.9412
0.7176 0.5375 0.9580
0.7272 0.5247 0.9664
0.7373 0.5125 0.9580
0.7460 0.4990 0.9664
0.7561 0.4830 0.9748
0.7673 0.4709 0.9832
0.7761 0.4561 0.9748
0.7874 0.4433 0.9748
0.7974 0.4292 0.9664
0.8062 0.4138 0.9916
0.8137 0.3997 0.9748
0.8241 0.3857 1.0000
0.8329 0.3709 0.9580
0.8421 0.3613 0.9160
0.8496 0.3459 0.9076
0.8576 0.3338 0.9244
0.8647 0.3171 0.9412
0.8726 0.3037 0.9496
0.8805 0.2889 0.9412
0.8876 0.2735 0.9412
0.8952 0.2614 0.9244
0.9018 0.2466 0.9244
0.9102 0.2300 0.9076
0.9177 0.2159 0.9160
0.9248 0.1992 0.8992
0.9323 0.1845 0.9076
0.9386 0.1653 0.8824
0.9470 0.1493 0.8908
0.9541 0.1320 0.8235
0.9620 0.1140 0.8319
0.9670 0.1012 0.7899
0.9737 0.0820 0.8151
0.9799 0.0615 0.8319
0.9862 0.0480 0.7815
0.9908 0.0307 0.7563
0.9958 0.0160 0.7563
1.0000 0.0000 0.7395
