0.00000000 1.00000000 0.00000000
0.01218369 0.99725777 0.01088929
0.02343018 0.98811700 0.02722323
0.03561387 0.98994516 0.03085299
0.04498594 0.98628885 0.04537205
0.05810684 0.98171846 0.05263158
0.06747891 0.97440585 0.06715064
0.07966261 0.97623400 0.08529946
0.08997188 0.96617916 0.09800363
0.10121837 0.96343693 0.10707804
0.11246485 0.95886654 0.11796733
0.11996251 0.95612431 0.13430127
0.13027179 0.94424132 0.14156080
0.13870665 0.94332724 0.15607985
0.14995314 0.93875686 0.16696915
0.15651359 0.93875686 0.18511797
0.17338332 0.93235832 0.19963702
0.17994377 0.92870201 0.20871143
0.19212746 0.91956124 0.23049002
0.20056232 0.91773309 0.23956443
0.21274602 0.91224863 0.25408348
0.21930647 0.91042048 0.26497278
0.23055295 0.90676417 0.28675136
0.23898782 0.90127971 0.29401089
0.24835989 0.89488117 0.31215971
0.26054358 0.89396709 0.32123412
0.27272727 0.88939671 0.34119782
0.28491097 0.88482633 0.35208711
0.29428304 0.87842779 0.36479129
0.30552952 0.87568556 0.38294011
0.31677601 0.86928702 0.39745917
0.32802249 0.86745887 0.41379310
0.34208060 0.85923218 0.42468240
0.35613871 0.85374771 0.44646098
0.37019681 0.84369287 0.46279492
0.38519213 0.84277879 0.47549909
0.39643861 0.83638026 0.49727768
0.41237113 0.83089580 0.51179673
0.42549203 0.82084095 0.53176044
0.43580131 0.81718464 0.54446461
0.45173383 0.80530165 0.55716878
0.46485473 0.80073126 0.57168784
0.47985005 0.79250457 0.59165154
0.49015933 0.78610603 0.60617060
0.50609185 0.77605119 0.61524501
0.51827554 0.77239488 0.62794918
0.53327085 0.76325411 0.65154265
0.54826617 0.75319927 0.65517241
0.56138707 0.74497258 0.67513612
0.57544517 0.73948812 0.67876588
0.58950328 0.72943327 0.70417423
0.60168697 0.71937843 0.70961887
0.61668229 0.71023766 0.72776770
0.63167760 0.70109689 0.73502722
0.64479850 0.69561243 0.75136116
0.65791940 0.68464351 0.76043557
0.66916589 0.67184644 0.77858439
0.68509841 0.65904936 0.78584392
0.69353327 0.65082267 0.80217786
0.70571696 0.63893967 0.81125227
0.71883786 0.62797075 0.82577132
0.72914714 0.61334552 0.83484574
0.74226804 0.59872029 0.84392015
0.75632615 0.59049360 0.84936479
0.76569822 0.57952468 0.86025408
0.77413308 0.56489945 0.87477314
0.79006560 0.55210238 0.88384755
0.79756326 0.53839122 0.88384755
0.80787254 0.53107861 0.89292196
0.81443299 0.51919561 0.89655172
0.82755389 0.50182815 0.91288566
0.83411434 0.48903108 0.91107078
0.84723524 0.47349177 0.92014519
0.85473290 0.46343693 0.92196007
0.86223055 0.45155393 0.93647913
0.87066542 0.43692870 0.93829401
0.87628866 0.42138940 0.94736842
0.88472352 0.40219378 0.94373866
0.89315839 0.39213894 0.95462795
0.89784442 0.38117002 0.95099819
0.90440487 0.36928702 0.96370236
0.91002812 0.34643510 0.96370236
0.91752577 0.33363803 0.97096189
0.92502343 0.31535649 0.96914701
0.93345829 0.30073126 0.97822142
0.93720712 0.28062157 0.97459165
0.94095595 0.26416819 0.98548094
0.94751640 0.24223035 0.98729583
0.95407685 0.22120658 0.99092559
0.96063730 0.20201097 0.98729583
0.96626054 0.18372943 0.98729583
0.97094658 0.16727605 0.98729583
0.97563261 0.14351005 0.99818512
0.97938144 0.11882998 0.99092559
0.98500469 0.09780622 0.99637024
0.99156514 0.08500914 0.99274047
0.99531396 0.06215722 0.99818512
0.99718838 0.04204753 0.99637024
1.00000000 0.01919561 1.00000000
1.00000000 0.00000000 0.99637024
