0.0000 1.0000 0.0000
0.0082 0.9986 0.0146
0.0223 0.9957 0.0438
0.0329 0.9914 0.0535
0.0446 0.9864 0.0779
0.0599 0.9857 0.0900
0.0751 0.9821 0.1168
0.0904 0.9785 0.1314
0.1021 0.9735 0.1484
0.1162 0.9713 0.1727
0.1303 0.9663 0.1922
0.1444 0.9648 0.2141
0.1620 0.9584 0.2287
0.1796 0.9541 0.2579
0.1972 0.9462 0.2798
0.2160 0.9455 0.2968
0.2300 0.9405 0.3260
0.2500 0.9362 0.3455
0.2664 0.9283 0.3723
0.2793 0.9254 0.3893
0.2993 0.9161 0.4063
0.3157 0.9125 0.4258
0.3345 0.9060 0.4526
0.3474 0.9010 0.4720
0.3674 0.8931 0.4842
0.3826 0.8902 0.5012
0.4014 0.8831 0.5328
0.4202 0.8752 0.5377
0.4366 0.8687 0.5645
0.4542 0.8644 0.5693
0.4718 0.8565 0.6034
0.4871 0.8486 0.6107
0.5059 0.8415 0.6350
0.5246 0.8343 0.6448
0.5411 0.8300 0.6667
0.5575 0.8214 0.6788
0.5716 0.8113 0.7032
0.5915 0.8013 0.7129
0.6021 0.7948 0.7348
0.6174 0.7855 0.7470
0.6338 0.7769 0.7664
0.6467 0.7654 0.7786
0.6631 0.7539 0.7908
0.6808 0.7475 0.7981
0.6925 0.7389 0.8127
0.7031 0.7274 0.8321
0.7230 0.7174 0.8443
0.7324 0.7066 0.8443
0.7453 0.7009 0.8564
0.7535 0.6915 0.8613
0.7700 0.6779 0.8832
0.7782 0.6679 0.8808
0.7946 0.6557 0.8929
0.8040 0.6478 0.8954
0.8134 0.6385 0.9148
0.8239 0.6270 0.9173
0.8310 0.6148 0.9294
0.8415 0.5997 0.9246
0.8521 0.5918 0.9392
0.8580 0.5832 0.9343
0.8662 0.5739 0.9513
0.8732 0.5560 0.9513
0.8826 0.5459 0.9611
0.8920 0.5316 0.9586
0.9026 0.5201 0.9708
0.9073 0.5043 0.9659
0.9120 0.4914 0.9805
0.9202 0.4742 0.9830
0.9284 0.4577 0.9878
0.9366 0.4426 0.9830
0.9437 0.4283 0.9830
0.9495 0.4154 0.9830
0.9554 0.3967 0.9976
0.9601 0.3773 0.9878
0.9671 0.3608 0.9951
0.9754 0.3508 0.9903
0.9800 0.3329 0.9976
0.9824 0.3171 0.9951
0.9859 0.2991 1.0000
0.9859 0.2841 0.9951
0.9894 0.2661 0.9951
0.9906 0.2539 0.9903
0.9953 0.2396 0.9951
0.9941 0.2253 0.9951
0.9941 0.2116 0.9976
0.9918 0.1951 0.9903
0.9988 0.1844 0.9976
0.9953 0.1722 0.9878
1.0000 0.1593 0.9854
0.9965 0.1442 0.9781
1.0000 0.1334 0.9903
0.9977 0.1169 0.9708
0.9965 0.1055 0.9708
0.9941 0.0911 0.9611
0.9953 0.0746 0.9684
0.9894 0.0610 0.9611
0.9965 0.0473 0.9562
0.9871 0.0316 0.9440
0.9824 0.0151 0.9489
0.9789 0.0000 0.9392
