0.2792 0.0000 0.0119
0.1878 0.0475 0.0045
0.1980 0.0903 0.0030
0.1218 0.1520 0.0000
0.1574 0.1805 0.0090
0.0964 0.2233 0.0134
0.1168 0.2732 0.0134
0.0305 0.3444 0.0209
0.0863 0.3848 0.0299
0.0152 0.4299 0.0433
0.0660 0.4751 0.0478
0.0051 0.5344 0.0657
0.0609 0.5582 0.0866
0.0102 0.5986 0.1030
0.0711 0.6366 0.1149
0.0000 0.6841 0.1403
0.0964 0.7126 0.1507
0.0305 0.7482 0.1716
0.0964 0.7791 0.1866
0.0305 0.8100 0.2119
0.1371 0.8124 0.2284
0.1015 0.8266 0.2507
0.1777 0.8551 0.2612
0.1117 0.9002 0.2851
0.2183 0.9097 0.3015
0.1574 0.9264 0.3224
0.2234 0.9477 0.3373
0.1827 0.9667 0.3672
0.3046 0.9525 0.3761
0.2589 0.9525 0.4030
0.3452 0.9834 0.4090
0.2792 0.9905 0.4373
0.3909 0.9739 0.4388
0.3452 0.9905 0.4657
0.4264 1.0000 0.4672
0.3807 0.9834 0.4955
0.4822 0.9739 0.4910
0.4365 0.9667 0.5149
0.5076 0.9952 0.5149
0.4670 0.9691 0.5478
0.5685 0.9929 0.5358
0.5178 0.9786 0.5687
0.5787 0.9786 0.5612
0.5635 0.9311 0.5925
0.6396 0.9667 0.5761
0.5990 0.9169 0.6090
0.6497 0.9501 0.5970
0.6396 0.9002 0.6224
0.7056 0.9382 0.6060
0.6751 0.8599 0.6373
0.7360 0.9121 0.6269
0.7411 0.8480 0.6537
0.7716 0.9192 0.6493
0.7563 0.8432 0.6761
0.8223 0.9121 0.6687
0.7970 0.8219 0.6955
0.8376 0.9050 0.6985
0.8426 0.7886 0.7119
0.8832 0.8884 0.7179
0.8629 0.7910 0.7269
0.8883 0.8955 0.7373
0.8832 0.7815 0.7463
0.9289 0.8812 0.7612
0.8832 0.7791 0.7597
0.9543 0.8527 0.7806
0.9239 0.7767 0.7746
0.9695 0.8646 0.8030
0.9086 0.7815 0.7866
1.0000 0.8361 0.8254
0.9188 0.7672 0.8075
0.9645 0.8124 0.8418
0.9086 0.7601 0.8194
0.9797 0.8029 0.8582
0.9188 0.7672 0.8299
0.9645 0.7933 0.8687
0.9086 0.7506 0.8448
0.9746 0.7815 0.8836
0.8934 0.7506 0.8582
0.9543 0.7435 0.8985
0.9086 0.7292 0.8716
0.9594 0.7340 0.9104
0.8731 0.7411 0.8851
0.9543 0.7221 0.9239
0.8883 0.7245 0.8955
0.9086 0.6960 0.9358
0.8376 0.6936 0.9075
0.8934 0.6675 0.9448
0.8274 0.6912 0.9194
0.8426 0.6817 0.9507
0.8223 0.6936 0.9328
0.8426 0.6508 0.9642
0.7665 0.6793 0.9448
0.7817 0.6532 0.9716
0.7259 0.6698 0.9597
0.7513 0.6485 0.9806
0.7360 0.6817 0.9746
0.7157 0.6318 0.9970
0.6701 0.6437 0.9866
0.6548 0.6271 1.0000
0.6345 0.6627 0.9925
