-0.6946 0.5732 0.0000
-0.6580 0.6135 0.0296
-0.6250 0.6458 0.0593
-0.5802 0.6771 0.0898
-0.5425 0.7043 0.1231
-0.5024 0.7376 0.1472
-0.4599 0.7669 0.1759
-0.4175 0.7901 0.2019
-0.3809 0.8153 0.2333
-0.3384 0.8385 0.2546
-0.2936 0.8537 0.2824
-0.2500 0.8779 0.3065
-0.2099 0.8971 0.3278
-0.1651 0.9132 0.3491
-0.1262 0.9284 0.3731
-0.0837 0.9465 0.3972
-0.0389 0.9617 0.4148
0.0000 0.9707 0.4380
0.0413 0.9798 0.4593
0.0767 0.9869 0.4759
0.1179 0.9929 0.5019
0.1486 0.9939 0.5194
0.1816 0.9939 0.5454
0.2193 0.9980 0.5648
0.2488 0.9950 0.5917
0.2854 0.9950 0.6120
0.3172 0.9980 0.6333
0.3491 0.9980 0.6565
0.3774 0.9960 0.6806
0.4033 1.0000 0.7019
0.4292 0.9939 0.7250
0.4587 0.9909 0.7491
0.4858 0.9909 0.7694
0.5130 0.9849 0.7917
0.5354 0.9748 0.8157
0.5649 0.9647 0.8352
0.5873 0.9617 0.8565
0.6156 0.9526 0.8778
0.6415 0.9405 0.8972
0.6698 0.9344 0.9102
0.6887 0.9122 0.9296
0.7146 0.8900 0.9398
0.7406 0.8779 0.9528
0.7653 0.8638 0.9648
0.7901 0.8436 0.9759
0.8137 0.8234 0.9815
0.8278 0.8022 0.9898
0.8491 0.7790 0.9935
0.8703 0.7558 0.9954
0.8892 0.7407 0.9981
0.9068 0.7154 1.0000
0.9281 0.6912 0.9972
0.9446 0.6731 0.9963
0.9599 0.6509 0.9898
0.9752 0.6206 0.9852
0.9929 0.5954 0.9787
1.0000 0.5772 0.9704
1.0165 0.5499 0.9611
1.0307 0.5267 0.9481
1.0425 0.5136 0.9361
1.0495 0.4904 0.9241
1.0578 0.4642 0.9046
1.0637 0.4420 0.8889
1.0696 0.4289 0.8741
1.0790 0.4077 0.8602
1.0884 0.3905 0.8444
1.0979 0.3693 0.8259
1.0967 0.3491 0.8056
1.1061 0.3280 0.7852
1.1108 0.3108 0.7639
1.1120 0.3017 0.7454
1.1120 0.2815 0.7241
1.1120 0.2634 0.7009
1.1156 0.2482 0.6806
1.1167 0.2422 0.6602
1.1226 0.2270 0.6352
1.1215 0.2139 0.6139
1.1215 0.1988 0.5972
1.1179 0.1847 0.5741
1.1156 0.1715 0.5509
1.1108 0.1594 0.5324
1.1120 0.1443 0.5065
1.1108 0.1302 0.4861
1.1108 0.1211 0.4611
1.1061 0.1160 0.4398
1.1038 0.1070 0.4157
1.0991 0.0969 0.3926
1.0932 0.0888 0.3639
1.0908 0.0797 0.3389
1.0814 0.0716 0.3148
1.0767 0.0605 0.2852
1.0684 0.0525 0.2556
1.0672 0.0464 0.2269
1.0554 0.0404 0.2009
1.0483 0.0303 0.1722
1.0389 0.0252 0.1417
1.0307 0.0202 0.1130
1.0236 0.0121 0.0833
1.0094 0.0071 0.0537
0.9976 0.0000 0.0222
