0.0000 1.0000 0.0513
0.0343 0.9840 0.0000
0.0657 0.9620 0.0513
0.1030 0.9419 0.1282
0.1284 0.9259 0.1026
0.1612 0.9079 0.3077
0.1985 0.8879 0.1795
0.2209 0.8659 0.3077
0.2522 0.8418 0.3846
0.2821 0.8198 0.4103
0.3119 0.7958 0.4359
0.3403 0.7738 0.3590
0.3716 0.7508 0.4359
0.3985 0.7337 0.3846
0.4269 0.7047 0.4615
0.4552 0.6827 0.4615
0.4791 0.6577 0.4615
0.5060 0.6296 0.5128
0.5313 0.6096 0.4103
0.5582 0.5856 0.3590
0.5776 0.5636 0.3333
0.6000 0.5455 0.4872
0.6164 0.5165 0.4359
0.6388 0.4955 0.5385
0.6612 0.4745 0.4872
0.6746 0.4484 0.4872
0.6985 0.4244 0.5385
0.7194 0.4014 0.5385
0.7358 0.3714 0.6410
0.7597 0.3514 0.6667
0.7746 0.3263 0.6410
0.7970 0.3003 0.6667
0.8104 0.2693 0.6410
0.8299 0.2432 0.6923
0.8493 0.2152 0.6154
0.8642 0.1892 0.6410
0.8806 0.1632 0.5897
0.8896 0.1441 0.6667
0.9045 0.1221 0.7179
0.9164 0.1041 0.7179
0.9269 0.0831 0.6923
0.9343 0.0691 0.7179
0.9433 0.0551 0.6410
0.9522 0.0410 0.6667
0.9552 0.0310 0.7436
0.9612 0.0210 0.7692
0.9672 0.0110 0.7949
0.9701 0.0080 0.7949
0.9716 0.0030 0.8462
0.9746 0.0010 0.8205
0.9776 0.0000 0.7949
0.9776 0.0020 0.7692
0.9791 0.0020 0.8205
0.9791 0.0070 0.7949
0.9776 0.0090 0.7949
0.9806 0.0100 1.0000
0.9836 0.0160 0.8205
0.9821 0.0140 0.8462
0.9806 0.0150 0.7949
0.9791 0.0160 0.8462
0.9806 0.0180 0.8462
0.9776 0.0150 0.8718
0.9806 0.0160 0.8718
0.9791 0.0170 0.9487
0.9806 0.0160 0.8718
0.9821 0.0180 0.8462
0.9821 0.0190 0.8462
0.9866 0.0170 0.8974
0.9821 0.0140 0.8205
0.9896 0.0160 0.9231
0.9866 0.0130 0.8718
0.9881 0.0160 0.8718
0.9910 0.0140 0.8462
0.9881 0.0160 0.8718
0.9910 0.0160 0.7949
0.9896 0.0160 0.8462
0.9896 0.0160 0.8205
0.9896 0.0180 0.7949
0.9881 0.0170 0.8205
0.9925 0.0150 0.8462
0.9851 0.0150 0.8205
0.9910 0.0150 0.9231
0.9866 0.0150 0.8718
0.9881 0.0130 0.9231
0.9896 0.0100 0.8718
0.9881 0.0120 0.9487
0.9896 0.0090 0.8974
0.9866 0.0130 0.8974
0.9896 0.0120 0.9487
0.9910 0.0110 0.8718
0.9896 0.0140 0.9231
0.9940 0.0110 0.9231
0.9896 0.0140 0.8462
0.9955 0.0150 0.9487
0.9940 0.0110 0.8974
0.9955 0.0140 0.9231
1.0000 0.0120 0.8718
0.9970 0.0140 0.9231
1.0000 0.0150 0.9231
0.9985 0.0150 0.9487
