0.96854305 0.07730263 1.00000000
0.97019868 0.06743421 0.99233716
0.94701987 0.08717105 0.98595147
0.94867550 0.09210526 0.97445722
0.92549669 0.09868421 0.97190294
0.92549669 0.12006579 0.96934866
0.91059603 0.12993421 0.96168582
0.90397351 0.13651316 0.95913155
0.89569536 0.12664474 0.95146871
0.88907285 0.14473684 0.94252874
0.88079470 0.13980263 0.93486590
0.87582781 0.15131579 0.92848020
0.86754967 0.14473684 0.92209451
0.87086093 0.14802632 0.91443167
0.85430464 0.13980263 0.90166028
0.85596026 0.13980263 0.89016603
0.83443709 0.13815789 0.87739464
0.83940397 0.14802632 0.86717752
0.82615894 0.15789474 0.84163474
0.83112583 0.13980263 0.84802043
0.81456954 0.17269737 0.82120051
0.82284768 0.15296053 0.82375479
0.80298013 0.20065789 0.79693487
0.80960265 0.17434211 0.78799489
0.79139073 0.21052632 0.77650064
0.80132450 0.18421053 0.76372925
0.78145695 0.20394737 0.76245211
0.79966887 0.19736842 0.73690932
0.76655629 0.22368421 0.73180077
0.77649007 0.23519737 0.70625798
0.76158940 0.19243421 0.71775223
0.76821192 0.21710526 0.68199234
0.74337748 0.19901316 0.68837803
0.75165563 0.22861842 0.66411239
0.73178808 0.20559211 0.66155811
0.74668874 0.23190789 0.64750958
0.73013245 0.21217105 0.63729246
0.74006623 0.20559211 0.62835249
0.71688742 0.20065789 0.61558110
0.74337748 0.21381579 0.59642401
0.70860927 0.23684211 0.58365262
0.74172185 0.19572368 0.58109834
0.70364238 0.20230263 0.56321839
0.74337748 0.16118421 0.55427842
0.70364238 0.18092105 0.54150702
0.73344371 0.14638158 0.53512133
0.70860927 0.17269737 0.51468710
0.74503311 0.14967105 0.50446999
0.71357616 0.13157895 0.50574713
0.74503311 0.12500000 0.50191571
0.71192053 0.10855263 0.49425287
0.74172185 0.12171053 0.47637292
0.72185430 0.07565789 0.47765006
0.74668874 0.10690789 0.46360153
0.73344371 0.06414474 0.46104725
0.75331126 0.10361842 0.45210728
0.74503311 0.03618421 0.44316731
0.75827815 0.08388158 0.43805875
0.76158940 0.00822368 0.42401022
0.77649007 0.06743421 0.41890166
0.76986755 0.00822368 0.40102171
0.79966887 0.06250000 0.39974457
0.79635762 0.00822368 0.37803321
0.82450331 0.04276316 0.38186462
0.81456954 0.00000000 0.34865900
0.84933775 0.03125000 0.35504470
0.85099338 0.01315789 0.32183908
0.88907285 0.03289474 0.32822478
0.88410596 0.02467105 0.29374202
0.93377483 0.02796053 0.29501916
0.92218543 0.04440789 0.25542784
0.96026490 0.02960526 0.25159642
0.94701987 0.06743421 0.20945083
0.98841060 0.05098684 0.19923372
0.96854305 0.09375000 0.16985951
0.99834437 0.09210526 0.15197957
0.98013245 0.13980263 0.12643678
1.00000000 0.18256579 0.09323116
0.97185430 0.20559211 0.08301405
0.98178808 0.26809211 0.04853129
0.94536424 0.27631579 0.05108557
0.93543046 0.35690789 0.03320562
0.90066225 0.37664474 0.03192848
0.88741722 0.47203947 0.01660281
0.83609272 0.50493421 0.00000000
0.79801325 0.54605263 0.02809706
0.74337748 0.59539474 0.00510856
0.70198675 0.63980263 0.02043423
0.63907285 0.71381579 0.00893997
0.58940397 0.71546053 0.03959132
0.53311258 0.79605263 0.02043423
0.47682119 0.80263158 0.04980843
0.41059603 0.84703947 0.05491699
0.34768212 0.85361842 0.07407407
0.29139073 0.91611842 0.06257982
0.23675497 0.93914474 0.08045977
0.16887417 0.95723684 0.09833972
0.11258278 0.97368421 0.10855683
0.05132450 0.99013158 0.12260536
0.00000000 1.00000000 0.13537676
