1.00000000 0.80223881 0.23225806
0.96880734 0.81343284 0.23225806
0.95596330 0.81156716 0.23010753
0.92110092 0.81156716 0.23870968
0.89357798 0.80970149 0.23655914
0.86238532 0.81156716 0.25376344
0.84036697 0.81716418 0.25591398
0.81467890 0.83208955 0.26666667
0.79266055 0.83955224 0.27311828
0.76513761 0.84701493 0.28602151
0.74495413 0.84701493 0.29032258
0.71743119 0.86007463 0.30322581
0.69541284 0.86380597 0.30752688
0.66238532 0.88432836 0.31827957
0.64770642 0.89738806 0.32043011
0.61834862 0.90858209 0.34623656
0.60550459 0.90485075 0.35268817
0.57431193 0.91604478 0.37204301
0.55779817 0.93097015 0.37419355
0.53761468 0.94402985 0.38924731
0.52110092 0.94776119 0.40645161
0.50275229 0.94962687 0.42795699
0.48256881 0.96641791 0.44516129
0.46788991 0.97014925 0.46236559
0.46238532 0.96641791 0.49032258
0.44770642 0.97201493 0.51182796
0.43669725 0.97947761 0.52043011
0.41651376 0.98134328 0.52903226
0.41284404 0.97574627 0.55268817
0.40000000 0.97574627 0.57849462
0.39082569 0.97761194 0.59569892
0.37798165 0.99067164 0.61720430
0.37798165 0.99067164 0.63010753
0.37247706 0.99626866 0.65376344
0.36880734 0.99253731 0.67526882
0.35412844 0.99440299 0.69677419
0.36146789 0.99813433 0.71182796
0.35229358 1.00000000 0.73978495
0.35045872 0.99813433 0.75483871
0.34311927 0.98880597 0.77634409
0.35045872 0.98134328 0.79354839
0.34311927 0.98134328 0.81720430
0.34128440 0.96828358 0.82580645
0.33761468 0.95708955 0.85161290
0.33027523 0.93470149 0.86236559
0.32293578 0.93843284 0.87311828
0.32293578 0.92910448 0.89032258
0.30825688 0.91044776 0.90967742
0.30091743 0.89552239 0.92903226
0.29724771 0.87500000 0.93763441
0.29174312 0.87500000 0.94623656
0.28256881 0.84514925 0.96344086
0.27706422 0.82276119 0.96989247
0.26238532 0.80037313 0.98064516
0.26788991 0.79664179 0.97419355
0.25688073 0.76865672 0.98494624
0.25137615 0.73694030 0.99569892
0.24036697 0.71082090 1.00000000
0.23853211 0.69029851 0.99784946
0.22935780 0.67537313 0.98064516
0.22935780 0.62873134 0.98279570
0.21284404 0.58208955 0.98064516
0.20366972 0.54664179 0.96774194
0.19266055 0.53171642 0.95698925
0.19816514 0.52425373 0.94193548
0.18899083 0.48880597 0.92688172
0.17798165 0.44589552 0.92688172
0.16330275 0.39925373 0.91827957
0.16697248 0.38619403 0.89462366
0.15596330 0.36940299 0.87096774
0.15229358 0.34328358 0.85161290
0.13027523 0.30597015 0.83225806
0.13394495 0.27052239 0.81075269
0.11743119 0.24626866 0.79139785
0.12110092 0.25559701 0.76344086
0.10825688 0.23694030 0.74623656
0.10458716 0.22201493 0.71827957
0.08440367 0.19216418 0.69677419
0.08256881 0.16231343 0.67956989
0.07706422 0.16231343 0.64301075
0.06972477 0.16044776 0.61075269
0.05504587 0.15671642 0.58279570
0.05871560 0.13805970 0.56129032
0.04403670 0.11567164 0.54193548
0.04770642 0.10634328 0.50967742
0.03119266 0.11380597 0.47956989
0.02935780 0.10820896 0.45376344
0.01834862 0.09514925 0.42580645
0.02201835 0.08022388 0.40215054
0.01651376 0.07089552 0.36559140
0.01284404 0.07089552 0.33548387
0.01100917 0.05223881 0.30107527
0.02201835 0.04664179 0.27526882
0.01467890 0.02985075 0.24086022
0.01651376 0.02985075 0.20215054
0.00183486 0.03544776 0.15698925
0.00733945 0.01865672 0.12258065
0.00000000 0.01679104 0.09247312
0.00917431 0.00000000 0.04731183
0.00000000 0.01679104 0.00000000
