0.96764253 1.00000000 1.00000000
0.97688752 0.98293515 0.96103896
0.98151002 0.96814562 0.96536797
0.98767334 0.95278726 0.93073593
0.98613251 0.93572241 0.94372294
0.99075501 0.91808874 0.90476190
0.99691834 0.90216155 0.89610390
0.99537750 0.88737201 0.86580087
1.00000000 0.86973834 0.87878788
1.00000000 0.85096701 0.82683983
0.99845917 0.83617747 0.82683983
0.99691834 0.81968146 0.78787879
0.99845917 0.80546075 0.80086580
0.99383667 0.78612059 0.77056277
0.99383667 0.77189989 0.75757576
0.99229584 0.75824801 0.72294372
0.99229584 0.74459613 0.72727273
0.98613251 0.72753129 0.69696970
0.98767334 0.71501706 0.69264069
0.98305085 0.70307167 0.66233766
0.98305085 0.69226394 0.66666667
0.97842835 0.67974972 0.64069264
0.97226502 0.66837315 0.63636364
0.97072419 0.65301479 0.60606061
0.96610169 0.64562002 0.61471861
0.96147920 0.63424346 0.61471861
0.95993837 0.62571104 0.58874459
0.94761171 0.61149033 0.56277056
0.94915254 0.60238908 0.54978355
0.93682589 0.58987486 0.54112554
0.93374422 0.58191126 0.53246753
0.92141757 0.56712173 0.51948052
0.91525424 0.55403868 0.50216450
0.91371341 0.54550626 0.48051948
0.90446841 0.53640501 0.47619048
0.89368259 0.52445961 0.46320346
0.88751926 0.51478953 0.45454545
0.87827427 0.50113766 0.44155844
0.87673344 0.49203641 0.41991342
0.86440678 0.48009101 0.41558442
0.85670262 0.46985210 0.39826840
0.83975347 0.45733788 0.38961039
0.83359014 0.44596132 0.37229437
0.82280431 0.43401593 0.36796537
0.81355932 0.42548350 0.35497835
0.79969183 0.41865757 0.35930736
0.79198767 0.40898749 0.32900433
0.77503852 0.39533561 0.31601732
0.76887519 0.38680319 0.30735931
0.75346687 0.37542662 0.29437229
0.74730354 0.36860068 0.28138528
0.73035439 0.35949943 0.26839827
0.72110940 0.34982935 0.25108225
0.70724191 0.33959044 0.23809524
0.69799692 0.32935154 0.22943723
0.68412943 0.32252560 0.22943723
0.67488444 0.31626849 0.22077922
0.65947612 0.31058020 0.21645022
0.65485362 0.29863481 0.19480519
0.63174114 0.29067122 0.19913420
0.62711864 0.28270762 0.17748918
0.61016949 0.27588168 0.17748918
0.60246533 0.26791809 0.16450216
0.58551618 0.25938567 0.16883117
0.57010786 0.25028441 0.14718615
0.55161787 0.24061433 0.15151515
0.54391371 0.23265074 0.14285714
0.52542373 0.22525597 0.14285714
0.51001541 0.21672355 0.12554113
0.48844376 0.20875995 0.12554113
0.47919877 0.19738339 0.11255411
0.45916795 0.19055745 0.11255411
0.44530046 0.18145620 0.10389610
0.42989214 0.17519909 0.10822511
0.41294299 0.16666667 0.09090909
0.39137134 0.15756542 0.10822511
0.38212635 0.14960182 0.08225108
0.36209553 0.14334471 0.07359307
0.34668721 0.13594994 0.06926407
0.32973806 0.12855518 0.07359307
0.32049307 0.12343572 0.06060606
0.29892142 0.11490330 0.07792208
0.28967643 0.10921502 0.05627706
0.27118644 0.10125142 0.06926407
0.26348228 0.09783845 0.04761905
0.24191063 0.08987486 0.05627706
0.23266564 0.08475540 0.04761905
0.21263482 0.07679181 0.05627706
0.19876733 0.06996587 0.03896104
0.18027735 0.06427759 0.04329004
0.16486903 0.05858931 0.02164502
0.14483821 0.04948805 0.03896104
0.13251156 0.04607509 0.01731602
0.10939908 0.03697383 0.04329004
0.09553159 0.03185438 0.01731602
0.07087827 0.02389078 0.03030303
0.06163328 0.01706485 0.02164502
0.03852080 0.01080774 0.02164502
0.02311248 0.00739477 0.00000000
0.00000000 0.00000000 0.01298701
