0.7279 1.2215 1.0000
0.7279 1.2349 0.9891
0.7574 1.2148 0.9727
0.7353 1.1544 0.9727
0.7426 1.1074 0.9563
0.7500 1.0671 0.9617
0.8088 1.0470 0.9344
0.7574 1.0000 0.9235
0.7721 0.9664 0.9126
0.7941 0.9664 0.8962
0.8162 0.8859 0.9016
0.7794 0.8456 0.8852
0.8235 0.8456 0.8634
0.8309 0.8322 0.8470
0.8529 0.7785 0.8415
0.8309 0.7248 0.8197
0.8382 0.6779 0.8033
0.8235 0.6376 0.7923
0.8529 0.6040 0.7923
0.8382 0.5570 0.7650
0.8529 0.4899 0.7650
0.8529 0.4430 0.7486
0.8824 0.4497 0.7432
0.8824 0.3893 0.7158
0.9044 0.3490 0.7049
0.9044 0.3087 0.6831
0.9412 0.2685 0.6721
0.9118 0.2013 0.6612
0.9338 0.2081 0.6393
0.9338 0.1946 0.6393
0.9485 0.1342 0.6175
0.9265 0.0537 0.6011
0.9632 0.0671 0.5902
0.9632 0.0403 0.5683
0.9706 0.0201 0.5574
0.9559 -0.0201 0.5464
1.0000 -0.0201 0.5301
0.9926 -0.0537 0.5191
1.0000 -0.0940 0.5027
0.9632 -0.1208 0.4863
1.0000 -0.0671 0.4699
0.9632 -0.1141 0.4536
0.9926 -0.0805 0.4372
0.9485 -0.1074 0.4317
0.9559 -0.1007 0.4098
0.9265 -0.0268 0.3989
0.9191 -0.0537 0.3880
0.9118 -0.0201 0.3825
0.9412 -0.0604 0.3825
0.8897 -0.0470 0.3770
0.9118 0.0403 0.3661
0.8824 0.0403 0.3552
0.8971 0.0470 0.3333
0.8309 0.0134 0.3443
0.8529 -0.0134 0.3279
0.8235 0.0000 0.3497
0.8529 0.0537 0.3115
0.7941 0.0671 0.3169
0.7941 0.0604 0.2842
0.7500 0.0201 0.2842
0.7721 0.0470 0.2787
0.7206 0.0537 0.2678
0.7279 0.0738 0.2623
0.6691 0.1208 0.2787
0.6544 0.0805 0.2623
0.5956 0.1208 0.2732
0.5956 0.0872 0.2623
0.5588 0.0940 0.2459
0.5662 0.1275 0.2350
0.5221 0.1477 0.2459
0.5735 0.1409 0.2295
0.5221 0.1409 0.2295
0.5588 0.0872 0.2022
0.5221 0.1141 0.2022
0.5368 0.1141 0.1967
0.5000 0.1544 0.1967
0.5441 0.1812 0.1913
0.4853 0.1477 0.1913
0.4779 0.1208 0.1803
0.4338 0.1208 0.1694
0.4706 0.1477 0.1530
0.4118 0.1745 0.1475
0.4412 0.1946 0.1257
0.3676 0.1879 0.1257
0.3603 0.1946 0.1093
0.3309 0.1946 0.0984
0.3750 0.2282 0.0929
0.3015 0.2483 0.0929
0.3088 0.2685 0.0710
0.2206 0.2685 0.0656
0.2647 0.2483 0.0437
0.2059 0.2886 0.0546
0.2059 0.2819 0.0328
0.1397 0.3020 0.0383
0.1691 0.3289 0.0328
0.1029 0.3154 0.0219
0.1176 0.3423 0.0055
0.0074 0.3020 0.0164
0.0441 0.2953 0.0109
0.0000 0.3020 0.0000
