0.0282 1.0000 0.0000
-0.0000 0.9106 0.0000
0.0081 0.9777 0.0364
-0.0000 0.9050 0.0250
0.0161 0.9888 0.0773
0.0081 0.9330 0.0545
0.0121 0.9330 0.1227
0.0040 0.8659 0.0795
0.0040 0.8883 0.1614
0.0081 0.8939 0.1068
0.0121 0.8715 0.1977
0.0242 0.8939 0.1273
0.0121 0.8268 0.2273
0.0121 0.8156 0.1500
-0.0000 0.7318 0.2477
0.0121 0.8268 0.1727
0.0081 0.7877 0.2727
0.0161 0.8547 0.1886
0.0202 0.7821 0.2909
0.0323 0.8659 0.2205
0.0444 0.7542 0.3114
0.0403 0.8156 0.2455
0.0524 0.7151 0.3364
0.0444 0.8156 0.2727
0.0524 0.7263 0.3568
0.0444 0.8212 0.2932
0.0726 0.7095 0.3705
0.0605 0.8268 0.3136
0.0806 0.6983 0.3773
0.0565 0.7542 0.3386
0.0806 0.6760 0.3932
0.0685 0.7821 0.3636
0.0927 0.6983 0.4091
0.0847 0.7654 0.3909
0.1129 0.6648 0.4273
0.0887 0.7095 0.4159
0.1331 0.6145 0.4455
0.1089 0.6760 0.4318
0.1371 0.6089 0.4523
0.1210 0.6536 0.4568
0.1532 0.5978 0.4659
0.1371 0.6145 0.4614
0.1895 0.5698 0.4705
0.1653 0.5810 0.4795
0.2137 0.5475 0.4841
0.2056 0.5587 0.4955
0.2379 0.5307 0.5000
0.2218 0.5196 0.5091
0.2782 0.4581 0.5114
0.2742 0.5140 0.5205
0.3105 0.4637 0.5227
0.2944 0.4302 0.5364
0.3185 0.3799 0.5364
0.3024 0.3799 0.5568
0.3468 0.3520 0.5568
0.3306 0.3799 0.5773
0.3548 0.3520 0.5864
0.3306 0.3240 0.6136
0.3750 0.2626 0.6159
0.3790 0.2849 0.6364
0.3911 0.2793 0.6455
0.3992 0.2682 0.6591
0.4516 0.2011 0.6659
0.4516 0.1732 0.6886
0.4879 0.1620 0.6886
0.4919 0.1620 0.7159
0.5161 0.1899 0.7136
0.5403 0.2123 0.7364
0.5847 0.1620 0.7432
0.5645 0.1453 0.7682
0.5927 0.1564 0.7818
0.5927 0.1788 0.8000
0.6169 0.1844 0.8068
0.5968 0.1844 0.8250
0.6573 0.1676 0.8250
0.6613 0.1508 0.8432
0.6935 0.1397 0.8477
0.6895 0.1285 0.8614
0.7258 0.1397 0.8682
0.7097 0.1173 0.8864
0.7379 0.1061 0.8864
0.7581 0.0838 0.8977
0.7742 0.0447 0.9023
0.7540 0.0279 0.9091
0.8105 0.0503 0.9159
0.8024 0.0279 0.9250
0.8306 0.0000 0.9295
0.8226 0.0335 0.9386
0.8669 0.0670 0.9432
0.8629 0.0559 0.9477
0.8871 0.0726 0.9591
0.8790 0.0670 0.9682
0.9073 0.0559 0.9750
0.9032 0.0726 0.9818
0.9355 0.1006 0.9818
0.9234 0.0950 0.9818
0.9637 0.1006 0.9864
0.9556 0.1006 0.9955
1.0000 0.1117 0.9955
0.9960 0.1397 1.0000
