-0.0000 0.3778 1.0000
0.0196 0.3556 0.9712
0.0458 0.4667 0.9465
0.0719 0.4444 0.9218
0.1013 0.4000 0.8971
0.1209 0.4889 0.8724
0.1569 0.6000 0.8230
0.1732 0.5333 0.8066
0.2026 0.6000 0.7901
0.2222 0.6444 0.7572
0.2386 0.6444 0.7325
0.2549 0.7111 0.7037
0.2908 0.8222 0.6872
0.3007 0.8444 0.6543
0.3203 0.7333 0.6420
0.3464 0.9111 0.6132
0.3693 1.0000 0.5885
0.3856 0.9778 0.5679
0.4085 0.8889 0.5514
0.4346 0.9333 0.5309
0.4641 0.8444 0.5021
0.4804 0.8000 0.4733
0.5065 0.6889 0.4609
0.5327 0.6667 0.4362
0.5556 0.6222 0.4115
0.5752 0.5333 0.3909
0.5980 0.4667 0.3786
0.6111 0.4889 0.3621
0.6340 0.5333 0.3416
0.6503 0.5556 0.3292
0.6634 0.4889 0.3128
0.6732 0.5333 0.2963
0.6895 0.6222 0.2716
0.7026 0.6667 0.2551
0.7157 0.6889 0.2510
0.7222 0.6444 0.2428
0.7288 0.5778 0.2305
0.7451 0.5778 0.2099
0.7549 0.6000 0.1975
0.7614 0.5778 0.1975
0.7745 0.4667 0.1852
0.7810 0.4444 0.1852
0.7908 0.3556 0.1770
0.8039 0.3778 0.1646
0.8137 0.3556 0.1564
0.8268 0.4444 0.1605
0.8235 0.3556 0.1399
0.8431 0.4222 0.1317
0.8497 0.3111 0.1276
0.8595 0.3556 0.1152
0.8725 0.2889 0.1193
0.8758 0.3556 0.1152
0.8824 0.3111 0.0905
0.8922 0.2889 0.0988
0.9020 0.3333 0.0864
0.9085 0.2222 0.0823
0.9183 0.1778 0.0782
0.9183 0.1556 0.0700
0.9281 0.0667 0.0700
0.9346 0.0889 0.0700
0.9412 0.0667 0.0617
0.9477 0.0889 0.0494
0.9510 0.0667 0.0453
0.9641 0.1333 0.0329
0.9673 0.1778 0.0247
0.9706 0.1556 0.0247
0.9739 0.1111 0.0247
0.9869 0.1111 0.0165
0.9804 0.0444 0.0123
0.9902 0.0667 0.0123
0.9902 0.0444 0.0082
0.9935 0.1111 0.0041
0.9902 0.0444 0.0041
1.0000 0.0222 0.0041
0.9967 -0.0000 0.0041
0.9935 -0.0000 0.0000
1.0000 0.0222 0.0082
0.9935 0.0667 0.0041
0.9902 0.0444 0.0123
0.9902 0.0444 0.0123
0.9837 0.0444 0.0082
0.9837 0.1111 0.0247
0.9771 0.0667 0.0247
0.9739 0.0667 0.0288
0.9739 0.1333 0.0288
0.9641 0.0444 0.0370
0.9673 0.0667 0.0412
0.9641 0.0222 0.0535
0.9706 0.0444 0.0535
0.9673 0.1111 0.0576
0.9641 0.1111 0.0535
0.9608 0.1333 0.0576
0.9575 0.1333 0.0576
0.9575 0.1333 0.0658
0.9542 0.1333 0.0617
0.9510 0.1556 0.0864
0.9412 0.0444 0.0658
0.9510 0.1556 0.0658
0.9510 0.1556 0.0658
0.9510 0.1556 0.0700
