1.00000000 0.78370787 0.00000000
0.99963316 0.78520599 0.00153516
0.99559795 0.78932584 0.00184219
0.99523111 0.78970037 0.00245625
0.99229640 0.78988764 0.00337734
0.99229640 0.79101124 0.00491250
0.98752751 0.79400749 0.00583359
0.98569332 0.79644195 0.00521953
0.98202494 0.79681648 0.00767578
0.98312546 0.79812734 0.00951796
0.97872340 0.80037453 0.01166718
0.97688921 0.80430712 0.01166718
0.97358767 0.80730337 0.01320233
0.97322084 0.80823970 0.01688671
0.97028613 0.80936330 0.01995702
0.96771827 0.81198502 0.02026405
0.96258254 0.81629213 0.02302733
0.96184886 0.81835206 0.02548357
0.95928100 0.81966292 0.02978201
0.95671313 0.82134831 0.03131716
0.95194424 0.82490637 0.03377341
0.95011005 0.82846442 0.03622966
0.94754219 0.82996255 0.03960700
0.94534116 0.83352060 0.04175622
0.93983859 0.83651685 0.04451950
0.93763756 0.83857678 0.04728278
0.93323551 0.84119850 0.05066012
0.93103448 0.84438202 0.05465152
0.92516508 0.84700375 0.05925698
0.92223037 0.85131086 0.06171323
0.91819516 0.85411985 0.06662573
0.91489362 0.85711610 0.07061713
0.90939105 0.86029963 0.07491557
0.90535583 0.86329588 0.07952103
0.89985326 0.86479401 0.08412650
0.89618489 0.86872659 0.08873196
0.89178283 0.87191011 0.09364446
0.88738078 0.87397004 0.09732883
0.88077770 0.87621723 0.10377648
0.87710932 0.88052434 0.10746085
0.86867205 0.88426966 0.11298741
0.86353632 0.88614232 0.11851397
0.85693324 0.88707865 0.12526865
0.85253118 0.89082397 0.12956709
0.84299340 0.89550562 0.13632177
0.83749083 0.89943820 0.14369051
0.82978723 0.90168539 0.15075223
0.82281731 0.90561798 0.15812097
0.81364637 0.90898876 0.16548971
0.80484226 0.91179775 0.17285846
0.79457080 0.91292135 0.18176236
0.78723404 0.91779026 0.18974516
0.77659574 0.92434457 0.19834203
0.76742480 0.92808989 0.20816702
0.75752018 0.92940075 0.21891311
0.74761555 0.93333333 0.22750998
0.73404255 0.93932584 0.23794903
0.72120323 0.94438202 0.24777403
0.70873074 0.94644195 0.26036230
0.69699193 0.94981273 0.27202947
0.68378577 0.95543071 0.28615290
0.66911225 0.96292135 0.29812711
0.65187087 0.96666667 0.31255757
0.63646368 0.97003745 0.32729506
0.61848863 0.97453184 0.34356770
0.60014674 0.97996255 0.35891925
0.57813646 0.98314607 0.37611299
0.55979457 0.98539326 0.39422782
0.53925165 0.98801498 0.41510593
0.51724138 0.99213483 0.43536997
0.49339692 0.99550562 0.45686214
0.46771827 0.99719101 0.47774025
0.44130594 0.99775281 0.50230273
0.41342627 0.99943820 0.52840037
0.38407924 1.00000000 0.55541910
0.35326486 0.99925094 0.58213080
0.32245048 0.99494382 0.61283390
0.29273661 0.99007491 0.64537918
0.25862069 0.98520599 0.68130181
0.22450477 0.97771536 0.71599632
0.18928833 0.96535581 0.75222597
0.15627293 0.94831461 0.78876267
0.12142333 0.92846442 0.82683451
0.08914160 0.90468165 0.86214308
0.06016141 0.87471910 0.89745164
0.03888481 0.83726592 0.92938287
0.02201027 0.79550562 0.95732269
0.00550257 0.75018727 0.98096408
0.00000000 0.69662921 0.99723672
0.01100514 0.63445693 1.00000000
0.03228173 0.56610487 0.99692969
0.06199560 0.49475655 0.98342033
0.10748349 0.41928839 0.95486644
0.17461482 0.34157303 0.90420632
0.26192223 0.26348315 0.83696653
0.36280264 0.19176030 0.75345410
0.47322084 0.12621723 0.65643230
0.59537784 0.07097378 0.54313786
0.72377109 0.02677903 0.42093951
0.85253118 0.00000000 0.29167946
