-0.4569 0.8552 0.3495
-0.4624 0.8670 0.3512
-0.4701 0.8719 0.3535
-0.4768 0.8837 0.3549
-0.4934 0.8936 0.3568
-0.5000 0.9004 0.3586
-0.5133 0.9090 0.3609
-0.5199 0.9196 0.3636
-0.5376 0.9282 0.3667
-0.5465 0.9425 0.3683
-0.5586 0.9517 0.3716
-0.5686 0.9616 0.3743
-0.5852 0.9722 0.3772
-0.5973 0.9821 0.3803
-0.6139 0.9870 0.3834
-0.6250 1.0000 0.3865
-0.6383 1.0105 0.3898
-0.6515 1.0173 0.3923
-0.6715 1.0248 0.3967
-0.6825 1.0390 0.3991
-0.7080 1.0514 0.4029
-0.7235 1.0575 0.4066
-0.7434 1.0606 0.4111
-0.7566 1.0730 0.4140
-0.7854 1.0885 0.4186
-0.8020 1.1015 0.4235
-0.8252 1.1089 0.4283
-0.8462 1.1219 0.4332
-0.8739 1.1330 0.4382
-0.9004 1.1423 0.4432
-0.9314 1.1460 0.4492
-0.9535 1.1621 0.4545
-0.9856 1.1838 0.4603
-1.0133 1.1962 0.4669
-1.0431 1.2005 0.4742
-1.0730 1.2135 0.4800
-1.1139 1.2333 0.4870
-1.1527 1.2500 0.4936
-1.1903 1.2568 0.5021
-1.2257 1.2679 0.5099
-1.2655 1.2865 0.5194
-1.3097 1.3113 0.5275
-1.3617 1.3236 0.5372
-1.4082 1.3348 0.5471
-1.4624 1.3496 0.5581
-1.5177 1.3676 0.5684
-1.5841 1.3781 0.5800
-1.6394 1.3855 0.5922
-1.7013 1.3942 0.6062
-1.7677 1.4078 0.6199
-1.8396 1.4189 0.6344
-1.9170 1.4245 0.6484
-1.9967 1.4264 0.6649
-2.0808 1.4319 0.6825
-2.1692 1.4338 0.7007
-2.2622 1.4313 0.7187
-2.3551 1.4171 0.7394
-2.4447 1.4010 0.7613
-2.5476 1.3849 0.7854
-2.6504 1.3601 0.8088
-2.7566 1.3193 0.8332
-2.8562 1.2630 0.8578
-2.9613 1.1974 0.8834
-3.0586 1.1188 0.9072
-3.1460 1.0198 0.9310
-3.2102 0.8960 0.9525
-3.2611 0.7580 0.9713
-3.3108 0.6083 0.9872
-3.3274 0.4313 0.9981
-3.2942 0.2259 1.0000
-3.2301 0.0000 0.9979
-3.1405 -0.2358 0.9888
-3.0033 -0.4851 0.9696
-2.8009 -0.7420 0.9355
-2.5376 -1.0000 0.8902
-2.2334 -1.2370 0.8340
-1.9004 -1.4536 0.7687
-1.5321 -1.6361 0.6924
-1.1449 -1.7822 0.6102
-0.7566 -1.8707 0.5232
-0.3861 -1.8917 0.4341
-0.0454 -1.8465 0.3462
0.2544 -1.7543 0.2662
0.5177 -1.6207 0.1939
0.7323 -1.4474 0.1308
0.8927 -1.2389 0.0767
1.0000 -1.0124 0.0384
1.0420 -0.7717 0.0141
1.0277 -0.5334 0.0039
0.9757 -0.3094 0.0000
0.9192 -0.1027 0.0029
0.8518 0.0934 0.0118
0.7544 0.2605 0.0279
0.6482 0.4127 0.0488
0.5332 0.5384 0.0740
0.4137 0.6392 0.1007
0.2965 0.7141 0.1286
0.1869 0.7778 0.1540
0.0940 0.8366 0.1792
0.0000 0.8824 0.2040
