0.2930 0.0000 0.8827
0.4617 0.0159 0.7041
0.6101 0.0483 0.5414
0.7404 0.0952 0.3943
0.8467 0.1561 0.2661
0.9261 0.2293 0.1559
0.9792 0.3088 0.0782
1.0000 0.3934 0.0286
0.9929 0.4771 0.0080
0.9671 0.5557 0.0000
0.9392 0.6283 0.0059
0.9058 0.6972 0.0240
0.8576 0.7559 0.0567
0.8050 0.8094 0.0992
0.7481 0.8535 0.1505
0.6889 0.8889 0.2047
0.6309 0.9152 0.2615
0.5767 0.9376 0.3132
0.5307 0.9583 0.3644
0.4841 0.9744 0.4149
0.4409 0.9854 0.4653
0.3981 0.9948 0.5116
0.3598 1.0000 0.5586
0.3215 0.9998 0.6007
0.2881 0.9972 0.6419
0.2585 0.9972 0.6793
0.2327 0.9978 0.7129
0.2092 0.9952 0.7444
0.1862 0.9902 0.7730
0.1648 0.9857 0.8008
0.1462 0.9791 0.8243
0.1314 0.9711 0.8445
0.1183 0.9622 0.8651
0.1035 0.9570 0.8819
0.0936 0.9526 0.8974
0.0805 0.9446 0.9134
0.0739 0.9381 0.9260
0.0624 0.9320 0.9369
0.0548 0.9252 0.9475
0.0465 0.9181 0.9554
0.0411 0.9094 0.9630
0.0361 0.9026 0.9706
0.0301 0.8972 0.9773
0.0246 0.8915 0.9819
0.0225 0.8846 0.9865
0.0208 0.8798 0.9899
0.0175 0.8742 0.9924
0.0131 0.8681 0.9945
0.0126 0.8600 0.9950
0.0093 0.8531 0.9958
0.0093 0.8509 0.9987
0.0060 0.8472 1.0000
0.0060 0.8416 1.0000
0.0027 0.8385 0.9987
0.0016 0.8348 0.9987
0.0005 0.8283 0.9966
0.0005 0.8218 0.9950
0.0000 0.8183 0.9941
0.0005 0.8157 0.9929
0.0011 0.8118 0.9899
0.0022 0.8081 0.9878
0.0011 0.8066 0.9857
0.0022 0.8035 0.9828
0.0000 0.7983 0.9790
0.0022 0.7948 0.9769
0.0016 0.7924 0.9739
0.0038 0.7907 0.9706
0.0011 0.7903 0.9685
0.0027 0.7877 0.9651
0.0038 0.7818 0.9601
0.0060 0.7796 0.9584
0.0049 0.7809 0.9550
0.0099 0.7785 0.9525
0.0088 0.7770 0.9487
0.0071 0.7768 0.9454
0.0099 0.7742 0.9420
0.0159 0.7705 0.9395
0.0148 0.7714 0.9382
0.0142 0.7729 0.9353
0.0148 0.7711 0.9336
0.0170 0.7711 0.9306
0.0148 0.7711 0.9298
0.0192 0.7700 0.9264
0.0186 0.7685 0.9252
0.0208 0.7687 0.9227
0.0219 0.7683 0.9231
0.0285 0.7677 0.9193
0.0263 0.7685 0.9189
0.0307 0.7681 0.9172
0.0334 0.7666 0.9142
0.0345 0.7651 0.9138
0.0361 0.7666 0.9121
0.0394 0.7664 0.9113
0.0411 0.7659 0.9121
0.0422 0.7677 0.9096
0.0438 0.7664 0.9092
0.0476 0.7661 0.9075
0.0482 0.7648 0.9075
0.0526 0.7666 0.9054
0.0542 0.7661 0.9046
