0.05377808 0.97518610 0.00000000
0.04833220 0.98759305 0.03924051
0.03880191 1.00000000 0.07341772
0.03131382 1.00000000 0.11392405
0.02450647 0.99255583 0.14810127
0.02246426 0.95781638 0.17974684
0.01497617 0.95533499 0.21012658
0.01157250 0.93548387 0.24683544
0.00748809 0.90818859 0.28227848
0.00816882 0.87593052 0.30632911
0.00408441 0.85111663 0.33164557
0.00204221 0.80893300 0.35189873
0.00068074 0.74937965 0.37215190
0.00000000 0.73945409 0.38987342
0.00408441 0.68486352 0.39873418
0.00204221 0.66253102 0.40506329
0.00136147 0.62282878 0.41265823
0.00136147 0.61786600 0.42658228
0.00680735 0.59305211 0.43291139
0.01021103 0.57568238 0.43924051
0.01157250 0.56575682 0.44177215
0.01225323 0.56575682 0.44683544
0.01565691 0.54838710 0.44936709
0.02110279 0.54590571 0.45822785
0.02178353 0.57320099 0.46075949
0.02586794 0.56327543 0.46202532
0.02995235 0.56823821 0.47088608
0.03744044 0.57568238 0.47721519
0.04424779 0.57568238 0.48860759
0.04901293 0.57320099 0.48607595
0.05513955 0.59057072 0.49240506
0.06262764 0.60049628 0.50000000
0.06943499 0.62282878 0.51012658
0.07964602 0.61290323 0.51518987
0.08577263 0.60545906 0.52405063
0.09462219 0.61290323 0.53417722
0.10551396 0.62034739 0.54556962
0.11232131 0.66004963 0.55822785
0.12253233 0.64764268 0.56329114
0.13342410 0.63523573 0.57468354
0.14431586 0.61042184 0.58101266
0.15656909 0.62779156 0.59240506
0.16746086 0.63275434 0.60632911
0.18243703 0.64019851 0.61772152
0.19469027 0.59057072 0.62658228
0.21170865 0.57816377 0.63797468
0.22668482 0.62282878 0.64810127
0.24302246 0.59057072 0.66202532
0.25527570 0.56327543 0.66582278
0.27025187 0.52853598 0.67721519
0.28522805 0.51612903 0.68227848
0.30156569 0.56327543 0.69493671
0.31654187 0.54094293 0.70000000
0.33219877 0.51116625 0.70759494
0.34853642 0.43424318 0.71518987
0.36623553 0.42679901 0.72151899
0.38257318 0.42183623 0.72658228
0.39823009 0.40942928 0.73164557
0.41252553 0.36476427 0.73544304
0.43090538 0.33995037 0.73797468
0.44452008 0.29528536 0.74556962
0.46562287 0.28287841 0.74556962
0.47855684 0.26550868 0.75063291
0.49421375 0.23325062 0.75696203
0.51259360 0.20843672 0.75063291
0.52620830 0.13895782 0.74810127
0.53982301 0.13399504 0.74303797
0.55343771 0.11414392 0.74177215
0.56977536 0.07940447 0.73417722
0.58202859 0.06947891 0.73037975
0.60313138 0.06203474 0.72531646
0.61538462 0.03473945 0.71772152
0.63104152 0.02729529 0.71265823
0.64601770 0.02729529 0.70379747
0.66371681 0.02481390 0.69620253
0.67801225 0.00000000 0.68481013
0.69503063 0.01736973 0.67721519
0.71341048 0.01736973 0.67468354
0.72906739 0.02233251 0.67088608
0.74948945 0.04962779 0.66582278
0.76514636 0.06947891 0.66455696
0.78080327 0.08436725 0.66075949
0.79646018 0.09429280 0.65822785
0.81892444 0.14143921 0.66075949
0.83526208 0.18362283 0.66329114
0.85023826 0.21836228 0.67468354
0.86657590 0.26302730 0.68354430
0.88427502 0.29280397 0.70000000
0.89584752 0.33250620 0.71139241
0.91014295 0.38213400 0.72658228
0.92307692 0.40942928 0.74683544
0.93396869 0.41687345 0.76582278
0.94622192 0.49379653 0.78607595
0.95439074 0.53349876 0.81265823
0.96324030 0.54342432 0.84303797
0.97004765 0.56823821 0.87468354
0.97889721 0.59553350 0.90379747
0.98774677 0.60794045 0.93544304
0.99387338 0.62034739 0.96582278
1.00000000 0.63027295 1.00000000
