0.5895 0.0000 0.5401
0.6033 0.0050 0.5113
0.6085 0.0099 0.4592
0.6176 0.0223 0.4387
0.6255 0.0276 0.3831
0.6333 0.0502 0.3715
0.6412 0.0545 0.3187
0.6425 0.0817 0.3064
0.6549 0.0902 0.2755
0.6588 0.1150 0.2687
0.6634 0.1267 0.2543
0.6660 0.1469 0.2419
0.6699 0.1635 0.2406
0.6771 0.1759 0.2303
0.6824 0.1953 0.2413
0.6843 0.2052 0.2385
0.6948 0.2190 0.2447
0.6987 0.2254 0.2440
0.7085 0.2392 0.2509
0.7131 0.2456 0.2529
0.7229 0.2523 0.2529
0.7281 0.2597 0.2563
0.7320 0.2703 0.2557
0.7438 0.2771 0.2605
0.7529 0.2810 0.2563
0.7627 0.2877 0.2605
0.7732 0.2923 0.2515
0.7810 0.2987 0.2536
0.7935 0.3054 0.2509
0.8026 0.3125 0.2563
0.8124 0.3171 0.2515
0.8216 0.3227 0.2536
0.8301 0.3266 0.2454
0.8386 0.3340 0.2502
0.8542 0.3362 0.2365
0.8601 0.3461 0.2399
0.8686 0.3489 0.2317
0.8791 0.3588 0.2324
0.8876 0.3581 0.2193
0.8974 0.3694 0.2186
0.9092 0.3719 0.2063
0.9157 0.3822 0.1981
0.9288 0.3885 0.1885
0.9379 0.3988 0.1816
0.9497 0.4066 0.1720
0.9582 0.4161 0.1570
0.9699 0.4271 0.1453
0.9752 0.4367 0.1282
0.9843 0.4505 0.1158
0.9902 0.4625 0.1014
0.9987 0.4784 0.0912
1.0000 0.4908 0.0768
0.9993 0.5074 0.0610
0.9974 0.5237 0.0500
0.9941 0.5421 0.0384
0.9889 0.5616 0.0308
0.9804 0.5814 0.0185
0.9732 0.6012 0.0137
0.9601 0.6217 0.0055
0.9451 0.6476 0.0048
0.9281 0.6681 0.0000
0.9085 0.6929 0.0048
0.8882 0.7169 0.0082
0.8621 0.7389 0.0158
0.8412 0.7633 0.0247
0.8085 0.7873 0.0391
0.7804 0.8142 0.0589
0.7503 0.8326 0.0761
0.7222 0.8531 0.0980
0.6889 0.8691 0.1241
0.6549 0.8938 0.1535
0.6190 0.9101 0.1864
0.5869 0.9271 0.2207
0.5529 0.9441 0.2591
0.5196 0.9565 0.2934
0.4856 0.9667 0.3331
0.4497 0.9766 0.3687
0.4105 0.9936 0.4140
0.3797 0.9947 0.4558
0.3477 0.9986 0.4969
0.3163 0.9943 0.5380
0.2837 1.0000 0.5792
0.2556 0.9954 0.6203
0.2242 0.9954 0.6607
0.2007 0.9890 0.6977
0.1686 0.9858 0.7354
0.1464 0.9770 0.7731
0.1196 0.9664 0.8047
0.1000 0.9540 0.8334
0.0797 0.9427 0.8629
0.0667 0.9310 0.8869
0.0464 0.9176 0.9116
0.0353 0.9094 0.9335
0.0255 0.8868 0.9493
0.0196 0.8779 0.9657
0.0085 0.8574 0.9740
0.0020 0.8524 0.9849
0.0007 0.8330 0.9904
0.0020 0.8255 0.9966
0.0000 0.8075 1.0000
