1.00000000 0.00000000 0.00000000
0.89183673 0.33846154 0.06999660
0.77602041 0.57846154 0.15052667
0.66836735 0.74769231 0.23921169
0.57500000 0.85538462 0.32347944
0.49336735 0.93476923 0.40400951
0.42755102 0.97784615 0.47468569
0.36785714 0.99507692 0.54060483
0.31938776 1.00000000 0.59497112
0.27448980 0.99446154 0.64288141
0.23928571 0.98092308 0.68297655
0.20918367 0.96246154 0.71967380
0.17959184 0.94646154 0.75127421
0.15714286 0.91815385 0.77777778
0.13571429 0.89476923 0.80020387
0.11785714 0.86584615 0.81889229
0.10255102 0.84492308 0.83486239
0.08928571 0.82461538 0.84947333
0.07908163 0.80553846 0.86170574
0.07040816 0.78892308 0.87257900
0.06479592 0.77107692 0.88175331
0.05918367 0.75815385 0.89058784
0.05714286 0.73415385 0.89602446
0.05102041 0.72615385 0.90282025
0.05204082 0.70953846 0.90621814
0.04846939 0.70400000 0.91165477
0.05000000 0.69292308 0.91471288
0.04948980 0.69107692 0.91879035
0.05306122 0.67815385 0.92048930
0.05000000 0.67753846 0.92320761
0.05153061 0.66953846 0.92422698
0.05000000 0.66769231 0.92694529
0.05306122 0.66646154 0.92864424
0.05459184 0.65784615 0.92932382
0.05561224 0.66523077 0.93136256
0.05816327 0.65415385 0.93272171
0.05714286 0.66092308 0.93306150
0.05969388 0.64984615 0.93374108
0.05918367 0.66461538 0.93577982
0.06071429 0.65907692 0.93713897
0.06122449 0.66215385 0.93747876
0.06275510 0.66153846 0.93951750
0.06071429 0.66646154 0.94087666
0.06224490 0.67076923 0.94461434
0.06479592 0.66276923 0.94223581
0.06224490 0.67076923 0.94563371
0.06479592 0.66523077 0.94665308
0.06173469 0.67507692 0.94971118
0.06326531 0.66707692 0.95107034
0.06428571 0.67753846 0.95480802
0.06530612 0.66830769 0.95582739
0.06428571 0.67569231 0.95786612
0.06479592 0.66646154 0.95956507
0.06326531 0.67876923 0.96330275
0.06377551 0.67876923 0.96636086
0.06377551 0.67261538 0.96805980
0.06479592 0.66338462 0.96907917
0.06275510 0.66523077 0.97247706
0.06428571 0.66461538 0.97383622
0.06020408 0.65784615 0.97655454
0.06224490 0.65846154 0.97927285
0.06020408 0.65046154 0.98335032
0.05765306 0.65169231 0.98674822
0.05663265 0.63753846 0.98878695
0.05306122 0.63446154 0.99082569
0.05153061 0.62523077 0.99116548
0.04693878 0.62338462 0.99252463
0.04642857 0.61415385 0.99388379
0.04132653 0.60984615 0.99660211
0.04132653 0.60553846 0.99762147
0.03826531 0.59446154 0.99830105
0.03520408 0.59323077 0.99864084
0.03316327 0.58646154 0.99864084
0.02959184 0.58215385 0.99864084
0.02908163 0.57723077 0.99932042
0.02755102 0.57107692 0.99898063
0.02857143 0.56553846 1.00000000
0.02653061 0.56430769 0.99864084
0.02653061 0.55323077 0.99626232
0.02551020 0.54892308 0.99422358
0.02704082 0.54892308 0.99218485
0.02806122 0.53723077 0.99014611
0.02806122 0.54092308 0.98946653
0.02908163 0.52738462 0.98572885
0.02704082 0.54215385 0.98470948
0.02806122 0.52246154 0.97859327
0.02346939 0.53846154 0.97791369
0.02704082 0.51630769 0.97247706
0.02346939 0.52984615 0.96975875
0.02397959 0.52861538 0.96602107
0.02040816 0.53107692 0.96160381
0.02091837 0.54892308 0.96024465
0.01887755 0.53415385 0.95242949
0.01581633 0.55876923 0.95344886
0.01632653 0.55323077 0.94665308
0.00918367 0.57415385 0.94393476
0.01173469 0.56676923 0.94087666
0.00204082 0.59015385 0.93883792
0.00357143 0.59630769 0.93747876
0.00000000 0.59815385 0.93340129
