0.40341255 0.80983787 0.47819258
0.40402194 0.81437208 0.47940075
0.40127971 0.82220390 0.48205872
0.40097502 0.82660071 0.48350852
0.39731871 0.83429514 0.48689139
0.39701402 0.84075295 0.48967017
0.39122486 0.84913438 0.49365712
0.38848263 0.85779060 0.49848979
0.38147471 0.86850783 0.50525553
0.37599025 0.88266007 0.51359188
0.36715417 0.89365210 0.52398212
0.35496648 0.90752954 0.53594297
0.34216941 0.92195658 0.55176996
0.32541133 0.94229184 0.57073819
0.30438757 0.95658148 0.59465990
0.27696527 0.97526793 0.62389755
0.24649604 0.98955757 0.65990093
0.20688605 1.00000000 0.70218678
0.16544790 0.99876340 0.75172164
0.11882998 0.98955757 0.80838468
0.07007922 0.96248969 0.87000121
0.02589884 0.90588074 0.92787242
0.00000000 0.81492168 0.97402440
0.00487508 0.68631492 1.00000000
0.05240707 0.52225886 0.98815996
0.15295551 0.33979115 0.92231485
0.30987203 0.16968948 0.79956506
0.50426569 0.04506733 0.62873022
0.69652651 0.00000000 0.43663163
0.85496648 0.04108272 0.25564818
0.95642901 0.14990382 0.11731304
1.00000000 0.29582303 0.03104990
0.99329677 0.44820005 0.00000000
0.95368678 0.58257763 0.00797390
0.90036563 0.69057433 0.03986952
0.84277879 0.76957955 0.08445089
0.78976234 0.82453971 0.13374411
0.74558196 0.86067601 0.18158753
0.70810481 0.88348447 0.22568563
0.67976843 0.89433910 0.26495107
0.65722121 0.89969772 0.29841730
0.64076782 0.90079692 0.32668841
0.62827544 0.90079692 0.35145584
0.62035344 0.89887332 0.37175305
0.61273614 0.89392690 0.38963393
0.60725168 0.88925529 0.40461520
0.60450945 0.88279747 0.41754259
0.60146252 0.87771366 0.42865773
0.60024375 0.87221764 0.43808143
0.60085314 0.86713383 0.44629697
0.60085314 0.86424842 0.45439169
0.60237660 0.85710360 0.46019089
0.60237660 0.85380599 0.46647336
0.60542352 0.84872218 0.47106440
0.60694698 0.84501237 0.47541380
0.60907983 0.83951635 0.47903830
0.60938452 0.83566914 0.48230035
0.61395491 0.83113493 0.48471668
0.61182206 0.82701292 0.48664975
0.61243144 0.82206650 0.48797874
0.61182206 0.81766969 0.48822037
0.61151737 0.81423468 0.48858282
0.61090798 0.80928827 0.48761629
0.60755637 0.80667766 0.48652894
0.60755637 0.80296785 0.48532077
0.60450945 0.80173124 0.48387097
0.60115783 0.79870844 0.48145463
0.59689214 0.79788403 0.47927993
0.59567337 0.79568563 0.47698441
0.59201706 0.79541083 0.47432645
0.58714199 0.79513603 0.47215175
0.58318099 0.79568563 0.47021868
0.57891530 0.79623523 0.46864806
0.57404022 0.79568563 0.46671499
0.56916514 0.79609783 0.46514438
0.56398537 0.79664743 0.46333213
0.55971968 0.79967024 0.46309049
0.55514930 0.80076944 0.46212396
0.54875076 0.80173124 0.46188232
0.54539915 0.80296785 0.46115742
0.54052407 0.80475405 0.46176151
0.53564899 0.80612806 0.46127824
0.52985984 0.80667766 0.46127824
0.52742230 0.80777686 0.46151987
0.52163315 0.80983787 0.46115742
0.51767215 0.81025007 0.46164069
0.51127361 0.81176147 0.46188232
0.50792200 0.81313548 0.46212396
0.50396100 0.81341028 0.46248641
0.49878123 0.81409728 0.46224477
0.49603900 0.81588348 0.46309049
0.49390615 0.81670789 0.46333213
0.48994516 0.81821929 0.46429866
0.48720293 0.81821929 0.46417784
0.48537477 0.82014290 0.46478193
0.48324193 0.82069250 0.46538601
0.48202316 0.82096730 0.46514438
0.48141377 0.82316570 0.46574846
0.48080439 0.82412751 0.46611091
0.48080439 0.82453971 0.46623173
