0.2911 0.1809 0.7374
0.2871 0.1810 0.7379
0.2850 0.1816 0.7364
0.2828 0.1823 0.7364
0.2822 0.1833 0.7364
0.2776 0.1833 0.7369
0.2761 0.1838 0.7371
0.2740 0.1853 0.7352
0.2718 0.1860 0.7359
0.2682 0.1867 0.7364
0.2670 0.1870 0.7369
0.2657 0.1877 0.7369
0.2636 0.1884 0.7381
0.2618 0.1893 0.7391
0.2596 0.1889 0.7396
0.2578 0.1889 0.7384
0.2563 0.1900 0.7394
0.2557 0.1905 0.7398
0.2541 0.1909 0.7408
0.2523 0.1905 0.7411
0.2520 0.1903 0.7428
0.2508 0.1900 0.7435
0.2505 0.1903 0.7443
0.2492 0.1907 0.7443
0.2508 0.1907 0.7460
0.2502 0.1903 0.7470
0.2508 0.1889 0.7477
0.2517 0.1896 0.7477
0.2529 0.1895 0.7492
0.2535 0.1884 0.7499
0.2550 0.1861 0.7514
0.2569 0.1865 0.7504
0.2587 0.1861 0.7512
0.2605 0.1853 0.7512
0.2633 0.1840 0.7522
0.2654 0.1830 0.7517
0.2694 0.1821 0.7531
0.2724 0.1796 0.7539
0.2752 0.1782 0.7536
0.2789 0.1773 0.7531
0.2838 0.1751 0.7544
0.2880 0.1723 0.7536
0.2923 0.1701 0.7541
0.2969 0.1693 0.7529
0.3015 0.1661 0.7522
0.3051 0.1635 0.7522
0.3094 0.1603 0.7517
0.3152 0.1572 0.7499
0.3213 0.1538 0.7477
0.3268 0.1514 0.7458
0.3326 0.1477 0.7438
0.3384 0.1442 0.7401
0.3458 0.1394 0.7386
0.3522 0.1350 0.7381
0.3613 0.1303 0.7342
0.3674 0.1250 0.7285
0.3760 0.1208 0.7238
0.3842 0.1168 0.7184
0.3943 0.1097 0.7128
0.4032 0.1036 0.7054
0.4145 0.0976 0.6990
0.4249 0.0917 0.6901
0.4377 0.0843 0.6810
0.4505 0.0773 0.6687
0.4649 0.0697 0.6576
0.4798 0.0611 0.6446
0.4969 0.0527 0.6291
0.5137 0.0455 0.6131
0.5318 0.0376 0.5959
0.5535 0.0299 0.5752
0.5764 0.0219 0.5530
0.6005 0.0153 0.5287
0.6258 0.0086 0.5018
0.6527 0.0035 0.4713
0.6817 0.0000 0.4393
0.7108 0.0000 0.4066
0.7434 0.0000 0.3697
0.7786 0.0039 0.3291
0.8143 0.0114 0.2882
0.8464 0.0248 0.2461
0.8794 0.0430 0.2028
0.9111 0.0669 0.1585
0.9407 0.0975 0.1184
0.9655 0.1363 0.0812
0.9881 0.1835 0.0482
1.0000 0.2393 0.0217
0.9985 0.3034 0.0049
0.9866 0.3754 0.0000
0.9643 0.4522 0.0025
0.9261 0.5357 0.0229
0.8705 0.6200 0.0665
0.8009 0.7040 0.1236
0.7181 0.7845 0.1974
0.6216 0.8590 0.2872
0.5147 0.9213 0.3945
0.4047 0.9670 0.5124
0.2935 0.9947 0.6387
0.1863 1.0000 0.7667
0.0880 0.9891 0.8868
0.0000 0.9624 1.0000
