0.8993 0.0000 0.1494
0.9258 0.0250 0.1168
0.9505 0.0569 0.0872
0.9712 0.0974 0.0598
0.9901 0.1468 0.0355
1.0000 0.2051 0.0160
0.9987 0.2721 0.0036
0.9888 0.3473 0.0000
0.9702 0.4275 0.0018
0.9383 0.5149 0.0169
0.8919 0.6029 0.0490
0.8338 0.6906 0.0910
0.7647 0.7749 0.1454
0.6842 0.8527 0.2116
0.5950 0.9178 0.2907
0.5032 0.9655 0.3775
0.4104 0.9945 0.4705
0.3209 1.0000 0.5648
0.2388 0.9886 0.6533
0.1654 0.9607 0.7367
0.1043 0.9169 0.8114
0.0566 0.8571 0.8751
0.0247 0.7883 0.9262
0.0064 0.7134 0.9637
0.0005 0.6356 0.9857
0.0000 0.5629 0.9971
0.0092 0.4936 1.0000
0.0252 0.4288 0.9962
0.0472 0.3708 0.9864
0.0721 0.3209 0.9719
0.1002 0.2776 0.9523
0.1287 0.2407 0.9306
0.1552 0.2127 0.9083
0.1810 0.1897 0.8859
0.2062 0.1699 0.8646
0.2304 0.1554 0.8442
0.2539 0.1433 0.8247
0.2745 0.1341 0.8060
0.2942 0.1283 0.7871
0.3105 0.1242 0.7706
0.3253 0.1213 0.7552
0.3398 0.1189 0.7411
0.3520 0.1187 0.7277
0.3632 0.1196 0.7162
0.3747 0.1213 0.7052
0.3839 0.1235 0.6947
0.3928 0.1264 0.6849
0.4010 0.1306 0.6771
0.4086 0.1350 0.6694
0.4142 0.1382 0.6635
0.4214 0.1426 0.6571
0.4272 0.1472 0.6506
0.4313 0.1510 0.6451
0.4367 0.1558 0.6399
0.4415 0.1593 0.6352
0.4443 0.1626 0.6332
0.4479 0.1664 0.6290
0.4530 0.1703 0.6252
0.4563 0.1750 0.6219
0.4586 0.1791 0.6185
0.4627 0.1815 0.6169
0.4652 0.1837 0.6165
0.4685 0.1864 0.6147
0.4708 0.1908 0.6120
0.4741 0.1938 0.6105
0.4764 0.1971 0.6082
0.4787 0.2000 0.6069
0.4813 0.2022 0.6058
0.4830 0.2039 0.6060
0.4851 0.2066 0.6040
0.4869 0.2103 0.6018
0.4889 0.2125 0.6011
0.4904 0.2147 0.6005
0.4922 0.2165 0.6011
0.4960 0.2178 0.6002
0.4968 0.2189 0.6013
0.4989 0.2209 0.5998
0.5006 0.2233 0.5985
0.5024 0.2248 0.5985
0.5024 0.2259 0.5989
0.5045 0.2272 0.5982
0.5065 0.2288 0.5978
0.5073 0.2295 0.5987
0.5075 0.2317 0.5982
0.5075 0.2339 0.5973
0.5083 0.2356 0.5976
0.5093 0.2367 0.5973
0.5098 0.2385 0.5969
0.5101 0.2402 0.5964
0.5101 0.2424 0.5969
0.5106 0.2440 0.5960
0.5106 0.2466 0.5964
0.5113 0.2481 0.5964
0.5119 0.2495 0.5966
0.5139 0.2512 0.5958
0.5134 0.2539 0.5956
0.5147 0.2561 0.5949
0.5157 0.2585 0.5949
0.5147 0.2602 0.5958
0.5152 0.2622 0.5947
