0.00000000 0.75633188 1.00000000
0.06488992 0.58078603 0.93927126
0.12514484 0.44716157 0.87702429
0.18366165 0.33799127 0.81477733
0.24101970 0.24366812 0.75506073
0.29606025 0.17467249 0.69838057
0.34936269 0.11703057 0.64372470
0.39629200 0.07336245 0.59159919
0.44090382 0.04541485 0.53896761
0.47798378 0.02620087 0.49291498
0.51158749 0.01222707 0.44989879
0.54461182 0.00087336 0.41042510
0.57242178 0.00000000 0.37297571
0.59791425 0.00436681 0.34109312
0.62398610 0.01222707 0.31022267
0.64484357 0.02270742 0.28087045
0.66512167 0.03668122 0.25354251
0.68366165 0.05676856 0.23178138
0.70104287 0.07772926 0.21052632
0.71378911 0.09257642 0.19382591
0.73001159 0.11353712 0.17611336
0.74333720 0.13537118 0.15789474
0.75260718 0.15371179 0.14271255
0.76477404 0.17641921 0.12803644
0.77578216 0.19301310 0.11487854
0.78215527 0.20873362 0.10931174
0.79026651 0.22707424 0.09767206
0.80185400 0.24541485 0.08704453
0.80938586 0.26812227 0.07793522
0.81460023 0.28733624 0.06831984
0.82387022 0.29868996 0.06376518
0.82966396 0.30917031 0.06275304
0.83719583 0.32227074 0.05769231
0.84241020 0.34323144 0.05010121
0.84994206 0.35720524 0.04605263
0.85515643 0.37292576 0.03947368
0.86037080 0.38689956 0.03593117
0.86616454 0.39737991 0.03289474
0.87022016 0.40524017 0.03340081
0.87485516 0.41834061 0.02783401
0.87891078 0.43580786 0.02176113
0.88354577 0.44628821 0.01973684
0.88702202 0.45676856 0.01821862
0.89107764 0.46550218 0.01973684
0.89976825 0.47161572 0.01720648
0.90150637 0.47685590 0.02024291
0.90614137 0.48646288 0.01619433
0.91019699 0.49781659 0.01265182
0.91425261 0.50480349 0.01265182
0.91425261 0.51004367 0.01366397
0.91888760 0.51615721 0.01163968
0.92352260 0.52401747 0.01062753
0.92526072 0.52751092 0.01315789
0.92584009 0.53799127 0.01163968
0.92584009 0.54847162 0.00910931
0.92757822 0.55633188 0.01012146
0.92989571 0.56157205 0.00910931
0.93105446 0.57030568 0.00809717
0.93163384 0.57816594 0.00657895
0.93163384 0.58864629 0.00809717
0.93279258 0.59650655 0.00556680
0.93279258 0.60873362 0.00657895
0.93453071 0.61572052 0.00657895
0.93568946 0.62270742 0.00708502
0.94032445 0.63056769 0.00506073
0.93916570 0.64366812 0.00455466
0.94206257 0.65414847 0.00253036
0.94438007 0.66550218 0.00253036
0.94206257 0.67336245 0.00506073
0.94322132 0.68296943 0.00202429
0.94611819 0.68820961 0.00455466
0.94727694 0.69606987 0.00506073
0.94727694 0.70742358 0.00404858
0.95133256 0.71703057 0.00202429
0.95017381 0.72925764 0.00354251
0.95133256 0.74235808 0.00000000
0.95422943 0.74934498 0.00253036
0.95654693 0.76244541 0.00708502
0.95480881 0.76855895 0.00809717
0.95886443 0.78515284 0.00708502
0.96176130 0.79912664 0.00708502
0.96292005 0.80873362 0.00910931
0.96465817 0.82096070 0.00961538
0.96697567 0.82794760 0.01518219
0.96871379 0.83668122 0.01518219
0.97103129 0.85065502 0.01518219
0.97450753 0.86550218 0.01720648
0.97624565 0.88122271 0.01518219
0.97740440 0.88995633 0.01973684
0.98030127 0.89519651 0.02682186
0.98088065 0.90043668 0.03087045
0.98377752 0.91615721 0.03137652
0.98899189 0.93013100 0.03340081
0.99420626 0.94148472 0.03593117
0.99536501 0.95196507 0.03896761
0.99188876 0.95633188 0.04757085
0.99362688 0.95807860 0.05313765
0.99536501 0.97292576 0.05465587
0.99304751 0.98515284 0.05263158
1.00000000 1.00000000 0.05364372
