0.0000 1.0000 1.0000
0.0000 0.9949 0.9679
0.0364 0.9906 0.9541
0.0582 0.9881 0.9128
0.0800 0.9830 0.9174
0.0909 0.9821 0.8853
0.1091 0.9702 0.8761
0.1345 0.9668 0.8486
0.1600 0.9617 0.8532
0.1855 0.9583 0.8211
0.2145 0.9498 0.8119
0.2291 0.9464 0.7982
0.2582 0.9388 0.7798
0.2727 0.9337 0.7844
0.3164 0.9260 0.7615
0.3236 0.9243 0.7477
0.3564 0.9150 0.7523
0.3782 0.9116 0.7248
0.4073 0.9022 0.7431
0.4255 0.8963 0.7202
0.4545 0.8895 0.7294
0.4800 0.8861 0.7064
0.4982 0.8776 0.7294
0.5164 0.8673 0.7064
0.5418 0.8546 0.6881
0.5745 0.8495 0.6697
0.6073 0.8401 0.6743
0.6291 0.8316 0.6651
0.6436 0.8206 0.6606
0.6764 0.8104 0.6468
0.7018 0.7942 0.6560
0.7200 0.7840 0.6376
0.7636 0.7704 0.6376
0.7855 0.7645 0.6239
0.8000 0.7517 0.6422
0.8255 0.7389 0.6147
0.8327 0.7211 0.6193
0.8545 0.7117 0.6101
0.8655 0.6964 0.6055
0.8873 0.6820 0.5872
0.9018 0.6624 0.5780
0.9200 0.6531 0.5642
0.9309 0.6403 0.5688
0.9345 0.6250 0.5642
0.9600 0.6071 0.5413
0.9636 0.5978 0.5229
0.9709 0.5825 0.5321
0.9745 0.5672 0.5046
0.9927 0.5527 0.5138
0.9818 0.5408 0.4817
0.9891 0.5298 0.4817
0.9927 0.5196 0.4587
0.9927 0.5051 0.4633
0.9964 0.4906 0.4220
0.9927 0.4838 0.4312
1.0000 0.4745 0.4128
0.9927 0.4600 0.4037
0.9891 0.4473 0.3716
0.9964 0.4345 0.3716
0.9927 0.4226 0.3349
0.9891 0.4124 0.3440
0.9745 0.4005 0.3165
0.9855 0.3878 0.3119
0.9782 0.3741 0.2936
0.9964 0.3639 0.2936
0.9600 0.3554 0.2523
0.9527 0.3427 0.2569
0.9600 0.3299 0.2248
0.9491 0.3172 0.2294
0.9418 0.3053 0.2064
0.9273 0.2968 0.2110
0.9055 0.2866 0.1835
0.8945 0.2730 0.1927
0.8909 0.2594 0.1651
0.8764 0.2543 0.1743
0.8509 0.2415 0.1330
0.8436 0.2338 0.1330
0.8291 0.2185 0.1147
0.8182 0.2049 0.1239
0.8036 0.1939 0.0917
0.7964 0.1845 0.1055
0.7673 0.1786 0.0734
0.7709 0.1692 0.0734
0.7491 0.1573 0.0596
0.7491 0.1429 0.0642
0.7309 0.1327 0.0505
0.7164 0.1318 0.0505
0.7018 0.1216 0.0367
0.6764 0.1139 0.0367
0.6727 0.1003 0.0275
0.6509 0.0918 0.0321
0.6364 0.0833 0.0138
0.6218 0.0774 0.0229
0.5927 0.0689 0.0138
0.5818 0.0544 0.0275
0.5600 0.0417 0.0183
0.5418 0.0349 0.0321
0.5164 0.0213 0.0092
0.4945 0.0128 0.0229
0.4618 0.0000 0.0000
