0.0000 0.0192 0.3750
0.0806 0.0577 0.3750
0.0161 0.0769 0.3750
0.1129 0.0000 0.7500
0.0968 0.1154 0.3750
0.1129 0.0192 0.3750
0.0323 0.0962 0.5000
0.1129 0.0385 0.2500
0.0645 0.1346 0.1250
0.0968 0.0385 0.1250
0.0484 0.0962 0.5000
0.1129 0.0577 0.0000
0.0323 0.0385 0.5000
0.1290 0.0192 0.2500
0.0323 0.0769 0.2500
0.0968 0.0385 0.1250
0.0484 0.1154 0.5000
0.1129 0.0385 0.3750
0.0645 0.1346 0.2500
0.1129 0.0962 0.1250
0.0645 0.1154 0.2500
0.1290 0.1154 0.2500
0.0968 0.1731 0.6250
0.1290 0.0769 0.5000
0.0806 0.1731 0.5000
0.1290 0.1346 0.2500
0.0968 0.1923 0.5000
0.1452 0.1346 0.3750
0.0645 0.2308 0.6250
0.1129 0.1154 0.1250
0.1129 0.1538 0.3750
0.1129 0.0962 0.2500
0.1129 0.1538 0.3750
0.1129 0.1154 0.2500
0.0645 0.1538 0.2500
0.1290 0.1346 0.3750
0.0968 0.1923 0.6250
0.1452 0.1538 0.2500
0.1290 0.2692 0.6250
0.1613 0.1731 0.5000
0.1613 0.2115 0.7500
0.1774 0.2500 0.5000
0.1613 0.2692 0.7500
0.1935 0.2885 0.6250
0.1613 0.2500 0.7500
0.2258 0.1923 0.5000
0.1935 0.2500 0.5000
0.2419 0.1923 0.3750
0.2258 0.2692 0.6250
0.2419 0.3462 0.3750
0.2581 0.3462 0.5000
0.2581 0.3654 0.3750
0.2742 0.4231 0.6250
0.3226 0.3654 0.7500
0.3710 0.4038 0.5000
0.3226 0.3654 0.2500
0.3548 0.3654 0.3750
0.3548 0.3846 0.0000
0.3871 0.4423 0.6250
0.4032 0.4231 0.1250
0.4194 0.4615 0.3750
0.4355 0.4423 0.3750
0.4677 0.5385 0.5000
0.4677 0.4808 0.2500
0.4839 0.5577 0.5000
0.5000 0.5385 0.2500
0.4839 0.5577 0.6250
0.5000 0.5000 0.1250
0.5484 0.5385 0.5000
0.5645 0.5577 0.2500
0.5806 0.6346 0.7500
0.5968 0.5769 0.3750
0.6129 0.6154 0.5000
0.6290 0.5192 0.3750
0.6129 0.5192 0.6250
0.6452 0.5769 0.2500
0.6935 0.6154 0.5000
0.6774 0.6538 0.2500
0.7097 0.7115 0.5000
0.7258 0.7308 0.3750
0.7581 0.7308 0.3750
0.7419 0.6731 0.3750
0.7581 0.7308 0.6250
0.8065 0.6923 0.1250
0.8226 0.7500 0.7500
0.8065 0.7692 0.2500
0.8387 0.8077 0.3750
0.8710 0.7885 0.2500
0.9032 0.8077 0.6250
0.8710 0.8077 0.5000
0.9032 0.7885 0.5000
0.9355 0.8269 0.5000
0.9516 0.8846 0.8750
0.9516 0.9038 0.3750
0.9516 0.9038 1.0000
0.9355 0.8269 0.8750
0.9355 0.8846 1.0000
0.9355 0.9038 0.6250
0.9677 0.9038 0.8750
1.0000 1.0000 0.6250
