-58.8125 1.8375 0.0770
-57.8125 1.8438 0.0852
-57.1875 1.8250 0.0934
-56.5625 1.7688 0.0967
-55.6250 1.6938 0.1098
-54.4375 1.6625 0.1213
-53.4375 1.5938 0.1344
-52.0625 1.5312 0.1410
-51.5625 1.5375 0.1541
-50.3750 1.4812 0.1557
-49.5625 1.4563 0.1656
-48.3125 1.4125 0.1787
-47.1250 1.2875 0.1869
-45.9375 1.2312 0.1934
-45.2500 1.2188 0.2000
-44.1875 1.1438 0.2033
-43.5625 1.1125 0.2115
-42.1875 1.0063 0.2180
-41.1250 0.9062 0.2230
-40.0000 0.8438 0.2213
-39.1250 0.7937 0.2279
-37.8125 0.6750 0.2262
-37.1250 0.6750 0.2344
-36.0625 0.6188 0.2377
-34.8125 0.5312 0.2328
-33.8750 0.4500 0.2262
-33.1250 0.3875 0.2262
-32.1250 0.3563 0.2164
-31.3750 0.3625 0.2164
-30.1250 0.2687 0.2131
-29.0625 0.1812 0.2066
-28.0000 0.1375 0.2033
-27.0000 0.0938 0.1934
-25.8125 0.0500 0.1836
-24.8125 0.0000 0.1820
-23.6875 -0.0375 0.1656
-22.7500 -0.0938 0.1590
-21.4375 -0.1250 0.1475
-20.3750 -0.1625 0.1393
-19.1250 -0.1500 0.1311
-18.0625 -0.1625 0.1213
-16.6250 -0.1812 0.1115
-15.3125 -0.2500 0.1049
-13.8750 -0.2687 0.0902
-12.7500 -0.2625 0.0820
-11.3750 -0.1375 0.0639
-10.3125 -0.1625 0.0623
-9.1250 -0.2000 0.0508
-8.0625 -0.2250 0.0443
-6.7500 -0.2125 0.0328
-5.8750 -0.1313 0.0213
-4.3125 -0.0688 0.0148
-3.3125 -0.0187 0.0148
-2.1250 -0.0437 0.0049
-1.1250 0.0500 0.0082
0.0000 0.0875 0.0016
1.0000 0.2313 0.0000
2.1250 0.3125 0.0033
3.0000 0.3375 0.0115
4.2500 0.3937 0.0115
4.8750 0.4938 0.0328
5.8125 0.6500 0.0393
6.6875 0.7000 0.0525
7.9375 0.7188 0.0639
8.9375 0.7312 0.0852
10.1250 0.8375 0.0967
10.5000 0.9500 0.1262
11.0625 1.0688 0.1459
11.9375 1.0500 0.1820
12.3750 1.0000 0.2098
13.2500 1.0500 0.2426
14.0000 1.1313 0.2656
14.2500 1.2937 0.3033
15.0000 1.2625 0.3393
15.6250 1.1250 0.3689
16.0625 1.0125 0.3984
16.6875 1.0938 0.4377
17.1875 1.2375 0.4705
17.6875 1.3000 0.5066
17.8750 1.1562 0.5361
18.0000 0.8688 0.5738
18.6250 0.8250 0.6049
19.1250 0.8187 0.6426
20.0000 0.9812 0.6705
20.2500 0.8688 0.7033
20.6250 0.6625 0.7262
21.0625 0.3438 0.7557
21.5625 0.2812 0.7803
22.0625 0.3063 0.8115
22.3750 0.3312 0.8377
22.8125 0.1500 0.8623
23.3125 -0.1375 0.8770
23.5625 -0.4688 0.9016
24.3125 -0.5437 0.9148
24.9375 -0.4500 0.9377
25.6250 -0.5625 0.9525
26.0625 -0.7875 0.9689
26.3750 -1.0688 0.9770
26.7500 -1.2750 0.9852
27.5000 -1.3750 1.0000
