1.0000 0.0000 0.9769
0.9960 0.0102 0.9893
0.9929 0.0215 0.9822
0.9894 0.0312 0.9929
0.9854 0.0434 0.9876
0.9806 0.0537 0.9964
0.9780 0.0639 0.9929
0.9718 0.0732 1.0000
0.9683 0.0883 1.0000
0.9638 0.0991 1.0000
0.9586 0.1118 0.9911
0.9541 0.1235 0.9964
0.9506 0.1367 0.9876
0.9462 0.1474 1.0000
0.9422 0.1586 0.9911
0.9378 0.1684 0.9964
0.9330 0.1806 0.9893
0.9295 0.1923 0.9911
0.9237 0.2030 0.9893
0.9171 0.2128 0.9929
0.9109 0.2269 0.9840
0.9052 0.2401 0.9893
0.8981 0.2557 0.9822
0.8911 0.2674 0.9822
0.8854 0.2840 0.9734
0.8801 0.2972 0.9751
0.8721 0.3104 0.9663
0.8638 0.3211 0.9716
0.8558 0.3367 0.9591
0.8488 0.3480 0.9574
0.8399 0.3607 0.9556
0.8311 0.3729 0.9591
0.8223 0.3895 0.9503
0.8117 0.4017 0.9485
0.8042 0.4187 0.9343
0.7932 0.4329 0.9290
0.7831 0.4461 0.9218
0.7747 0.4583 0.9147
0.7637 0.4754 0.9023
0.7535 0.4846 0.9023
0.7451 0.5002 0.8845
0.7337 0.5129 0.8845
0.7231 0.5281 0.8686
0.7130 0.5403 0.8615
0.7037 0.5554 0.8490
0.6918 0.5676 0.8401
0.6830 0.5798 0.8242
0.6715 0.5925 0.8206
0.6587 0.6057 0.8046
0.6468 0.6159 0.7993
0.6336 0.6310 0.7869
0.6208 0.6428 0.7744
0.6071 0.6584 0.7567
0.5961 0.6711 0.7425
0.5825 0.6842 0.7194
0.5728 0.6945 0.7105
0.5595 0.7067 0.6909
0.5472 0.7145 0.6838
0.5353 0.7277 0.6643
0.5234 0.7365 0.6519
0.5115 0.7482 0.6323
0.4996 0.7599 0.6199
0.4868 0.7721 0.5986
0.4727 0.7818 0.5808
0.4603 0.7940 0.5542
0.4466 0.8009 0.5435
0.4299 0.8131 0.5222
0.4167 0.8204 0.5098
0.4017 0.8331 0.4885
0.3871 0.8424 0.4707
0.3730 0.8526 0.4476
0.3585 0.8590 0.4387
0.3457 0.8677 0.4174
0.3320 0.8736 0.3996
0.3183 0.8834 0.3819
0.3038 0.8907 0.3677
0.2906 0.8980 0.3517
0.2782 0.9063 0.3339
0.2632 0.9141 0.3144
0.2513 0.9185 0.2966
0.2368 0.9268 0.2771
0.2235 0.9312 0.2611
0.2086 0.9380 0.2380
0.1944 0.9414 0.2327
0.1803 0.9488 0.2185
0.1675 0.9512 0.2025
0.1556 0.9600 0.1812
0.1433 0.9619 0.1705
0.1305 0.9663 0.1563
0.1186 0.9673 0.1563
0.1063 0.9722 0.1314
0.0952 0.9756 0.1226
0.0816 0.9805 0.1012
0.0710 0.9839 0.0959
0.0591 0.9893 0.0693
0.0481 0.9883 0.0657
0.0362 0.9941 0.0373
0.0243 0.9956 0.0284
0.0128 0.9971 0.0124
0.0000 1.0000 0.0000
