0.5282 0.6186 0.5329
0.5268 0.6370 0.5342
0.5282 0.6588 0.5371
0.5212 0.6772 0.5388
0.5297 0.7029 0.5426
0.5226 0.7207 0.5463
0.5254 0.7378 0.5539
0.5141 0.7510 0.5585
0.5226 0.7668 0.5660
0.5127 0.7800 0.5715
0.5240 0.7918 0.5769
0.5085 0.8011 0.5857
0.5155 0.8142 0.5908
0.5113 0.8228 0.5971
0.5212 0.8228 0.6071
0.5169 0.8300 0.6122
0.5184 0.8412 0.6159
0.5198 0.8452 0.6197
0.5268 0.8445 0.6260
0.5212 0.8485 0.6306
0.5254 0.8551 0.6340
0.5325 0.8597 0.6377
0.5395 0.8682 0.6398
0.5395 0.8702 0.6449
0.5508 0.8682 0.6478
0.5579 0.8781 0.6520
0.5734 0.8755 0.6566
0.5749 0.8847 0.6595
0.5932 0.8933 0.6629
0.6102 0.9038 0.6654
0.6186 0.9038 0.6746
0.6285 0.9144 0.6767
0.6497 0.9216 0.6818
0.6681 0.9308 0.6872
0.6850 0.9414 0.6931
0.6949 0.9480 0.7010
0.7147 0.9585 0.7103
0.7373 0.9657 0.7182
0.7542 0.9717 0.7279
0.7669 0.9704 0.7379
0.7839 0.9816 0.7434
0.8107 0.9835 0.7539
0.8277 0.9934 0.7656
0.8404 0.9928 0.7774
0.8545 1.0000 0.7870
0.8785 0.9993 0.7962
0.8941 0.9980 0.8080
0.9040 0.9921 0.8197
0.9124 0.9980 0.8298
0.9308 0.9947 0.8398
0.9463 0.9901 0.8553
0.9492 0.9829 0.8675
0.9534 0.9796 0.8792
0.9689 0.9723 0.8885
0.9746 0.9506 0.9040
0.9718 0.9387 0.9124
0.9816 0.9183 0.9275
0.9845 0.9065 0.9350
0.9901 0.8788 0.9497
0.9915 0.8603 0.9610
1.0000 0.8412 0.9681
0.9972 0.8129 0.9748
1.0000 0.7767 0.9849
0.9887 0.7464 0.9895
0.9986 0.7174 0.9958
0.9944 0.6917 0.9962
0.9929 0.6456 1.0000
0.9816 0.6080 0.9954
0.9816 0.5599 0.9929
0.9675 0.5237 0.9828
0.9605 0.4704 0.9732
0.9407 0.4295 0.9568
0.9308 0.3814 0.9421
0.9167 0.3406 0.9216
0.8941 0.2806 0.9019
0.8644 0.2470 0.8717
0.8489 0.2069 0.8440
0.8150 0.1726 0.8138
0.7895 0.1350 0.7807
0.7528 0.1061 0.7459
0.7302 0.0764 0.7115
0.6949 0.0580 0.6734
0.6610 0.0408 0.6335
0.6172 0.0217 0.5933
0.5904 0.0079 0.5514
0.5466 0.0007 0.5094
0.5085 0.0000 0.4679
0.4675 0.0020 0.4243
0.4336 0.0059 0.3824
0.3828 0.0152 0.3417
0.3390 0.0296 0.3010
0.2980 0.0481 0.2591
0.2542 0.0718 0.2205
0.2189 0.1028 0.1811
0.1723 0.1298 0.1484
0.1412 0.1653 0.1128
0.0989 0.2042 0.0813
0.0650 0.2424 0.0520
0.0240 0.2846 0.0252
0.0000 0.3281 0.0000
