0.00364299 1.00000000 0.78513876
0.00000000 0.97765363 0.80752014
0.01092896 0.98324022 0.81647269
0.02550091 0.96983240 0.83169203
0.04371585 0.97430168 0.84243509
0.05464481 0.95754190 0.85586392
0.05828780 0.95865922 0.86213071
0.08925319 0.93854749 0.87376902
0.09107468 0.93072626 0.88540734
0.11293260 0.91396648 0.89256938
0.12568306 0.90949721 0.89883617
0.16211293 0.89832402 0.90510295
0.16393443 0.88044693 0.91405551
0.17850638 0.86703911 0.92032229
0.20400729 0.84916201 0.92032229
0.22040073 0.82793296 0.93017010
0.25500911 0.81787709 0.92837959
0.25683060 0.79888268 0.94001791
0.29508197 0.80446927 0.93375112
0.32058288 0.77430168 0.94628469
0.34972678 0.76089385 0.94359893
0.36429872 0.74078212 0.94897046
0.40801457 0.74413408 0.94270367
0.42076503 0.72737430 0.94628469
0.44262295 0.72178771 0.94986571
0.46448087 0.70391061 0.94717995
0.49544627 0.69273743 0.95702775
0.51366120 0.68491620 0.95434199
0.52459016 0.65810056 0.96418979
0.54462659 0.66927374 0.95523724
0.56648452 0.61340782 0.97851388
0.57923497 0.63463687 0.97761862
0.58652095 0.58435754 0.98925694
0.61020036 0.58882682 0.99104745
0.61566485 0.54748603 0.99104745
0.61202186 0.51508380 1.00000000
0.63387978 0.48603352 0.99194270
0.64116576 0.44134078 1.00000000
0.65391621 0.42234637 0.98925694
0.64116576 0.35754190 0.99104745
0.65573770 0.34636872 0.96866607
0.66484517 0.26927374 0.95971352
0.66484517 0.25027933 0.93733214
0.66666667 0.19106145 0.91495076
0.69034608 0.18659218 0.88451209
0.70309654 0.14972067 0.85496867
0.69581056 0.10614525 0.83169203
0.70491803 0.09608939 0.78603402
0.71766849 0.06256983 0.75111907
0.72859745 0.05251397 0.71262310
0.74134791 0.01787709 0.67770815
0.75045537 0.03351955 0.62667860
0.76502732 0.01117318 0.59444942
0.76867031 0.00893855 0.55237243
0.77049180 0.00000000 0.51298120
0.78324226 0.01675978 0.47358997
0.79599271 0.02793296 0.42882722
0.79417122 0.04022346 0.40107431
0.80145719 0.05139665 0.35810206
0.81238616 0.07262570 0.33482543
0.82149362 0.10279330 0.29453894
0.81967213 0.11061453 0.27484333
0.84517304 0.15530726 0.23455685
0.85610200 0.14301676 0.22381379
0.86338798 0.19664804 0.18979409
0.87613843 0.18994413 0.17994628
0.89435337 0.25810056 0.14771710
0.90346084 0.23910615 0.14503133
0.91438980 0.29273743 0.11727842
0.92349727 0.27709497 0.11011638
0.94171220 0.34189944 0.08504924
0.95628415 0.33966480 0.07609669
0.96357013 0.37988827 0.06356312
0.97632058 0.40000000 0.04923903
0.99453552 0.43798883 0.04476276
0.99089253 0.46480447 0.02506714
0.99271403 0.47486034 0.03222919
0.99635701 0.52737430 0.00447628
1.00000000 0.54413408 0.01432408
0.99089253 0.60000000 0.00000000
0.98178506 0.60335196 0.01432408
0.97632058 0.66256983 0.00537153
0.96357013 0.66480447 0.01074306
0.94353370 0.69608939 0.01969561
0.93260474 0.71396648 0.01790510
0.91256831 0.73631285 0.04207699
0.90346084 0.76648045 0.03401970
0.87431694 0.76312849 0.06893465
0.86520947 0.80782123 0.05461056
0.84153005 0.78435754 0.08683975
0.81785064 0.82569832 0.08594449
0.80327869 0.77877095 0.11369740
0.79234973 0.83463687 0.11459266
0.77595628 0.79888268 0.12891674
0.75045537 0.83240223 0.14413608
0.73770492 0.81452514 0.14413608
0.73588342 0.81229050 0.17009848
0.71584699 0.82681564 0.15666965
0.70127505 0.81005587 0.18979409
0.70309654 0.85139665 0.17367950
