0.5698 -2.6294 1.0000
0.5559 -2.6503 0.9979
0.5475 -2.6713 0.9812
0.5503 -2.7273 0.9770
0.5196 -2.7972 0.9623
0.5196 -2.8531 0.9561
0.5000 -2.8042 0.9477
0.4972 -2.8252 0.9435
0.4693 -2.8462 0.9331
0.4804 -2.8811 0.9351
0.4665 -2.9231 0.9121
0.4693 -2.9790 0.9038
0.4525 -2.9441 0.8975
0.4553 -2.9231 0.8933
0.4358 -2.9441 0.8912
0.4302 -2.9231 0.8912
0.4162 -2.9510 0.8787
0.4218 -3.0420 0.8724
0.3994 -3.0140 0.8703
0.4022 -3.0070 0.8724
0.3939 -3.0629 0.8556
0.3911 -3.0699 0.8577
0.3715 -3.0420 0.8473
0.3687 -3.0909 0.8368
0.3575 -3.1189 0.8285
0.3547 -3.1119 0.8264
0.3408 -3.1119 0.8117
0.3436 -3.1189 0.8075
0.3268 -3.1259 0.8013
0.3156 -3.1469 0.7929
0.3073 -3.1469 0.7845
0.3073 -3.1958 0.7762
0.3017 -3.1399 0.7573
0.2905 -3.1818 0.7448
0.2821 -3.2517 0.7238
0.2709 -3.2797 0.7071
0.2542 -3.3007 0.6862
0.2458 -3.2937 0.6715
0.2318 -3.2727 0.6444
0.2263 -3.2098 0.6276
0.2067 -3.2727 0.6025
0.1899 -3.3566 0.5816
0.1620 -3.2867 0.5544
0.1480 -3.2657 0.5356
0.1369 -3.2727 0.5000
0.1285 -3.2308 0.4749
0.1089 -3.2448 0.4372
0.0978 -3.2657 0.4059
0.0754 -3.1678 0.3682
0.0670 -3.0909 0.3347
0.0503 -3.0699 0.2971
0.0503 -2.9790 0.2699
0.0391 -2.9021 0.2385
0.0223 -2.8462 0.2113
0.0168 -2.6993 0.1799
0.0140 -2.5944 0.1527
0.0112 -2.5105 0.1192
0.0140 -2.3846 0.1046
0.0196 -2.2378 0.0732
0.0112 -2.1259 0.0669
-0.0000 -1.9510 0.0356
0.0196 -1.7902 0.0230
0.0223 -1.6154 0.0126
0.0335 -1.5245 0.0084
0.0475 -1.3636 0.0000
0.0587 -1.1958 0.0042
0.0587 -1.0280 0.0063
0.0922 -0.8392 0.0126
0.1034 -0.6923 0.0126
0.1173 -0.5734 0.0272
0.1397 -0.5035 0.0377
0.1592 -0.3077 0.0502
0.1816 -0.1538 0.0586
0.2123 0.0000 0.0711
0.2346 0.1469 0.0858
0.2598 0.2587 0.1172
0.2877 0.2937 0.1255
0.3101 0.4685 0.1527
0.3296 0.5804 0.1736
0.3715 0.6923 0.1904
0.3966 0.8671 0.2134
0.4274 0.9441 0.2343
0.4637 1.0000 0.2510
0.4916 1.1189 0.2741
0.5140 1.2587 0.2971
0.5475 1.3776 0.3054
0.5978 1.5524 0.3264
0.6285 1.6294 0.3536
0.6508 1.6643 0.3849
0.6788 1.7552 0.4079
0.7067 1.8671 0.4351
0.7458 2.0280 0.4561
0.7905 2.1888 0.4707
0.8184 2.2308 0.5000
0.8380 2.2587 0.5314
0.8771 2.2727 0.5649
0.8994 2.4056 0.5879
0.9330 2.5455 0.6213
0.9721 2.7133 0.6548
1.0000 2.7692 0.6904
