-0.8615 -0.0000 1.0000
-0.8479 0.0204 0.9867
-0.8331 0.0345 0.9768
-0.8202 0.0529 0.9664
-0.7996 0.0698 0.9525
-0.7874 0.0902 0.9392
-0.7713 0.1085 0.9282
-0.7597 0.1226 0.9200
-0.7436 0.1381 0.9102
-0.7300 0.1550 0.8969
-0.7120 0.1762 0.8853
-0.6991 0.1931 0.8725
-0.6849 0.2086 0.8633
-0.6727 0.2220 0.8540
-0.6566 0.2368 0.8430
-0.6411 0.2537 0.8308
-0.6244 0.2692 0.8187
-0.6121 0.2847 0.8082
-0.5960 0.3002 0.7978
-0.5825 0.3136 0.7856
-0.5631 0.3319 0.7711
-0.5490 0.3502 0.7590
-0.5309 0.3658 0.7480
-0.5168 0.3805 0.7381
-0.5000 0.3911 0.7277
-0.4839 0.4109 0.7144
-0.4652 0.4271 0.7016
-0.4497 0.4447 0.6895
-0.4311 0.4581 0.6790
-0.4143 0.4722 0.6686
-0.3937 0.4884 0.6541
-0.3756 0.5053 0.6419
-0.3550 0.5243 0.6263
-0.3357 0.5398 0.6136
-0.3131 0.5560 0.6025
-0.2951 0.5701 0.5910
-0.2732 0.5863 0.5776
-0.2539 0.5990 0.5643
-0.2320 0.6152 0.5533
-0.2113 0.6350 0.5417
-0.1888 0.6448 0.5307
-0.1720 0.6575 0.5180
-0.1521 0.6688 0.5075
-0.1321 0.6850 0.4936
-0.1128 0.6942 0.4844
-0.0941 0.7075 0.4739
-0.0754 0.7167 0.4641
-0.0567 0.7273 0.4548
-0.0380 0.7371 0.4455
-0.0213 0.7435 0.4357
0.0000 0.7555 0.4264
0.0213 0.7674 0.4160
0.0412 0.7794 0.4096
0.0625 0.7900 0.3980
0.0863 0.8027 0.3893
0.1095 0.8125 0.3795
0.1340 0.8182 0.3679
0.1572 0.8316 0.3563
0.1843 0.8436 0.3441
0.2094 0.8527 0.3337
0.2358 0.8654 0.3250
0.2610 0.8739 0.3152
0.2848 0.8816 0.3065
0.3086 0.8887 0.2961
0.3351 0.8992 0.2885
0.3602 0.9035 0.2781
0.3853 0.9133 0.2700
0.4091 0.9197 0.2601
0.4362 0.9225 0.2509
0.4613 0.9359 0.2428
0.4884 0.9387 0.2341
0.5161 0.9443 0.2248
0.5425 0.9528 0.2155
0.5715 0.9556 0.2063
0.6012 0.9619 0.1964
0.6282 0.9704 0.1848
0.6598 0.9718 0.1767
0.6888 0.9803 0.1651
0.7184 0.9824 0.1587
0.7487 0.9852 0.1483
0.7796 0.9880 0.1419
0.8099 0.9901 0.1321
0.8415 0.9908 0.1228
0.8711 0.9958 0.1153
0.9034 0.9958 0.1078
0.9356 0.9993 0.0968
0.9671 0.9979 0.0910
1.0000 0.9965 0.0823
1.0341 0.9979 0.0753
1.0670 1.0000 0.0684
1.1031 0.9937 0.0591
1.1353 0.9986 0.0521
1.1714 0.9930 0.0452
1.2068 0.9930 0.0353
1.2442 0.9922 0.0295
1.2816 0.9859 0.0232
1.3202 0.9824 0.0174
1.3563 0.9782 0.0104
1.3937 0.9704 0.0064
1.4285 0.9683 0.0000
