1.00000000 1.00000000 0.91231343
0.98169336 0.97142857 0.91977612
0.98855835 0.96071429 0.91791045
0.97025172 0.93214286 0.91791045
0.96338673 0.90178571 0.94029851
0.94965675 0.85357143 0.95708955
0.94279176 0.83035714 0.97388060
0.92677346 0.81250000 0.95335821
0.92219680 0.79642857 0.96082090
0.90617849 0.75535714 0.98134328
0.90160183 0.70714286 0.98880597
0.86956522 0.67857143 1.00000000
0.86498856 0.65535714 0.97574627
0.85812357 0.63214286 0.97574627
0.83981693 0.59821429 0.97761194
0.82837529 0.56428571 0.97201493
0.81235698 0.51428571 0.98880597
0.78947368 0.49285714 0.97014925
0.78718535 0.46785714 0.95708955
0.75972540 0.43392857 0.95149254
0.76430206 0.41071429 0.93843284
0.74370709 0.35178571 0.93470149
0.72768879 0.33750000 0.91791045
0.70709382 0.31607143 0.89179104
0.70251716 0.29107143 0.87873134
0.67276888 0.27321429 0.85261194
0.65675057 0.24464286 0.83582090
0.63386728 0.21428571 0.81902985
0.61098398 0.18571429 0.80037313
0.59038902 0.16428571 0.76679104
0.57894737 0.15178571 0.73320896
0.56292906 0.13571429 0.70335821
0.54233410 0.10892857 0.68656716
0.51945080 0.08571429 0.66044776
0.50572082 0.06964286 0.62873134
0.48054920 0.06250000 0.59888060
0.47139588 0.03928571 0.56716418
0.44851259 0.03392857 0.53358209
0.45080092 0.01428571 0.49813433
0.43249428 0.00000000 0.46641791
0.41647597 0.01607143 0.41977612
0.40045767 0.00357143 0.38805970
0.39359268 0.00178571 0.35261194
0.37070938 0.00535714 0.32462687
0.34782609 0.01071429 0.28358209
0.32951945 0.01071429 0.25000000
0.32265446 0.02142857 0.21828358
0.30434783 0.02500000 0.18097015
0.29290618 0.04107143 0.15485075
0.26544622 0.06250000 0.11753731
0.25171625 0.08035714 0.09328358
0.23340961 0.08928571 0.06902985
0.21510297 0.11785714 0.06156716
0.18306636 0.13392857 0.03358209
0.17391304 0.16071429 0.02611940
0.15560641 0.18214286 0.01119403
0.14874142 0.20892857 0.00932836
0.13272311 0.22857143 0.00932836
0.12356979 0.27142857 0.00000000
0.10526316 0.30178571 0.00000000
0.10297483 0.33392857 0.00932836
0.06636156 0.36071429 0.01305970
0.06407323 0.38571429 0.02052239
0.05720824 0.41785714 0.02611940
0.05720824 0.43392857 0.04291045
0.04805492 0.45357143 0.05970149
0.04805492 0.46964286 0.08582090
0.03661327 0.50892857 0.09328358
0.03661327 0.51607143 0.10820896
0.02974828 0.52678571 0.13432836
0.02745995 0.52857143 0.16791045
0.01601831 0.54285714 0.17723881
0.03203661 0.55178571 0.19216418
0.02745995 0.55357143 0.21082090
0.03661327 0.55000000 0.23320896
0.03203661 0.53928571 0.27238806
0.03890160 0.56785714 0.25559701
0.02517162 0.56071429 0.27798507
0.04118993 0.55535714 0.30223881
0.03432494 0.53571429 0.32649254
0.03661327 0.52142857 0.35074627
0.03432494 0.52678571 0.33768657
0.05263158 0.51964286 0.35447761
0.04118993 0.50357143 0.36194030
0.03890160 0.48928571 0.38805970
0.03661327 0.47142857 0.37873134
0.04118993 0.45357143 0.39552239
0.03890160 0.43571429 0.39365672
0.03661327 0.42321429 0.40671642
0.03432494 0.39107143 0.41417910
0.04118993 0.39107143 0.41044776
0.03661327 0.37142857 0.39925373
0.03890160 0.37142857 0.39738806
0.02059497 0.33571429 0.40111940
0.01830664 0.34107143 0.39738806
0.01601831 0.29285714 0.40298507
0.01601831 0.29285714 0.38619403
0.00000000 0.28571429 0.37500000
0.00686499 0.28035714 0.37126866
0.00915332 0.24642857 0.36753731
