0.7475 0.6402 0.7860
0.7637 0.6423 0.7990
0.7761 0.6406 0.8120
0.7948 0.6501 0.8221
0.8085 0.6501 0.8336
0.8159 0.6485 0.8492
0.8296 0.6439 0.8562
0.8545 0.6423 0.8692
0.8669 0.6406 0.8800
0.8794 0.6336 0.8971
0.8968 0.6319 0.9030
0.9030 0.6241 0.9175
0.9154 0.6175 0.9268
0.9241 0.6055 0.9424
0.9403 0.5964 0.9476
0.9515 0.5852 0.9591
0.9689 0.5732 0.9673
0.9677 0.5558 0.9785
0.9789 0.5418 0.9833
0.9876 0.5178 0.9915
0.9963 0.5025 0.9933
1.0000 0.4711 1.0000
0.9925 0.4529 0.9978
0.9975 0.4198 0.9996
0.9950 0.3974 0.9933
0.9813 0.3627 0.9915
0.9689 0.3371 0.9792
0.9565 0.2969 0.9692
0.9378 0.2734 0.9517
0.9229 0.2395 0.9335
0.9017 0.2089 0.9138
0.8843 0.1824 0.8860
0.8545 0.1514 0.8652
0.8284 0.1299 0.8295
0.8022 0.1001 0.8027
0.7873 0.0835 0.7634
0.7488 0.0567 0.7314
0.7177 0.0492 0.6906
0.6891 0.0265 0.6530
0.6530 0.0219 0.6133
0.6182 0.0070 0.5713
0.5858 0.0029 0.5319
0.5634 0.0000 0.4881
0.5286 0.0000 0.4532
0.4900 0.0095 0.4068
0.4614 0.0099 0.3726
0.4254 0.0252 0.3332
0.3868 0.0335 0.2994
0.3495 0.0542 0.2630
0.3284 0.0658 0.2292
0.2873 0.0926 0.1984
0.2600 0.1158 0.1642
0.2276 0.1402 0.1438
0.1965 0.1725 0.1103
0.1667 0.1969 0.0970
0.1393 0.2328 0.0684
0.1269 0.2593 0.0572
0.0983 0.2961 0.0401
0.0796 0.3275 0.0286
0.0572 0.3639 0.0204
0.0448 0.3987 0.0063
0.0299 0.4309 0.0089
0.0174 0.4628 0.0026
0.0162 0.4959 0.0026
0.0087 0.5294 0.0000
0.0075 0.5579 0.0063
0.0000 0.5885 0.0078
0.0100 0.6150 0.0126
0.0062 0.6443 0.0219
0.0162 0.6663 0.0312
0.0249 0.6902 0.0390
0.0373 0.7142 0.0438
0.0498 0.7353 0.0561
0.0684 0.7564 0.0669
0.0871 0.7738 0.0769
0.1095 0.7957 0.0832
0.1393 0.8085 0.0947
0.1716 0.8255 0.1077
0.2027 0.8404 0.1137
0.2326 0.8544 0.1248
0.2649 0.8689 0.1319
0.3010 0.8784 0.1464
0.3383 0.8912 0.1482
0.3756 0.8970 0.1638
0.4142 0.9082 0.1690
0.4527 0.9144 0.1805
0.4938 0.9272 0.1813
0.5336 0.9338 0.1943
0.5684 0.9421 0.2002
0.6169 0.9454 0.2084
0.6530 0.9553 0.2140
0.6940 0.9615 0.2140
0.7313 0.9640 0.2255
0.7761 0.9677 0.2225
0.8060 0.9723 0.2325
0.8445 0.9797 0.2322
0.8794 0.9822 0.2359
0.9266 0.9884 0.2333
0.9577 0.9926 0.2333
0.9900 1.0000 0.2370
