0.9913 1.0000 0.0118
0.9870 0.9908 0.0235
0.9848 0.9880 0.0000
0.9891 0.9760 0.0412
0.9913 0.9705 0.0235
0.9957 0.9622 0.0529
0.9935 0.9558 0.0471
0.9978 0.9419 0.0647
0.9891 0.9355 0.0706
0.9978 0.9226 0.1118
1.0000 0.9171 0.0941
0.9913 0.9014 0.1118
0.9913 0.8922 0.1059
0.9913 0.8829 0.1412
0.9957 0.8710 0.1353
0.9913 0.8599 0.1529
0.9913 0.8507 0.1588
0.9891 0.8359 0.1882
0.9913 0.8203 0.1941
0.9891 0.8055 0.2059
0.9848 0.7991 0.2118
0.9848 0.7889 0.2412
0.9804 0.7760 0.2529
0.9761 0.7613 0.2706
0.9717 0.7530 0.2765
0.9717 0.7382 0.3059
0.9630 0.7244 0.2824
0.9565 0.7106 0.2941
0.9522 0.7023 0.2941
0.9478 0.6912 0.3294
0.9348 0.6765 0.3059
0.9283 0.6636 0.3353
0.9239 0.6562 0.3353
0.9130 0.6424 0.3588
0.9065 0.6295 0.3471
0.8978 0.6120 0.3647
0.8870 0.6046 0.3588
0.8761 0.5945 0.3882
0.8609 0.5816 0.3706
0.8543 0.5650 0.4000
0.8435 0.5576 0.3706
0.8326 0.5484 0.4235
0.8152 0.5300 0.3824
0.8022 0.5171 0.4059
0.8022 0.5060 0.3882
0.7826 0.4968 0.4235
0.7696 0.4857 0.4176
0.7543 0.4737 0.4294
0.7435 0.4618 0.4118
0.7370 0.4479 0.4294
0.7152 0.4442 0.4118
0.7000 0.4332 0.4412
0.6870 0.4194 0.4235
0.6826 0.4083 0.4529
0.6674 0.4000 0.4353
0.6478 0.3926 0.4765
0.6304 0.3862 0.4412
0.6152 0.3733 0.4706
0.6022 0.3585 0.4529
0.5891 0.3502 0.5059
0.5739 0.3419 0.4647
0.5543 0.3336 0.4882
0.5370 0.3253 0.4706
0.5217 0.3106 0.5294
0.5043 0.3014 0.4882
0.4913 0.2949 0.5412
0.4761 0.2876 0.4882
0.4587 0.2793 0.5471
0.4500 0.2645 0.5176
0.4370 0.2544 0.5765
0.4130 0.2488 0.5647
0.3978 0.2406 0.5941
0.3739 0.2323 0.5765
0.3630 0.2203 0.6294
0.3500 0.2065 0.6118
0.3326 0.2000 0.6765
0.3065 0.1935 0.6353
0.2891 0.1862 0.7118
0.2717 0.1742 0.6882
0.2587 0.1604 0.7529
0.2348 0.1521 0.7176
0.2196 0.1438 0.7706
0.1957 0.1373 0.7412
0.1848 0.1263 0.7941
0.1587 0.1124 0.7706
0.1500 0.1041 0.8294
0.1261 0.0922 0.8059
0.1087 0.0857 0.8529
0.0935 0.0747 0.8235
0.0761 0.0636 0.8882
0.0565 0.0535 0.8588
0.0522 0.0461 0.9235
0.0391 0.0415 0.8941
0.0283 0.0323 0.9471
0.0196 0.0295 0.9118
0.0109 0.0240 0.9588
0.0043 0.0166 0.9353
0.0109 0.0083 0.9941
0.0000 0.0037 0.9353
0.0000 0.0000 1.0000
