0.97733711 1.00000000 0.04109589
0.97875354 0.99584200 0.04109589
0.98158640 0.98544699 0.03424658
0.98300283 0.99376299 0.04109589
0.98441926 0.99168399 0.03424658
0.98725212 0.99168399 0.02054795
0.98866856 0.98336798 0.03424658
0.99150142 0.99168399 0.02739726
0.99008499 0.98752599 0.03424658
0.99575071 0.98752599 0.00000000
0.99291785 0.98544699 0.04794521
1.00000000 0.98544699 0.00000000
0.99575071 0.97505198 0.03424658
0.99858357 0.98544699 0.00000000
0.99716714 0.97713098 0.02739726
0.99858357 0.98128898 0.00684932
0.99575071 0.97089397 0.04109589
0.99433428 0.96881497 0.02739726
0.99150142 0.96881497 0.05479452
0.99008499 0.95426195 0.05479452
0.99433428 0.95634096 0.04794521
0.99008499 0.94802495 0.03424658
0.98441926 0.94178794 0.06849315
0.98300283 0.93555094 0.04109589
0.97592068 0.91683992 0.06164384
0.97592068 0.92723493 0.04794521
0.97308782 0.91060291 0.06849315
0.97025496 0.91476091 0.06849315
0.96742210 0.90644491 0.09589041
0.96317280 0.90228690 0.09589041
0.95750708 0.89397089 0.10958904
0.95325779 0.88773389 0.10273973
0.94759207 0.87733888 0.13013699
0.94617564 0.86902287 0.11643836
0.93767705 0.86278586 0.15753425
0.93484419 0.86278586 0.13698630
0.92492918 0.83991684 0.17808219
0.92209632 0.83783784 0.16438356
0.91218130 0.81912682 0.19178082
0.90651558 0.80457380 0.17123288
0.89801700 0.79002079 0.19178082
0.89376771 0.78794179 0.19178082
0.88243626 0.76923077 0.21232877
0.87393768 0.76091476 0.21232877
0.86402266 0.74012474 0.23972603
0.85694051 0.73804574 0.24657534
0.84560907 0.72557173 0.28767123
0.83852691 0.71725572 0.28082192
0.82719547 0.69854470 0.30136986
0.81728045 0.68814969 0.28767123
0.80453258 0.66943867 0.34931507
0.80028329 0.66735967 0.33561644
0.78611898 0.64033264 0.36986301
0.78186969 0.62993763 0.34931507
0.76912181 0.60706861 0.37671233
0.76062323 0.59667360 0.38356164
0.74787535 0.57796258 0.39726027
0.73937677 0.57172557 0.39726027
0.72804533 0.55093555 0.43150685
0.71529745 0.53638254 0.43150685
0.69971671 0.51975052 0.46575342
0.69263456 0.50935551 0.45205479
0.67563739 0.48856549 0.51369863
0.65864023 0.46985447 0.49315068
0.63881020 0.45530146 0.54109589
0.63172805 0.43243243 0.52739726
0.61048159 0.41580042 0.56849315
0.59490085 0.40540541 0.54794521
0.58073654 0.38877339 0.56849315
0.56515581 0.37006237 0.59589041
0.54957507 0.35135135 0.60273973
0.52691218 0.34511435 0.60273973
0.50991501 0.33264033 0.64383562
0.49008499 0.31392931 0.65068493
0.47450425 0.29729730 0.67123288
0.46033994 0.28274428 0.67808219
0.44334278 0.26403326 0.70547945
0.42917847 0.25363825 0.66438356
0.41076487 0.23908524 0.71232877
0.39801700 0.23076923 0.69863014
0.37960340 0.20997921 0.71917808
0.36827195 0.20582121 0.72602740
0.34985836 0.18711019 0.76027397
0.33144476 0.18295218 0.76027397
0.31161473 0.15592516 0.78082192
0.29603399 0.15176715 0.80821918
0.27337110 0.13097713 0.82876712
0.25070822 0.12474012 0.81506849
0.23371105 0.10810811 0.84246575
0.21246459 0.10187110 0.82876712
0.19405099 0.08731809 0.87671233
0.17138810 0.08316008 0.86986301
0.14730878 0.06444906 0.92465753
0.12889518 0.05821206 0.91780822
0.09915014 0.03950104 0.95205479
0.08215297 0.03534304 0.95205479
0.05949008 0.02079002 0.98630137
0.03966006 0.01455301 0.97945205
0.02266289 0.00000000 0.99315068
0.00000000 0.00415800 1.00000000
