0.0000 0.0000 0.0000
0.0281 0.0192 0.0334
0.0462 0.0296 0.0699
0.0643 0.0453 0.1125
0.0803 0.0645 0.1641
0.1044 0.0801 0.1854
0.1265 0.0784 0.2280
0.1466 0.0958 0.2584
0.1586 0.1098 0.2979
0.1747 0.1341 0.3374
0.1888 0.1446 0.3739
0.2169 0.1568 0.4012
0.2269 0.1620 0.4438
0.2410 0.1969 0.4802
0.2570 0.2178 0.5228
0.2791 0.2300 0.5502
0.2952 0.2404 0.5745
0.3072 0.2613 0.5988
0.3133 0.2735 0.6292
0.3313 0.3049 0.6535
0.3434 0.3153 0.6869
0.3695 0.3380 0.7082
0.3795 0.3519 0.7325
0.3876 0.3780 0.7416
0.3976 0.3885 0.7751
0.4157 0.4146 0.7903
0.4257 0.4268 0.8237
0.4438 0.4495 0.8389
0.4518 0.4704 0.8480
0.4659 0.4895 0.8815
0.4880 0.4983 0.8936
0.4960 0.5226 0.9027
0.5020 0.5470 0.9240
0.5120 0.5627 0.9301
0.5281 0.5836 0.9514
0.5442 0.6080 0.9605
0.5522 0.6220 0.9726
0.5622 0.6429 0.9635
0.5663 0.6620 0.9818
0.5743 0.6794 0.9818
0.5904 0.6969 0.9939
0.6044 0.7195 0.9818
0.6104 0.7317 1.0000
0.6185 0.7509 0.9848
0.6325 0.7700 1.0000
0.6466 0.7927 0.9909
0.6526 0.7979 0.9970
0.6546 0.8171 0.9848
0.6606 0.8310 0.9970
0.6727 0.8432 0.9878
0.6908 0.8519 0.9878
0.6888 0.8711 0.9757
0.6928 0.8763 0.9787
0.7068 0.8955 0.9696
0.7249 0.9059 0.9726
0.7249 0.9199 0.9574
0.7329 0.9233 0.9544
0.7369 0.9355 0.9362
0.7490 0.9390 0.9422
0.7590 0.9495 0.9149
0.7671 0.9547 0.9119
0.7631 0.9582 0.8967
0.7771 0.9739 0.8997
0.7811 0.9704 0.8815
0.7932 0.9756 0.8815
0.7932 0.9843 0.8632
0.7972 0.9826 0.8693
0.8032 0.9895 0.8571
0.8112 0.9895 0.8632
0.8193 0.9878 0.8389
0.8293 1.0000 0.8359
0.8293 0.9983 0.8207
0.8394 0.9965 0.8328
0.8414 0.9913 0.8116
0.8534 0.9948 0.8176
0.8514 0.9948 0.8024
0.8574 0.9895 0.7994
0.8655 0.9895 0.7842
0.8695 0.9895 0.7903
0.8815 1.0000 0.7842
0.8956 0.9930 0.7629
0.8876 0.9913 0.7568
0.9036 0.9756 0.7599
0.9096 0.9704 0.7447
0.9177 0.9739 0.7477
0.9197 0.9704 0.7386
0.9297 0.9686 0.7416
0.9257 0.9617 0.7295
0.9357 0.9634 0.7416
0.9398 0.9564 0.7325
0.9498 0.9686 0.7386
0.9478 0.9564 0.7295
0.9578 0.9652 0.7295
0.9659 0.9460 0.7204
0.9759 0.9443 0.7356
0.9759 0.9390 0.7234
0.9880 0.9495 0.7356
0.9900 0.9408 0.7204
0.9960 0.9338 0.7204
1.0000 0.9321 0.7082
