0.00000000 0.02564103 0.92957746
0.01185771 0.02051282 1.00000000
0.00790514 0.02564103 0.95774648
0.01185771 0.02051282 1.00000000
0.02371542 0.03076923 0.95774648
0.02766798 0.01025641 0.98591549
0.02371542 0.00000000 0.91549296
0.03557312 0.00000000 0.94366197
0.03557312 0.02051282 0.88732394
0.04743083 0.01025641 0.98591549
0.06324111 0.03589744 0.88732394
0.07509881 0.04615385 0.91549296
0.07905138 0.06153846 0.87323944
0.09090909 0.04102564 0.90140845
0.08695652 0.05128205 0.87323944
0.10276680 0.03589744 0.87323944
0.10671937 0.06153846 0.84507042
0.12252964 0.06666667 0.87323944
0.13438735 0.09230769 0.85915493
0.14229249 0.09230769 0.90140845
0.14624506 0.10256410 0.83098592
0.16205534 0.10256410 0.87323944
0.16205534 0.13846154 0.83098592
0.17391304 0.14358974 0.83098592
0.18577075 0.18461538 0.78873239
0.20158103 0.17948718 0.81690141
0.20158103 0.20512821 0.78873239
0.22134387 0.19487179 0.77464789
0.22924901 0.20512821 0.77464789
0.24505929 0.21025641 0.76056338
0.26086957 0.21538462 0.71830986
0.28063241 0.23076923 0.74647887
0.28853755 0.25128205 0.70422535
0.30830040 0.24102564 0.70422535
0.31620553 0.26153846 0.63380282
0.33596838 0.26666667 0.64788732
0.34387352 0.30256410 0.61971831
0.35573123 0.31282051 0.61971831
0.35968379 0.33846154 0.60563380
0.36363636 0.33846154 0.59154930
0.36758893 0.37435897 0.54929577
0.38735178 0.37948718 0.59154930
0.39130435 0.42051282 0.56338028
0.39920949 0.40000000 0.56338028
0.40316206 0.41025641 0.53521127
0.41501976 0.38461538 0.57746479
0.42292490 0.41025641 0.57746479
0.44664032 0.41025641 0.60563380
0.44664032 0.41538462 0.60563380
0.46245059 0.41538462 0.61971831
0.45849802 0.40512821 0.57746479
0.47035573 0.42051282 0.61971831
0.48221344 0.44615385 0.56338028
0.49407115 0.44615385 0.57746479
0.49802372 0.47692308 0.54929577
0.49802372 0.46153846 0.54929577
0.50592885 0.50769231 0.50704225
0.52173913 0.51794872 0.50704225
0.53359684 0.53846154 0.47887324
0.54150198 0.52820513 0.52112676
0.56916996 0.55384615 0.43661972
0.56916996 0.53846154 0.46478873
0.57707510 0.55897436 0.43661972
0.59288538 0.56410256 0.46478873
0.60079051 0.56923077 0.40845070
0.61264822 0.54871795 0.42253521
0.62450593 0.56923077 0.38028169
0.64031621 0.57948718 0.43661972
0.64822134 0.60000000 0.39436620
0.66798419 0.60000000 0.38028169
0.67193676 0.61538462 0.33802817
0.68379447 0.63076923 0.36619718
0.69565217 0.67692308 0.33802817
0.71146245 0.68717949 0.35211268
0.71541502 0.70769231 0.32394366
0.72332016 0.73333333 0.32394366
0.72727273 0.75384615 0.28169014
0.74703557 0.75384615 0.32394366
0.75494071 0.75897436 0.28169014
0.76679842 0.73846154 0.33802817
0.77470356 0.76410256 0.30985915
0.79446640 0.75384615 0.30985915
0.81027668 0.76410256 0.28169014
0.81818182 0.74871795 0.32394366
0.81818182 0.78461538 0.26760563
0.83399209 0.80000000 0.23943662
0.84189723 0.82564103 0.21126761
0.85770751 0.83589744 0.25352113
0.86561265 0.87692308 0.18309859
0.88537549 0.88205128 0.14084507
0.89723320 0.89743590 0.15492958
0.90118577 0.89230769 0.15492958
0.91699605 0.91282051 0.11267606
0.93280632 0.91794872 0.09859155
0.95256917 0.92820513 0.05633803
0.96047431 0.92307692 0.08450704
0.96837945 0.94871795 0.02816901
0.98023715 0.98461538 0.01408451
0.98814229 1.00000000 0.01408451
1.00000000 0.98974359 0.00000000
