0.3750 0.4545 0.6667
0.0000 0.4545 0.6667
0.3750 0.2727 0.5833
0.1250 0.7273 0.7500
0.5000 0.4545 0.5000
0.1875 0.5455 0.7500
0.5625 0.0909 0.5000
0.1875 0.5455 0.5833
0.6875 0.3636 0.6667
0.2500 0.3636 0.6667
0.6875 0.0000 0.6667
0.2500 0.1818 0.7500
0.8125 0.0000 0.4167
0.3125 0.0909 0.5000
0.7500 0.0909 0.4167
0.3750 0.3636 0.6667
0.7500 0.2727 0.4167
0.4375 0.6364 0.5000
0.7500 0.8182 0.4167
0.5000 0.7273 0.4167
0.8125 0.8182 0.5000
0.4375 1.0000 0.4167
0.7500 0.9091 0.2500
0.3750 0.9091 0.1667
0.7500 0.7273 0.1667
0.3125 1.0000 0.2500
0.6875 0.8182 0.0833
0.3125 1.0000 0.1667
0.5625 0.5455 0.0833
0.1250 0.8182 0.0833
0.5000 0.6364 0.0000
0.1875 0.7273 0.0833
0.4375 0.5455 0.0833
0.1250 0.8182 0.0000
0.4375 0.7273 0.0833
0.2500 0.8182 0.3333
0.5625 0.7273 0.0833
0.4375 0.7273 0.1667
0.6875 0.5455 0.2500
0.4375 0.7273 0.4167
0.7500 0.8182 0.2500
0.4375 0.6364 0.4167
0.8125 0.7273 0.5000
0.5625 0.8182 0.4167
0.8750 0.4545 0.4167
0.5625 0.8182 0.4167
0.8750 0.4545 0.3333
0.5625 0.8182 0.6667
0.7500 0.4545 0.4167
0.6250 0.6364 0.5000
0.8125 0.6364 0.4167
0.5625 0.6364 0.5833
0.7500 0.6364 0.5000
0.5000 0.5455 0.5833
0.8750 0.5455 0.5000
0.5000 0.7273 0.5000
0.8125 0.5455 0.4167
0.5000 0.8182 0.5833
0.7500 0.4545 0.4167
0.5625 0.5455 0.5833
0.7500 0.5455 0.4167
0.5625 0.5455 1.0000
1.0000 0.6364 0.4167
0.6250 0.6364 0.5000
0.8125 0.5455 0.5000
0.6250 0.8182 0.5000
0.8125 0.4545 0.4167
0.6250 0.8182 0.5000
0.8750 0.4545 0.4167
0.6250 0.9091 0.5000
0.8125 0.7273 0.3333
0.6250 0.7273 0.5000
0.8125 0.7273 0.3333
0.6875 0.9091 0.2500
0.8125 0.2727 0.4167
0.6875 0.7273 0.3333
0.8125 0.5455 0.5000
0.6250 0.8182 0.5000
0.7500 0.3636 0.4167
0.6875 0.8182 0.4167
0.7500 0.6364 0.3333
0.6875 0.7273 0.5000
0.6875 0.8182 0.5833
0.6250 0.7273 0.5000
0.7500 0.6364 0.5000
0.6875 0.6364 0.4167
0.7500 0.6364 0.6667
0.6250 0.8182 0.5000
0.7500 0.4545 0.6667
0.6875 0.7273 0.5000
0.8125 0.5455 0.5833
0.6250 0.7273 0.5000
0.7500 0.5455 0.3333
0.6875 0.7273 0.5833
0.6875 0.6364 0.3333
0.7500 0.5455 0.5000
0.7500 0.7273 0.5000
0.6875 0.6364 0.5000
0.7500 0.4545 0.4167
0.5625 0.7273 0.5000
