1.00000000 0.00000000 0.00000000
0.97358491 0.01762115 0.05825243
0.96981132 0.03083700 0.06796117
0.93207547 0.05726872 0.10679612
0.92830189 0.07488987 0.12621359
0.90188679 0.06167401 0.11650485
0.89433962 0.08370044 0.15533981
0.87547170 0.10572687 0.19417476
0.86415094 0.11894273 0.19417476
0.84150943 0.15859031 0.23300971
0.82641509 0.18061674 0.22330097
0.80377358 0.21585903 0.30097087
0.78490566 0.25110132 0.28155340
0.76603774 0.27312775 0.31067961
0.75471698 0.30396476 0.30097087
0.72452830 0.33480176 0.34951456
0.72452830 0.35682819 0.33980583
0.69433962 0.35682819 0.36893204
0.69433962 0.37885463 0.39805825
0.66037736 0.39207048 0.40776699
0.66415094 0.40088106 0.40776699
0.63773585 0.39207048 0.44660194
0.62641509 0.40969163 0.46601942
0.61509434 0.42290749 0.47572816
0.61132075 0.40969163 0.48543689
0.59245283 0.41850220 0.51456311
0.57735849 0.42290749 0.46601942
0.56981132 0.43612335 0.52427184
0.55471698 0.45374449 0.52427184
0.54339623 0.45814978 0.55339806
0.53207547 0.48898678 0.57281553
0.51320755 0.52422907 0.60194175
0.50188679 0.55066079 0.60194175
0.47547170 0.56828194 0.61165049
0.46792453 0.59911894 0.65048544
0.45283019 0.63436123 0.66019417
0.43773585 0.62555066 0.65048544
0.40754717 0.64317181 0.66019417
0.40000000 0.64317181 0.66019417
0.38113208 0.66079295 0.67961165
0.36981132 0.66079295 0.66990291
0.35094340 0.64757709 0.74757282
0.35849057 0.66519824 0.67961165
0.33584906 0.67841410 0.74757282
0.32830189 0.70484581 0.72815534
0.30566038 0.70044053 0.76699029
0.30188679 0.70484581 0.76699029
0.28679245 0.73568282 0.78640777
0.28679245 0.74889868 0.77669903
0.27547170 0.77533040 0.80582524
0.27169811 0.75770925 0.81553398
0.25660377 0.77092511 0.83495146
0.24150943 0.76651982 0.83495146
0.23018868 0.77533040 0.85436893
0.21886792 0.77533040 0.86407767
0.20377358 0.78414097 0.86407767
0.20377358 0.79295154 0.86407767
0.19245283 0.79735683 0.87378641
0.18867925 0.79295154 0.87378641
0.16603774 0.81057269 0.88349515
0.17735849 0.82819383 0.88349515
0.15849057 0.83700441 0.89320388
0.15849057 0.84581498 0.90291262
0.13962264 0.85903084 0.89320388
0.13962264 0.86343612 0.89320388
0.12452830 0.87224670 0.90291262
0.12075472 0.87224670 0.88349515
0.11320755 0.88105727 0.92233010
0.10188679 0.88546256 0.91262136
0.09811321 0.89867841 0.92233010
0.09433962 0.89427313 0.92233010
0.07924528 0.91189427 0.94174757
0.08679245 0.92511013 0.94174757
0.07547170 0.92070485 0.93203883
0.07169811 0.92511013 0.95145631
0.06792453 0.92951542 0.94174757
0.06415094 0.93832599 0.96116505
0.06037736 0.95154185 0.95145631
0.05660377 0.94713656 0.95145631
0.05660377 0.96035242 0.97087379
0.05283019 0.99118943 0.94174757
0.03773585 0.97356828 0.97087379
0.04150943 0.96035242 0.97087379
0.03396226 0.98237885 0.96116505
0.03396226 0.97797357 0.97087379
0.02264151 0.97797357 0.95145631
0.02641509 0.98678414 0.99029126
0.01886792 0.99118943 0.96116505
0.01509434 0.98237885 0.98058252
0.01886792 0.99118943 0.98058252
0.01132075 0.99559471 0.96116505
0.00754717 0.97797357 0.99029126
0.02264151 1.00000000 0.97087379
0.00000000 0.98678414 0.97087379
0.00754717 0.99559471 0.97087379
0.00000000 0.99559471 0.95145631
0.00754717 0.99559471 1.00000000
0.01132075 0.99559471 0.94174757
0.00754717 0.99118943 0.96116505
0.01132075 1.00000000 0.96116505
