1.00000000 0.05917160 1.00000000
0.95864662 0.05029586 0.93846154
0.94360902 0.03550296 0.89846154
0.90225564 0.01479290 0.85230769
0.89097744 0.00000000 0.81538462
0.85714286 0.00887574 0.76307692
0.84210526 0.01183432 0.69538462
0.80827068 0.00887574 0.65846154
0.80451128 0.00295858 0.62153846
0.77819549 0.00295858 0.56923077
0.77443609 0.02662722 0.52000000
0.72180451 0.04437870 0.46153846
0.72556391 0.07396450 0.40615385
0.68045113 0.07100592 0.35692308
0.68045113 0.05917160 0.33846154
0.63909774 0.11242604 0.27384615
0.62406015 0.18639053 0.21538462
0.60526316 0.22189349 0.17538462
0.59022556 0.22781065 0.17846154
0.57142857 0.25147929 0.16307692
0.56015038 0.31065089 0.11692308
0.54135338 0.38757396 0.06461538
0.53759398 0.44378698 0.05230769
0.49624060 0.46153846 0.04923077
0.50751880 0.50295858 0.04615385
0.46616541 0.55029586 0.01538462
0.47368421 0.62426036 0.00615385
0.44360902 0.66568047 0.00000000
0.42481203 0.68934911 0.03692308
0.40977444 0.70710059 0.04923077
0.39473684 0.74852071 0.04307692
0.35714286 0.81360947 0.04000000
0.33082707 0.84319527 0.05230769
0.31203008 0.84911243 0.08307692
0.30451128 0.86094675 0.11076923
0.26691729 0.92603550 0.08615385
0.26691729 0.93786982 0.12923077
0.22932331 0.93491124 0.15692308
0.22932331 0.94970414 0.20307692
0.20676692 0.94082840 0.22461538
0.19548872 1.00000000 0.22769231
0.16165414 0.98816568 0.25230769
0.15789474 0.97337278 0.29230769
0.13533835 0.93786982 0.33230769
0.13533835 0.91420118 0.37846154
0.12406015 0.96153846 0.38153846
0.12781955 0.93491124 0.40307692
0.11278195 0.89644970 0.44615385
0.10902256 0.86094675 0.48000000
0.09022556 0.86390533 0.46153846
0.09774436 0.86390533 0.48615385
0.07518797 0.84911243 0.49230769
0.06766917 0.81656805 0.54153846
0.04135338 0.78994083 0.55384615
0.07518797 0.83136095 0.53538462
0.05639098 0.80177515 0.55076923
0.06766917 0.78402367 0.57846154
0.03759398 0.74260355 0.58769231
0.04887218 0.70414201 0.62769231
0.03759398 0.74852071 0.58153846
0.04887218 0.73076923 0.59076923
0.04887218 0.68343195 0.62461538
0.06390977 0.66568047 0.63384615
0.04887218 0.63609467 0.62461538
0.07518797 0.65384615 0.61538462
0.07142857 0.64497041 0.60615385
0.07518797 0.60650888 0.61538462
0.04135338 0.58875740 0.62153846
0.06015038 0.57988166 0.59692308
0.04135338 0.58284024 0.57538462
0.04887218 0.56804734 0.57538462
0.02255639 0.55325444 0.55692308
0.02631579 0.51183432 0.59076923
0.02255639 0.52958580 0.53230769
0.03007519 0.52366864 0.53230769
0.01127820 0.48520710 0.51384615
0.01503759 0.47928994 0.52000000
0.00000000 0.44970414 0.49846154
0.02255639 0.48520710 0.46461538
0.00751880 0.45857988 0.47076923
0.01879699 0.44674556 0.46461538
0.01879699 0.40828402 0.46153846
0.04135338 0.41715976 0.44307692
0.03007519 0.45562130 0.40307692
0.04887218 0.44674556 0.39692308
0.03759398 0.42899408 0.38461538
0.05263158 0.39053254 0.39692308
0.04511278 0.42899408 0.32923077
0.04887218 0.45266272 0.32000000
0.06390977 0.44970414 0.31692308
0.06390977 0.42899408 0.34153846
0.06766917 0.40828402 0.32923077
0.08270677 0.45266272 0.28000000
0.09398496 0.46449704 0.26461538
0.09398496 0.46153846 0.26769231
0.07142857 0.45562130 0.27076923
0.09022556 0.44970414 0.28615385
0.09774436 0.48224852 0.23384615
0.11278195 0.49112426 0.25230769
0.09774436 0.48520710 0.23692308
