0.88398154 0.00000000 0.22262248
0.89386948 0.01160660 0.21829971
0.90375742 0.02076970 0.20893372
0.91628214 0.03420892 0.20533141
0.93012525 0.04581552 0.19380403
0.93737640 0.05803299 0.18948127
0.95187871 0.06719609 0.17651297
0.96110745 0.07941356 0.16714697
0.97033619 0.09529627 0.15634006
0.97495056 0.10812462 0.14121037
0.98352011 0.11667685 0.12968300
0.99143045 0.13622480 0.11743516
0.99670402 0.15516188 0.10734870
0.99670402 0.17287721 0.09510086
0.99802241 0.19486866 0.08573487
1.00000000 0.21747098 0.07132565
0.99340804 0.23762981 0.05691643
0.98483850 0.25778864 0.04322767
0.98286091 0.28955406 0.03386167
0.96835860 0.31826512 0.02737752
0.95912986 0.34819792 0.01729107
0.94067238 0.37935247 0.01368876
0.92814766 0.41295052 0.00576369
0.90903098 0.44593769 0.00432277
0.88595913 0.47892486 0.00000000
0.86618326 0.52229688 0.00792507
0.84179301 0.56139279 0.01152738
0.81608438 0.59926695 0.02593660
0.79037574 0.63103238 0.03674352
0.76268952 0.67196090 0.05403458
0.73500330 0.70861332 0.07132565
0.70270270 0.74098962 0.09149856
0.67501648 0.77886378 0.11887608
0.64205669 0.81246182 0.14841499
0.61107449 0.84300550 0.17795389
0.57350033 0.86682957 0.21037464
0.54251813 0.89309713 0.24279539
0.50758075 0.91508858 0.27809798
0.47132498 0.93463653 0.31412104
0.43638761 0.94746487 0.35302594
0.40276862 0.96884545 0.38832853
0.36585366 0.97923030 0.42867435
0.33421226 0.98778253 0.46685879
0.29993408 0.98839340 0.50432277
0.26961107 0.99877825 0.54322767
0.23731048 1.00000000 0.57997118
0.20830587 0.99328039 0.61383285
0.18193804 0.99450214 0.65201729
0.15491101 0.98533903 0.68371758
0.12656559 0.98045205 0.71757925
0.10613052 0.95968235 0.74207493
0.08503626 0.95174099 0.77305476
0.06526038 0.92913867 0.79610951
0.04878049 0.91875382 0.82204611
0.03691496 0.89004276 0.84077810
0.02702703 0.87904704 0.86455331
0.01779829 0.85461210 0.87968300
0.00922874 0.83078803 0.89193084
0.00329598 0.81246182 0.90417867
0.00659196 0.79047037 0.91282421
0.00395517 0.77336591 0.91930836
0.00000000 0.75320709 0.92579251
0.00395517 0.73488088 0.93083573
0.00329598 0.72021991 0.93515850
0.00856955 0.70128283 0.93587896
0.01120633 0.68173488 0.92939481
0.01516150 0.66829566 0.93299712
0.02109426 0.66157605 0.93371758
0.02636783 0.64752596 0.93155620
0.02966381 0.64080635 0.93659942
0.04416612 0.63103238 0.93371758
0.04746210 0.61820403 0.93011527
0.05405405 0.60965180 0.92363112
0.06526038 0.60720831 0.92435159
0.07382993 0.60904093 0.92579251
0.08437706 0.60476481 0.92939481
0.09096902 0.59926695 0.92867435
0.10744891 0.59682346 0.93011527
0.11601846 0.59926695 0.93011527
0.12920237 0.59804520 0.93155620
0.13974951 0.60415394 0.93731988
0.15886618 0.61270617 0.94524496
0.17205010 0.61026268 0.94812680
0.18193804 0.60720831 0.95172911
0.19907713 0.61148442 0.96109510
0.21028345 0.62003665 0.96757925
0.22874094 0.61392792 0.96974063
0.23862887 0.61209530 0.97766571
0.25313118 0.61698228 0.98559078
0.26499670 0.61514966 0.99279539
0.27488464 0.60904093 0.99279539
0.28015821 0.60537569 1.00000000
0.29004614 0.60171045 0.99927954
0.29334212 0.59132560 0.99855908
0.29466051 0.58399511 0.99423631
0.29861569 0.58094075 0.99639769
0.29927488 0.57727550 0.99207493
0.30059328 0.56566891 0.98342939
0.29795649 0.55345144 0.97262248
0.30191167 0.55284056 0.96397695
