1.00000000 0.00000000 1.00000000
0.98408342 0.03338898 0.98557692
0.96981339 0.06343907 0.96153846
0.95444566 0.10684474 0.94711538
0.94072448 0.12854758 0.93509615
0.92535675 0.16360601 0.90625000
0.91108672 0.19365609 0.89182692
0.89571899 0.22036728 0.87500000
0.88090011 0.25375626 0.85096154
0.86553238 0.28046745 0.83173077
0.85071350 0.30884808 0.80528846
0.83534577 0.34390651 0.78125000
0.82217344 0.35893155 0.77163462
0.80625686 0.38898164 0.74519231
0.79363337 0.41068447 0.73557692
0.77991218 0.43739566 0.70192308
0.76344676 0.45575960 0.68028846
0.74862788 0.48414023 0.65865385
0.73326015 0.50250417 0.63701923
0.71844127 0.52921536 0.62019231
0.70417124 0.55091820 0.60576923
0.68935236 0.57095159 0.58413462
0.67508233 0.59766277 0.56250000
0.65806806 0.61435726 0.54326923
0.64544457 0.62938230 0.53125000
0.63007684 0.65275459 0.51201923
0.61416026 0.66444073 0.49519231
0.60098793 0.68948247 0.46634615
0.58616905 0.70617696 0.45192308
0.57080132 0.72454090 0.42548077
0.55817783 0.74457429 0.41105769
0.54281010 0.76126878 0.39423077
0.52854007 0.77295492 0.38221154
0.51427003 0.78797997 0.36538462
0.50054885 0.79966611 0.34375000
0.48682766 0.81803005 0.32932692
0.47200878 0.83472454 0.30528846
0.45718990 0.84307179 0.30048077
0.44346872 0.85642738 0.28365385
0.42810099 0.86978297 0.25961538
0.41328211 0.87646077 0.25240385
0.39901207 0.89315526 0.24519231
0.38419319 0.89649416 0.22596154
0.37047201 0.90818030 0.22115385
0.35729967 0.91986644 0.20192308
0.34357849 0.92821369 0.18509615
0.33205269 0.93656093 0.17307692
0.31833150 0.94991653 0.17307692
0.30406147 0.94657763 0.16105769
0.29198683 0.95826377 0.15865385
0.27991218 0.96828047 0.14423077
0.26619100 0.96994992 0.13221154
0.25356751 0.97996661 0.13221154
0.24094402 0.97996661 0.12019231
0.22777168 0.98831386 0.11298077
0.21569704 0.99666110 0.10096154
0.20197585 0.99499165 0.09134615
0.18770582 1.00000000 0.08894231
0.17508233 0.99833055 0.08653846
0.16136114 0.99165275 0.08413462
0.14873765 0.99833055 0.07451923
0.13501647 0.99833055 0.06730769
0.12019759 0.99833055 0.06009615
0.10976948 0.99833055 0.05048077
0.09989023 0.99332220 0.05048077
0.08946213 0.99499165 0.04086538
0.07574094 0.99165275 0.03605769
0.06531284 0.99499165 0.03125000
0.05653128 0.99499165 0.02644231
0.04720088 0.98998331 0.02644231
0.03896817 0.98163606 0.02403846
0.03238200 0.97829716 0.02163462
0.02524698 0.97495826 0.00961538
0.01975851 0.97829716 0.00961538
0.01372119 0.97495826 0.00721154
0.00823271 0.97161937 0.00721154
0.00439078 0.96828047 0.00480769
0.00274424 0.96994992 0.00721154
0.00054885 0.96661102 0.00240385
0.00054885 0.96994992 0.00000000
0.00000000 0.96661102 0.00240385
0.00000000 0.96494157 0.00961538
0.00109769 0.96828047 0.00480769
0.00219539 0.96494157 0.00721154
0.00274424 0.96327212 0.01201923
0.00384193 0.96661102 0.00961538
0.00439078 0.96327212 0.01442308
0.00548847 0.96160267 0.00961538
0.00603732 0.96327212 0.01442308
0.00658617 0.96160267 0.01201923
0.00658617 0.96327212 0.01201923
0.00548847 0.96160267 0.01201923
0.00658617 0.96661102 0.01201923
0.00603732 0.96494157 0.00721154
0.00603732 0.96160267 0.00721154
0.00603732 0.95993322 0.00961538
0.00603732 0.96661102 0.00721154
0.00603732 0.96494157 0.00721154
0.00603732 0.96828047 0.00961538
0.00603732 0.97161937 0.00961538
