0.28365385 0.00000000 0.24171123
0.25360577 0.02056908 0.20748663
0.21995192 0.03976688 0.17379679
0.19110577 0.06239287 0.14438503
0.16947115 0.08570449 0.11764706
0.14302885 0.10901611 0.09358289
0.12139423 0.13095646 0.07272727
0.10096154 0.15666781 0.05508021
0.08774038 0.18032225 0.03796791
0.06730769 0.20603360 0.02459893
0.04927885 0.23105931 0.01497326
0.03125000 0.25505656 0.01016043
0.02524038 0.27905382 0.00267380
0.01562500 0.30202263 0.00000000
0.01081731 0.32464861 0.00106952
0.00480769 0.34796023 0.00053476
0.00721154 0.36784368 0.00160428
0.00000000 0.38944121 0.01069519
0.00360577 0.40692492 0.01818182
0.00721154 0.42509427 0.03101604
0.01562500 0.44189236 0.03315508
0.02043269 0.46143298 0.04491979
0.03365385 0.47548852 0.05347594
0.04206731 0.48920123 0.07058824
0.05889423 0.50325677 0.07914439
0.06370192 0.51834076 0.09572193
0.08173077 0.53102503 0.10106952
0.09975962 0.54130956 0.12780749
0.12980769 0.55330819 0.12834225
0.14663462 0.56359273 0.14919786
0.18149038 0.57456291 0.15828877
0.20072115 0.58210490 0.18235294
0.23557692 0.59616044 0.18128342
0.26081731 0.60061707 0.20641711
0.29447115 0.61330134 0.21122995
0.33533654 0.61912924 0.22192513
0.36658654 0.62975660 0.23636364
0.39903846 0.63832705 0.23957219
0.43629808 0.64586904 0.26096257
0.47115385 0.65649640 0.25935829
0.50360577 0.66335276 0.28074866
0.53725962 0.67260884 0.27700535
0.58173077 0.67466575 0.29572193
0.61899038 0.68392184 0.29411765
0.65625000 0.68803565 0.30588235
0.68629808 0.69694892 0.30909091
0.72475962 0.70140555 0.31229947
0.75120192 0.70757628 0.31604278
0.78605769 0.71374700 0.31390374
0.81730769 0.72026054 0.32085561
0.85336538 0.72711690 0.32032086
0.87019231 0.73637299 0.32245989
0.90264423 0.74700034 0.31657754
0.91826923 0.75591361 0.32352941
0.94471154 0.76688378 0.32192513
0.94951923 0.78025369 0.32299465
0.97235577 0.79328077 0.32299465
0.98076923 0.80665067 0.32994652
1.00000000 0.81899212 0.33743316
0.98798077 0.83544738 0.34224599
0.99519231 0.85190264 0.35026738
0.98197115 0.86492972 0.36577540
0.98317308 0.87898526 0.38021390
0.96754808 0.89544052 0.38877005
0.96394231 0.90778197 0.41069519
0.95072115 0.91806651 0.43368984
0.94591346 0.93212204 0.45133690
0.93028846 0.94652040 0.46898396
0.91706731 0.95714775 0.48823529
0.90024038 0.96160439 0.52299465
0.89663462 0.96743229 0.54010695
0.88581731 0.97908810 0.56310160
0.88221154 0.98628728 0.57754011
0.87139423 0.98971546 0.60748663
0.86538462 0.99588618 0.62245989
0.85456731 0.99451491 0.65668449
0.85216346 0.99794309 0.67647059
0.84375000 0.99588618 0.70160428
0.84615385 1.00000000 0.71657754
0.84375000 0.99622900 0.74224599
0.83894231 0.99862873 0.76363636
0.83052885 0.99554337 0.78609626
0.82932692 0.99451491 0.80534759
0.82692308 0.98628728 0.82834225
0.82572115 0.98354474 0.85294118
0.82572115 0.98251628 0.85508021
0.82572115 0.97668838 0.88021390
0.81971154 0.97257456 0.89090909
0.82211538 0.96434693 0.91711230
0.81730769 0.96297566 0.92192513
0.82572115 0.95406239 0.94171123
0.82451923 0.95337676 0.94812834
0.82331731 0.94754885 0.95614973
0.82692308 0.94412067 0.97486631
0.82692308 0.94549194 0.96631016
0.81971154 0.93589304 0.98983957
0.81971154 0.94274940 0.97593583
0.82091346 0.93143641 0.99732620
0.82451923 0.93760713 0.99465241
0.81730769 0.93143641 1.00000000
