1.00000000 0.84812623 0.00000000
0.98051948 0.85009862 0.00746269
0.94805195 0.86587771 0.01958955
0.93506494 0.87179487 0.02798507
0.90909091 0.88165680 0.03451493
0.88961039 0.88560158 0.04944030
0.85714286 0.88757396 0.05970149
0.83116883 0.89349112 0.07182836
0.79870130 0.89940828 0.08488806
0.77922078 0.90927022 0.09608209
0.74675325 0.91124260 0.10354478
0.74025974 0.91913215 0.11194030
0.72077922 0.92702170 0.12126866
0.70779221 0.93688363 0.12873134
0.71428571 0.94674556 0.13992537
0.68831169 0.94871795 0.15018657
0.66883117 0.95857988 0.15951493
0.64935065 0.96449704 0.17164179
0.64285714 0.97238659 0.17910448
0.61038961 0.97041420 0.18936567
0.57792208 0.97435897 0.20615672
0.54545455 0.97041420 0.22201493
0.53896104 0.97238659 0.23600746
0.52597403 0.96449704 0.24813433
0.50000000 0.96844181 0.25932836
0.49350649 0.96646943 0.27145522
0.47402597 0.97633136 0.28451493
0.44805195 0.97830375 0.29384328
0.42857143 0.98422091 0.30597015
0.40909091 0.98816568 0.31716418
0.40259740 0.99013807 0.32649254
0.35714286 0.99408284 0.33768657
0.35064935 0.99605523 0.34794776
0.30519481 1.00000000 0.35914179
0.27272727 1.00000000 0.37313433
0.24675325 0.99605523 0.38712687
0.23376623 0.98619329 0.40391791
0.21428571 0.97633136 0.41697761
0.19480519 0.97041420 0.43190299
0.17532468 0.96646943 0.44402985
0.14935065 0.96646943 0.45988806
0.12987013 0.96252465 0.47014925
0.13636364 0.96252465 0.48320896
0.12337662 0.95266272 0.49253731
0.11038961 0.95266272 0.51026119
0.13636364 0.94871795 0.51492537
0.09090909 0.95463511 0.52798507
0.06493506 0.95069034 0.53731343
0.07142857 0.94082840 0.55130597
0.05844156 0.92702170 0.56716418
0.04545455 0.91518738 0.58022388
0.04545455 0.90532544 0.59048507
0.03896104 0.90138067 0.60634328
0.01948052 0.89546351 0.61940299
0.03896104 0.87771203 0.63152985
0.03896104 0.85798817 0.64272388
0.04545455 0.84418146 0.65951493
0.01298701 0.83431953 0.66791045
0.03896104 0.83826430 0.68003731
0.00000000 0.83629191 0.68563433
0.01298701 0.82051282 0.69962687
0.01298701 0.80473373 0.70895522
0.00649351 0.78895464 0.72294776
0.01298701 0.78106509 0.73227612
0.02597403 0.77514793 0.74533582
0.01948052 0.76134122 0.75279851
0.03896104 0.74556213 0.76585821
0.05844156 0.72189349 0.77425373
0.06493506 0.70019724 0.78917910
0.06493506 0.68244576 0.79944030
0.09090909 0.66863905 0.80876866
0.07792208 0.65877712 0.81436567
0.09740260 0.64891519 0.82369403
0.08441558 0.62524655 0.83302239
0.11038961 0.59368836 0.84514925
0.09740260 0.57988166 0.85354478
0.12337662 0.56804734 0.86287313
0.12987013 0.55226824 0.86753731
0.14285714 0.53846154 0.87593284
0.14935065 0.51084813 0.88246269
0.16883117 0.47928994 0.89552239
0.16233766 0.45562130 0.90298507
0.19480519 0.43589744 0.91138060
0.18181818 0.42406312 0.91138060
0.19480519 0.40631164 0.91884328
0.18831169 0.37080868 0.92630597
0.19480519 0.33925049 0.94123134
0.20129870 0.31558185 0.94682836
0.22727273 0.29388560 0.94962687
0.23376623 0.28402367 0.95149254
0.27922078 0.25246548 0.95708955
0.27922078 0.22682446 0.96455224
0.30519481 0.18145957 0.97667910
0.31818182 0.16173570 0.97854478
0.33766234 0.14595661 0.98507463
0.38961039 0.14003945 0.97947761
0.37012987 0.11242604 0.98507463
0.35714286 0.07297830 0.98973881
0.38961039 0.02958580 1.00000000
0.39610390 0.00000000 0.99906716
