0.0000 0.0061 0.0011
0.0145 0.0000 0.0000
0.0218 0.0020 0.0123
0.0460 0.0000 0.0089
0.0630 0.0061 0.0101
0.0726 0.0246 0.0067
0.0944 0.0287 0.0078
0.1090 0.0410 0.0134
0.1211 0.0451 0.0223
0.1380 0.0492 0.0246
0.1501 0.0697 0.0257
0.1768 0.0881 0.0257
0.2034 0.1189 0.0246
0.2228 0.1209 0.0391
0.2446 0.1311 0.0480
0.2567 0.1434 0.0503
0.2809 0.1824 0.0447
0.3075 0.2070 0.0425
0.3245 0.2254 0.0536
0.3341 0.2336 0.0670
0.3584 0.2623 0.0737
0.3753 0.2848 0.0771
0.4019 0.3217 0.0793
0.4358 0.3402 0.0804
0.4576 0.3525 0.0983
0.4794 0.3627 0.1084
0.4915 0.3934 0.1140
0.5036 0.4160 0.1162
0.5351 0.4488 0.1151
0.5472 0.4693 0.1318
0.5617 0.4775 0.1520
0.5738 0.4898 0.1598
0.6005 0.5205 0.1709
0.6223 0.5471 0.1665
0.6441 0.5697 0.1765
0.6610 0.5758 0.2000
0.6634 0.5738 0.2168
0.6852 0.5943 0.2257
0.6973 0.6148 0.2302
0.7167 0.6455 0.2313
0.7337 0.6660 0.2458
0.7361 0.6598 0.2648
0.7554 0.6680 0.2771
0.7700 0.6906 0.2872
0.7966 0.7131 0.2872
0.8354 0.7418 0.2849
0.8208 0.7377 0.3050
0.8329 0.7418 0.3229
0.8354 0.7336 0.3374
0.8499 0.7480 0.3385
0.8741 0.7869 0.3330
0.8765 0.7951 0.3441
0.8814 0.7930 0.3698
0.8910 0.7869 0.3844
0.9031 0.7951 0.3933
0.9201 0.8217 0.3888
0.9395 0.8525 0.3933
0.9419 0.8586 0.4067
0.9370 0.8566 0.4246
0.9370 0.8586 0.4402
0.9419 0.8955 0.4358
0.9637 0.9221 0.4346
0.9685 0.9324 0.4503
0.9661 0.9201 0.4737
0.9734 0.9262 0.4838
0.9758 0.9344 0.4838
1.0000 0.9611 0.4827
0.9903 0.9754 0.4983
0.9831 0.9611 0.5207
0.9758 0.9508 0.5341
0.9734 0.9549 0.5508
0.9806 0.9836 0.5475
0.9976 0.9980 0.5553
0.9903 0.9959 0.5754
0.9782 0.9816 0.5922
0.9709 0.9631 0.6212
0.9685 0.9836 0.6179
0.9734 0.9918 0.6268
0.9564 1.0000 0.6458
0.9370 0.9836 0.6670
0.9249 0.9816 0.6849
0.9201 0.9734 0.7017
0.9322 0.9816 0.7095
0.9128 0.9775 0.7285
0.9104 0.9693 0.7453
0.8959 0.9570 0.7665
0.8862 0.9447 0.7832
0.8862 0.9426 0.7933
0.8741 0.9426 0.8156
0.8571 0.9324 0.8346
0.8499 0.9180 0.8581
0.8547 0.9098 0.8715
0.8596 0.9119 0.8827
0.8523 0.8852 0.9050
0.8523 0.8566 0.9307
0.8450 0.8422 0.9486
0.8475 0.8381 0.9564
0.8450 0.8320 0.9598
0.8475 0.8074 0.9855
0.8354 0.7787 1.0000
