0.90615385 0.14847162 1.00000000
0.89384615 0.20087336 0.99120235
0.89846154 0.22270742 0.96774194
0.88000000 0.19213974 0.96774194
0.89076923 0.18340611 0.95601173
0.89076923 0.19650655 0.91788856
0.88769231 0.22270742 0.90909091
0.86923077 0.20087336 0.90029326
0.87076923 0.19650655 0.87683284
0.86923077 0.23580786 0.85630499
0.87384615 0.26200873 0.83870968
0.85846154 0.25764192 0.84457478
0.87384615 0.22707424 0.82404692
0.86615385 0.27510917 0.80645161
0.88615385 0.31877729 0.76832845
0.86923077 0.28820961 0.78299120
0.88461538 0.25764192 0.76832845
0.85692308 0.27947598 0.75073314
0.89384615 0.28384279 0.72434018
0.88000000 0.29257642 0.72727273
0.90461538 0.27510917 0.72727273
0.87846154 0.25764192 0.73313783
0.90769231 0.25327511 0.69501466
0.88461538 0.27510917 0.68621701
0.91076923 0.24454148 0.68035191
0.88307692 0.22707424 0.68621701
0.90769231 0.21397380 0.67448680
0.88923077 0.20087336 0.66568915
0.92615385 0.20524017 0.66568915
0.89538462 0.18340611 0.66862170
0.92153846 0.19650655 0.67741935
0.89384615 0.12663755 0.66862170
0.92307692 0.18340611 0.67741935
0.89384615 0.09606987 0.65982405
0.91538462 0.14410480 0.67741935
0.89076923 0.06550218 0.65982405
0.91538462 0.14410480 0.67741935
0.88923077 0.00873362 0.66568915
0.90923077 0.11790393 0.68328446
0.88769231 0.00436681 0.65982405
0.90000000 0.14410480 0.68035191
0.88769231 0.00000000 0.64809384
0.89846154 0.12663755 0.68621701
0.88769231 0.01746725 0.65102639
0.89846154 0.15283843 0.68621701
0.90153846 0.05676856 0.65102639
0.91384615 0.17467249 0.69501466
0.90307692 0.04366812 0.66568915
0.92153846 0.16157205 0.70967742
0.91538462 0.12227074 0.65102639
0.94000000 0.22270742 0.70381232
0.92461538 0.15283843 0.67448680
0.94461538 0.20087336 0.72140762
0.93384615 0.18340611 0.67155425
0.97230769 0.19650655 0.72140762
0.96153846 0.20524017 0.68621701
0.98923077 0.22270742 0.71260997
0.95846154 0.23144105 0.68328446
0.98923077 0.24454148 0.70087977
0.97230769 0.26637555 0.65689150
1.00000000 0.25327511 0.68621701
0.96769231 0.28820961 0.65102639
0.98307692 0.27074236 0.67741935
0.96153846 0.31877729 0.63343109
0.97846154 0.30131004 0.64516129
0.94615385 0.31441048 0.61583578
0.95384615 0.25764192 0.61583578
0.91692308 0.31004367 0.58064516
0.92615385 0.29257642 0.57478006
0.88923077 0.36244541 0.53665689
0.88769231 0.33624454 0.53665689
0.84461538 0.36244541 0.50733138
0.83538462 0.34061135 0.50733138
0.80461538 0.40174672 0.46334311
0.80153846 0.42794760 0.43401760
0.75230769 0.45851528 0.41055718
0.73384615 0.42358079 0.39589443
0.68769231 0.44104803 0.36950147
0.67384615 0.45414847 0.32844575
0.63230769 0.57205240 0.28152493
0.60923077 0.55021834 0.27272727
0.55692308 0.55458515 0.26392962
0.54153846 0.51965066 0.24926686
0.49692308 0.58951965 0.20527859
0.48461538 0.62882096 0.17302053
0.44000000 0.66812227 0.15542522
0.40923077 0.65502183 0.14956012
0.36153846 0.64628821 0.13782991
0.33538462 0.67248908 0.10263930
0.30615385 0.78165939 0.07624633
0.29230769 0.81222707 0.04692082
0.24615385 0.83842795 0.04692082
0.22307692 0.83842795 0.05278592
0.18769231 0.86026201 0.03812317
0.16153846 0.92576419 0.02052786
0.13384615 0.95633188 0.00000000
0.10769231 0.99126638 0.00000000
0.06307692 0.99126638 0.01759531
0.03230769 0.96943231 0.02639296
0.00000000 1.00000000 0.03225806
