1.00000000 0.02083333 0.00564972
0.99576271 0.03125000 0.00564972
0.96186441 0.03125000 0.00000000
0.95338983 0.03645833 0.00000000
0.91525424 0.02083333 0.00000000
0.89830508 0.00000000 0.01694915
0.83474576 0.00000000 0.00564972
0.83474576 0.02083333 0.00564972
0.79661017 0.04687500 0.00564972
0.77966102 0.03645833 0.01129944
0.72881356 0.01041667 0.02259887
0.73305085 0.03125000 0.02824859
0.68644068 0.04687500 0.02824859
0.69491525 0.04166667 0.02824859
0.63983051 0.07291667 0.03954802
0.62288136 0.05729167 0.05084746
0.56779661 0.05729167 0.04519774
0.58474576 0.08854167 0.05084746
0.53389831 0.11979167 0.05649718
0.52966102 0.09895833 0.06779661
0.47881356 0.08854167 0.07344633
0.47033898 0.11979167 0.09039548
0.42796610 0.11979167 0.06779661
0.44067797 0.15625000 0.09039548
0.39406780 0.14583333 0.08474576
0.38559322 0.15625000 0.09604520
0.34322034 0.15625000 0.10169492
0.34322034 0.21354167 0.11299435
0.30508475 0.21875000 0.10734463
0.30932203 0.22916667 0.11864407
0.25423729 0.22395833 0.12994350
0.26694915 0.23958333 0.15254237
0.22457627 0.27083333 0.14689266
0.25000000 0.30729167 0.17514124
0.21610169 0.30208333 0.17514124
0.22457627 0.31250000 0.22033898
0.17796610 0.33854167 0.22033898
0.18644068 0.35937500 0.23728814
0.15677966 0.38020833 0.24293785
0.16525424 0.36458333 0.25423729
0.13135593 0.37500000 0.27683616
0.13983051 0.40104167 0.29943503
0.09745763 0.40625000 0.30508475
0.12711864 0.43750000 0.29378531
0.09322034 0.45833333 0.32768362
0.12288136 0.48437500 0.31638418
0.08898305 0.47916667 0.33898305
0.09322034 0.47395833 0.35593220
0.07203390 0.50000000 0.36723164
0.08898305 0.51041667 0.37288136
0.05508475 0.52083333 0.38418079
0.07627119 0.54166667 0.42372881
0.05084746 0.54687500 0.42937853
0.07627119 0.55729167 0.43502825
0.05084746 0.59375000 0.45197740
0.06355932 0.59895833 0.48022599
0.03389831 0.61458333 0.48587571
0.04661017 0.63020833 0.50282486
0.02542373 0.65104167 0.50847458
0.03813559 0.65625000 0.53672316
0.01271186 0.66666667 0.55367232
0.01271186 0.67187500 0.57062147
0.00000000 0.69791667 0.56497175
0.01271186 0.72395833 0.59322034
0.00000000 0.73437500 0.59322034
0.01694915 0.75520833 0.63276836
0.00847458 0.76562500 0.63841808
0.02542373 0.77083333 0.64971751
0.00423729 0.82812500 0.64971751
0.02966102 0.84375000 0.67796610
0.01694915 0.84375000 0.69491525
0.02966102 0.84895833 0.71186441
0.04237288 0.86458333 0.71186441
0.06779661 0.90104167 0.72316384
0.07627119 0.91666667 0.74011299
0.09745763 0.91666667 0.76836158
0.09745763 0.90625000 0.77966102
0.12288136 0.91666667 0.79096045
0.14830508 0.95312500 0.77401130
0.16525424 0.95833333 0.80225989
0.19067797 0.96875000 0.80225989
0.21186441 0.95312500 0.83050847
0.24152542 0.95833333 0.80790960
0.27966102 0.99479167 0.83615819
0.30932203 1.00000000 0.83615819
0.33474576 0.99479167 0.84180791
0.36016949 0.94270833 0.86440678
0.39406780 0.93229167 0.87005650
0.41949153 0.94270833 0.88135593
0.47033898 0.95833333 0.89830508
0.49152542 0.97395833 0.89265537
0.52542373 0.95312500 0.90960452
0.55508475 0.92708333 0.92655367
0.57203390 0.92187500 0.92655367
0.61440678 0.91145833 0.96045198
0.66949153 0.95833333 0.94350282
0.66101695 0.94270833 0.94915254
0.68644068 0.90625000 0.96610169
0.71186441 0.88020833 0.97740113
0.72881356 0.86458333 1.00000000
