1.0000 0.0000 0.2632
0.9798 0.0068 0.1579
0.9613 0.0204 0.3684
0.9394 0.0272 0.2105
0.9192 0.0374 0.4211
0.8956 0.0612 0.3684
0.8754 0.0748 0.4737
0.8552 0.0884 0.4737
0.8350 0.0918 0.5263
0.8165 0.1122 0.4737
0.8030 0.1224 0.6842
0.7811 0.1327 0.5789
0.7660 0.1565 0.8421
0.7492 0.1769 0.6842
0.7357 0.1871 0.9474
0.7205 0.2007 0.9474
0.6987 0.2245 1.0000
0.6801 0.2381 0.7895
0.6684 0.2483 0.8421
0.6448 0.2619 0.7895
0.6313 0.2789 0.7368
0.6077 0.2891 0.8421
0.5909 0.3095 0.7895
0.5673 0.3299 0.8947
0.5471 0.3333 1.0000
0.5337 0.3639 0.6842
0.5118 0.3878 0.7368
0.4916 0.4048 0.4737
0.4731 0.4252 0.6316
0.4562 0.4456 0.4211
0.4394 0.4490 0.5789
0.4175 0.4762 0.4737
0.4057 0.4898 0.5263
0.3838 0.5170 0.4737
0.3704 0.5340 0.4211
0.3502 0.5578 0.2632
0.3333 0.5782 0.2632
0.3098 0.5986 0.2632
0.2963 0.6156 0.2632
0.2710 0.6327 0.1579
0.2542 0.6531 0.3684
0.2340 0.6769 0.1579
0.2138 0.7109 0.1579
0.1886 0.7415 0.1053
0.1734 0.7653 0.0526
0.1515 0.7789 0.0526
0.1364 0.8027 0.0000
0.1128 0.8197 0.1053
0.1027 0.8537 0.0000
0.0859 0.8741 0.1053
0.0724 0.9014 0.0526
0.0572 0.9048 0.0000
0.0488 0.9150 0.0526
0.0387 0.9490 0.1579
0.0320 0.9524 0.1053
0.0236 0.9694 0.2105
0.0236 0.9694 0.3684
0.0236 0.9762 0.4737
0.0269 0.9898 0.4211
0.0202 0.9864 0.5263
0.0236 0.9932 0.5789
0.0185 0.9898 0.4737
0.0219 1.0000 0.5789
0.0202 1.0000 0.6316
0.0269 0.9898 0.5263
0.0253 0.9932 0.5789
0.0269 0.9762 0.6316
0.0236 0.9830 0.7368
0.0286 0.9762 0.6316
0.0219 0.9864 0.7368
0.0236 0.9762 0.7368
0.0219 0.9694 0.7368
0.0202 0.9796 0.7368
0.0168 0.9762 0.7895
0.0219 0.9694 1.0000
0.0202 0.9864 0.8421
0.0185 0.9830 0.7895
0.0135 0.9830 0.7895
0.0202 0.9830 0.7895
0.0152 0.9762 0.7895
0.0253 0.9796 0.7895
0.0202 0.9728 0.7895
0.0236 0.9830 0.7368
0.0185 0.9762 0.7895
0.0253 0.9830 0.7895
0.0202 0.9796 0.7368
0.0286 0.9626 0.6316
0.0202 0.9694 0.7895
0.0269 0.9762 0.6316
0.0185 0.9694 0.6842
0.0253 0.9762 0.6842
0.0152 0.9694 0.5789
0.0202 0.9762 0.6316
0.0101 0.9694 0.5263
0.0101 0.9728 0.3158
0.0017 0.9694 0.2632
0.0084 0.9694 0.3158
0.0000 0.9694 0.3684
0.0084 0.9660 0.2105
0.0000 0.9694 0.4211
