0.00000000 0.00000000 0.15432099
0.00530973 0.02745665 0.12345679
0.01106195 0.06069364 0.11728395
0.01637168 0.09104046 0.08641975
0.02256637 0.12427746 0.09259259
0.02920354 0.15028902 0.06790123
0.03539823 0.17919075 0.06172840
0.04026549 0.20953757 0.06172840
0.04690265 0.23265896 0.03703704
0.05353982 0.25867052 0.05555556
0.05929204 0.28757225 0.03703704
0.06814159 0.31069364 0.00617284
0.07477876 0.33815029 0.00000000
0.08185841 0.36560694 0.00000000
0.09026549 0.38872832 0.00617284
0.09601770 0.41184971 0.00000000
0.10486726 0.43786127 0.01234568
0.11194690 0.45664740 0.01234568
0.11946903 0.48121387 0.02469136
0.12831858 0.50578035 0.00617284
0.13672566 0.52890173 0.01851852
0.14557522 0.54768786 0.01234568
0.15442478 0.57080925 0.01851852
0.16238938 0.58815029 0.00000000
0.17212389 0.61127168 0.04320988
0.17964602 0.62716763 0.03086420
0.18761062 0.64161850 0.05555556
0.19601770 0.65895954 0.04320988
0.20530973 0.67774566 0.03703704
0.21504425 0.69219653 0.04938272
0.22522124 0.71242775 0.06790123
0.23407080 0.72832370 0.08024691
0.24380531 0.74566474 0.10493827
0.25353982 0.75867052 0.11111111
0.26504425 0.76878613 0.14197531
0.27433628 0.78901734 0.13580247
0.28495575 0.80202312 0.16666667
0.29646018 0.81791908 0.16049383
0.30575221 0.82803468 0.17283951
0.31592920 0.84248555 0.19753086
0.32876106 0.85693642 0.19135802
0.33805310 0.86705202 0.20987654
0.34778761 0.88005780 0.22222222
0.35929204 0.89161850 0.23456790
0.36991150 0.90028902 0.25308642
0.38097345 0.91473988 0.25925926
0.39292035 0.92052023 0.26543210
0.40353982 0.93208092 0.29629630
0.41504425 0.93786127 0.31481481
0.42566372 0.94653179 0.33333333
0.43849558 0.95375723 0.35185185
0.45000000 0.96098266 0.36419753
0.46106195 0.96531792 0.38271605
0.47168142 0.97254335 0.37654321
0.48362832 0.97832370 0.40740741
0.49513274 0.97976879 0.40123457
0.50663717 0.98843931 0.41358025
0.51769912 0.98988439 0.44444444
0.53008850 0.98988439 0.44444444
0.54159292 0.99855491 0.48148148
0.55176991 0.99566474 0.50617284
0.56327434 0.99855491 0.53703704
0.57477876 0.99421965 0.56790123
0.58628319 0.99421965 0.57407407
0.59823009 0.99710983 0.60493827
0.60973451 1.00000000 0.60493827
0.62079646 0.98988439 0.61111111
0.63362832 0.98988439 0.62345679
0.64557522 0.98554913 0.64197531
0.65840708 0.98699422 0.67283951
0.66991150 0.98265896 0.69135802
0.68097345 0.97543353 0.70370370
0.69292035 0.96965318 0.68518519
0.70442478 0.96820809 0.69135802
0.71725664 0.96098266 0.70370370
0.72699115 0.96242775 0.74691358
0.74070796 0.94653179 0.75308642
0.75132743 0.94219653 0.76543210
0.76106195 0.93352601 0.79629630
0.77345133 0.92341040 0.79629630
0.78362832 0.91184971 0.82716049
0.79557522 0.90173410 0.82716049
0.80929204 0.88583815 0.84567901
0.81858407 0.87861272 0.83950617
0.83141593 0.86560694 0.84567901
0.84247788 0.85404624 0.85802469
0.85442478 0.83381503 0.87037037
0.86637168 0.81936416 0.89506173
0.87743363 0.79913295 0.90123457
0.88893805 0.78468208 0.93827160
0.90221239 0.76589595 0.91358025
0.91194690 0.74855491 0.91358025
0.92345133 0.73121387 0.91358025
0.93407080 0.71098266 0.93209877
0.94601770 0.69075145 0.94444444
0.95619469 0.67485549 0.97530864
0.96681416 0.64739884 0.99382716
0.97831858 0.62427746 0.99382716
0.98761062 0.60404624 0.99382716
1.00000000 0.57658960 1.00000000
