0.69902913 0.00000000 0.00000000
0.69902913 0.01393728 0.01310861
0.67961165 0.01916376 0.01498127
0.69902913 0.03658537 0.01685393
0.70873786 0.04355401 0.01872659
0.72815534 0.04181185 0.01872659
0.73786408 0.05400697 0.02434457
0.78640777 0.06445993 0.02247191
0.77669903 0.06445993 0.02621723
0.82524272 0.08188153 0.02996255
0.81553398 0.09407666 0.02996255
0.82524272 0.10104530 0.02996255
0.84466019 0.11149826 0.03558052
0.86407767 0.12369338 0.03558052
0.89320388 0.12717770 0.03558052
0.90291262 0.13588850 0.03370787
0.93203883 0.14459930 0.03932584
0.93203883 0.15331010 0.04681648
0.91262136 0.16376307 0.05430712
0.91262136 0.18118467 0.06179775
0.93203883 0.18641115 0.06554307
0.90291262 0.20209059 0.06928839
0.89320388 0.20905923 0.08239700
0.89320388 0.22125436 0.08052434
0.88349515 0.23344948 0.08988764
0.90291262 0.24738676 0.09737828
0.90291262 0.24738676 0.10112360
0.89320388 0.26480836 0.10674157
0.91262136 0.27700348 0.11610487
0.89320388 0.28397213 0.12734082
0.96116505 0.29965157 0.12359551
0.95145631 0.31358885 0.12546816
0.94174757 0.31358885 0.13483146
0.95145631 0.32926829 0.13108614
0.97087379 0.33449477 0.14419476
0.98058252 0.34494774 0.14794007
1.00000000 0.36062718 0.14794007
0.98058252 0.37456446 0.16292135
0.96116505 0.38153310 0.17415730
0.96116505 0.39721254 0.18726592
0.93203883 0.40243902 0.18726592
0.92233010 0.41463415 0.19850187
0.91262136 0.42682927 0.20037453
0.92233010 0.43902439 0.20599251
0.92233010 0.45644599 0.21535581
0.91262136 0.47560976 0.21910112
0.89320388 0.47909408 0.23408240
0.88349515 0.49477352 0.24531835
0.87378641 0.50174216 0.24531835
0.88349515 0.51916376 0.25655431
0.90291262 0.53310105 0.25842697
0.91262136 0.54355401 0.27340824
0.90291262 0.55923345 0.27902622
0.91262136 0.57142857 0.28651685
0.88349515 0.58188153 0.29962547
0.88349515 0.59407666 0.31647940
0.85436893 0.59930314 0.32584270
0.83495146 0.61846690 0.33895131
0.82524272 0.62717770 0.34831461
0.79611650 0.64285714 0.36329588
0.81553398 0.65853659 0.36704120
0.78640777 0.67770035 0.38202247
0.75728155 0.68989547 0.39325843
0.73786408 0.69686411 0.41385768
0.69902913 0.70209059 0.42134831
0.70873786 0.71602787 0.43632959
0.70873786 0.72473868 0.44382022
0.69902913 0.73867596 0.45505618
0.70873786 0.74912892 0.47191011
0.69902913 0.76306620 0.48689139
0.68932039 0.77003484 0.49812734
0.67961165 0.77177700 0.51498127
0.64077670 0.78571429 0.52996255
0.61165049 0.79616725 0.54119850
0.55339806 0.80487805 0.55430712
0.52427184 0.82055749 0.56741573
0.48543689 0.83275261 0.58239700
0.45631068 0.84668990 0.59925094
0.42718447 0.85540070 0.61235955
0.38834951 0.85365854 0.64232210
0.40776699 0.86585366 0.64794007
0.36893204 0.86933798 0.66479401
0.35922330 0.88850174 0.67602996
0.36893204 0.90069686 0.69475655
0.36893204 0.90766551 0.70786517
0.36893204 0.91463415 0.72846442
0.33009709 0.91637631 0.73970037
0.33009709 0.92334495 0.76217228
0.27184466 0.93031359 0.78089888
0.26213592 0.94425087 0.80337079
0.21359223 0.95470383 0.81273408
0.21359223 0.96341463 0.83707865
0.16504854 0.96864111 0.85018727
0.10679612 0.97560976 0.87640449
0.09708738 0.97560976 0.89513109
0.05825243 0.97735192 0.92134831
0.02912621 0.98954704 0.93820225
0.02912621 0.98780488 0.96067416
0.00000000 1.00000000 0.97565543
0.00970874 0.99825784 1.00000000
