0.9662 0.8816 0.0000
0.9565 0.8912 0.0040
0.9807 0.8966 0.0240
0.9662 0.9007 0.0387
0.9758 0.9088 0.0533
0.9710 0.9156 0.0560
0.9807 0.9238 0.0707
0.9758 0.9374 0.0733
1.0000 0.9415 0.0827
0.9855 0.9469 0.1133
1.0000 0.9497 0.1307
0.9517 0.9537 0.1360
0.9710 0.9633 0.1533
0.9565 0.9755 0.1600
0.9807 0.9755 0.1733
0.9662 0.9769 0.1907
0.9710 0.9769 0.2147
0.9372 0.9782 0.2213
0.9565 0.9810 0.2413
0.9420 0.9891 0.2467
0.9614 0.9946 0.2573
0.9614 1.0000 0.2720
0.9324 0.9986 0.2973
0.8937 0.9918 0.3133
0.9034 0.9959 0.3320
0.8937 0.9959 0.3427
0.8937 0.9959 0.3547
0.8889 0.9959 0.3680
0.8647 0.9850 0.3947
0.8164 0.9782 0.4120
0.8406 0.9741 0.4280
0.8164 0.9714 0.4400
0.7971 0.9796 0.4453
0.7874 0.9755 0.4600
0.7681 0.9660 0.4827
0.7198 0.9510 0.5027
0.7246 0.9442 0.5173
0.7101 0.9320 0.5280
0.7005 0.9361 0.5307
0.7053 0.9252 0.5427
0.7101 0.9020 0.5613
0.6618 0.8857 0.5800
0.6618 0.8680 0.5893
0.6522 0.8476 0.5987
0.6570 0.8476 0.6040
0.6473 0.8299 0.6053
0.6522 0.8041 0.6253
0.6135 0.7755 0.6453
0.5894 0.7592 0.6480
0.6039 0.7415 0.6520
0.6039 0.7333 0.6533
0.6087 0.7061 0.6547
0.6135 0.6871 0.6653
0.5942 0.6599 0.6813
0.5797 0.6422 0.6813
0.5845 0.6286 0.6840
0.5797 0.6163 0.6813
0.5797 0.5905 0.6853
0.5604 0.5701 0.7093
0.5459 0.5320 0.7280
0.5700 0.5143 0.7253
0.5411 0.5034 0.7240
0.5507 0.4993 0.7187
0.5652 0.4776 0.7200
0.5507 0.4517 0.7440
0.5169 0.4204 0.7547
0.5411 0.4095 0.7627
0.5072 0.4082 0.7587
0.5072 0.4014 0.7613
0.5169 0.3932 0.7627
0.4976 0.3619 0.7907
0.4638 0.3374 0.8000
0.4638 0.3293 0.8067
0.4444 0.3238 0.8040
0.4493 0.3279 0.8013
0.4589 0.3184 0.8093
0.4106 0.2857 0.8373
0.4058 0.2653 0.8427
0.3913 0.2735 0.8427
0.3527 0.2653 0.8453
0.3527 0.2626 0.8520
0.3285 0.2490 0.8573
0.3092 0.2245 0.8840
0.2850 0.2109 0.8853
0.2850 0.2068 0.8853
0.2560 0.2027 0.8867
0.2754 0.1905 0.8920
0.2415 0.1701 0.9067
0.2126 0.1442 0.9307
0.1836 0.1401 0.9267
0.1787 0.1347 0.9387
0.1643 0.1333 0.9373
0.1546 0.1129 0.9467
0.1208 0.0925 0.9600
0.0918 0.0680 0.9720
0.0870 0.0531 0.9747
0.0628 0.0517 0.9707
0.0676 0.0422 0.9707
0.0435 0.0259 0.9827
0.0000 0.0000 1.0000
