1.00000000 1.00000000 1.00000000
0.99494949 0.98214286 1.00000000
0.98821549 0.96093750 0.97619048
0.98484848 0.94196429 0.90476190
0.98232323 0.92968750 0.83333333
0.97643098 0.91071429 0.83333333
0.97390572 0.89843750 0.83333333
0.96548822 0.88392857 0.83333333
0.96127946 0.86272321 0.83333333
0.95538721 0.85044643 0.76190476
0.95202020 0.83928571 0.71428571
0.94612795 0.82477679 0.71428571
0.94023569 0.81026786 0.71428571
0.93602694 0.79687500 0.71428571
0.93013468 0.78236607 0.66666667
0.92592593 0.77232143 0.57142857
0.91919192 0.75446429 0.57142857
0.91498316 0.74665179 0.54761905
0.91245791 0.72991071 0.52380952
0.90488215 0.71763393 0.50000000
0.89730640 0.69977679 0.54761905
0.89225589 0.69196429 0.47619048
0.88383838 0.67410714 0.50000000
0.87626263 0.65848214 0.42857143
0.87121212 0.64397321 0.42857143
0.86195286 0.63392857 0.40476190
0.85521886 0.61495536 0.42857143
0.84764310 0.60267857 0.35714286
0.84006734 0.57589286 0.40476190
0.83249158 0.57031250 0.35714286
0.82239057 0.55915179 0.35714286
0.81228956 0.54464286 0.30952381
0.80471380 0.53348214 0.38095238
0.79797980 0.52008929 0.38095238
0.78872054 0.50781250 0.35714286
0.78198653 0.49888393 0.33333333
0.77020202 0.48437500 0.30952381
0.76262626 0.46986607 0.26190476
0.75336700 0.45982143 0.26190476
0.74158249 0.44308036 0.28571429
0.73400673 0.43638393 0.28571429
0.72222222 0.42075893 0.19047619
0.71043771 0.40513393 0.26190476
0.70202020 0.39732143 0.23809524
0.69023569 0.37500000 0.19047619
0.67929293 0.36941964 0.21428571
0.67003367 0.35825893 0.19047619
0.65824916 0.34709821 0.14285714
0.64478114 0.34040179 0.23809524
0.63468013 0.32924107 0.11904762
0.62205387 0.31584821 0.16666667
0.61195286 0.31250000 0.07142857
0.60016835 0.29910714 0.19047619
0.58922559 0.29017857 0.07142857
0.57575758 0.27901786 0.07142857
0.56481481 0.26897321 0.02380952
0.55134680 0.25892857 0.09523810
0.53956229 0.25669643 0.07142857
0.52693603 0.24218750 0.04761905
0.51599327 0.23660714 0.00000000
0.50420875 0.22433036 0.11904762
0.49074074 0.21763393 0.04761905
0.47811448 0.20758929 0.11904762
0.46632997 0.19977679 0.00000000
0.45033670 0.19419643 0.09523810
0.43939394 0.18973214 0.00000000
0.42508418 0.18080357 0.11904762
0.41161616 0.17745536 0.04761905
0.40151515 0.16629464 0.14285714
0.38888889 0.15736607 0.11904762
0.37542088 0.15178571 0.16666667
0.36531987 0.14620536 0.09523810
0.35016835 0.13281250 0.16666667
0.33838384 0.13504464 0.11904762
0.32407407 0.12388393 0.21428571
0.31228956 0.11830357 0.16666667
0.29797980 0.11383929 0.21428571
0.28619529 0.10491071 0.16666667
0.27356902 0.09821429 0.23809524
0.26346801 0.09263393 0.21428571
0.24915825 0.08593750 0.26190476
0.23821549 0.08816964 0.23809524
0.22306397 0.07812500 0.30952381
0.21043771 0.07477679 0.26190476
0.19612795 0.07254464 0.35714286
0.18434343 0.06361607 0.42857143
0.17087542 0.05691964 0.42857143
0.15824916 0.05691964 0.42857143
0.14478114 0.04799107 0.45238095
0.13299663 0.04799107 0.50000000
0.12121212 0.04910714 0.50000000
0.10521886 0.03571429 0.47619048
0.09175084 0.03013393 0.54761905
0.07996633 0.02901786 0.54761905
0.06481481 0.02120536 0.61904762
0.05387205 0.02120536 0.59523810
0.04040404 0.01227679 0.61904762
0.02693603 0.00781250 0.61904762
0.01430976 0.00892857 0.71428571
0.00000000 0.00000000 0.69047619
