1.0000 -2.3544 0.0000
0.9819 -2.3228 0.0050
0.9566 -2.3354 0.0149
0.9397 -2.3038 0.0248
0.9180 -2.2911 0.0372
0.8951 -2.3038 0.0422
0.8758 -2.2595 0.0546
0.8565 -2.2468 0.0571
0.8372 -2.2025 0.0744
0.8215 -2.1772 0.0918
0.8082 -2.1646 0.0968
0.7841 -2.1076 0.0968
0.7648 -2.0949 0.1117
0.7443 -2.0759 0.1166
0.7262 -2.0633 0.1340
0.7093 -2.0253 0.1365
0.6924 -1.9937 0.1514
0.6767 -1.9177 0.1563
0.6598 -1.9241 0.1762
0.6405 -1.8797 0.1836
0.6248 -1.8544 0.1985
0.6068 -1.8354 0.2060
0.5875 -1.7975 0.2184
0.5730 -1.7468 0.2233
0.5537 -1.7025 0.2432
0.5356 -1.6266 0.2432
0.5211 -1.6139 0.2605
0.5030 -1.5696 0.2680
0.4885 -1.5190 0.2829
0.4704 -1.4937 0.2953
0.4536 -1.4430 0.3102
0.4403 -1.3734 0.3151
0.4210 -1.3734 0.3251
0.4077 -1.3038 0.3400
0.3969 -1.2658 0.3573
0.3800 -1.2152 0.3672
0.3703 -1.1772 0.3846
0.3498 -1.1392 0.3921
0.3378 -1.1013 0.4119
0.3233 -1.0316 0.4194
0.3064 -0.9937 0.4293
0.2919 -0.9114 0.4442
0.2799 -0.8354 0.4640
0.2642 -0.7975 0.4739
0.2533 -0.7089 0.4963
0.2400 -0.6772 0.5012
0.2292 -0.6203 0.5261
0.2147 -0.5127 0.5360
0.2063 -0.4810 0.5459
0.1906 -0.3987 0.5608
0.1821 -0.3228 0.5732
0.1713 -0.3038 0.5881
0.1616 -0.2089 0.6055
0.1544 -0.1646 0.6154
0.1460 -0.1139 0.6328
0.1363 -0.0506 0.6427
0.1279 0.0000 0.6576
0.1158 0.0696 0.6650
0.1122 0.1392 0.6873
0.1037 0.1962 0.7047
0.1001 0.2532 0.7171
0.0893 0.3038 0.7221
0.0869 0.3797 0.7395
0.0724 0.4304 0.7444
0.0700 0.5127 0.7643
0.0651 0.5759 0.7742
0.0567 0.6076 0.7916
0.0495 0.6646 0.7990
0.0483 0.7152 0.8213
0.0422 0.7785 0.8288
0.0410 0.8481 0.8437
0.0326 0.8924 0.8536
0.0314 0.9620 0.8660
0.0253 1.0000 0.8759
0.0241 1.0633 0.8958
0.0157 1.1456 0.9057
0.0133 1.1646 0.9181
0.0048 1.2152 0.9256
0.0048 1.2911 0.9380
0.0000 1.3608 0.9454
-0.0024 1.4177 0.9578
-0.0097 1.4873 0.9603
-0.0072 1.5063 0.9677
-0.0121 1.5190 0.9752
-0.0084 1.5759 0.9801
-0.0121 1.6076 0.9851
-0.0084 1.6329 0.9901
-0.0097 1.6392 0.9901
-0.0048 1.6456 0.9926
-0.0072 1.6582 0.9950
-0.0036 1.6646 0.9950
-0.0072 1.6835 0.9975
-0.0036 1.6772 1.0000
-0.0084 1.6772 0.9901
-0.0036 1.6709 0.9901
-0.0084 1.6835 0.9901
-0.0036 1.6709 0.9901
-0.0072 1.6772 0.9851
-0.0048 1.6709 0.9876
-0.0060 1.6709 0.9876
