0.11538462 0.00000000 0.00000000
0.01923077 0.03879310 0.00759013
0.12500000 0.07327586 0.01328273
0.00000000 0.09051724 0.01897533
0.09615385 0.09482759 0.02277040
0.00000000 0.12500000 0.02466793
0.11538462 0.12500000 0.03036053
0.01923077 0.16810345 0.03605313
0.15384615 0.18965517 0.03984820
0.05769231 0.23706897 0.04743833
0.14423077 0.25000000 0.05123340
0.05769231 0.30172414 0.06451613
0.16346154 0.32327586 0.06831120
0.03846154 0.36206897 0.07779886
0.14423077 0.37931034 0.08159393
0.02884615 0.40086207 0.09487666
0.15384615 0.40948276 0.10246679
0.02884615 0.44396552 0.11195446
0.12500000 0.46551724 0.12144213
0.04807692 0.53017241 0.14611006
0.19230769 0.51724138 0.14421252
0.05769231 0.55603448 0.16318786
0.16346154 0.58189655 0.16888046
0.06730769 0.59482759 0.18785579
0.12500000 0.60775862 0.18595825
0.01923077 0.63362069 0.20303605
0.14423077 0.62068966 0.20872865
0.00961538 0.67241379 0.22580645
0.15384615 0.68965517 0.23529412
0.05769231 0.73275862 0.25616698
0.17307692 0.73706897 0.26375712
0.05769231 0.75862069 0.28842505
0.12500000 0.75000000 0.28652751
0.04807692 0.78448276 0.31119545
0.16346154 0.78017241 0.31309298
0.08653846 0.82327586 0.33396584
0.20192308 0.82327586 0.34155598
0.10576923 0.85344828 0.36812144
0.23076923 0.84913793 0.36812144
0.13461538 0.86637931 0.39658444
0.24038462 0.85344828 0.39468691
0.14423077 0.87068966 0.41555977
0.27884615 0.85775862 0.41555977
0.19230769 0.86206897 0.44022770
0.31730769 0.86206897 0.44212524
0.23076923 0.88793103 0.46489564
0.33653846 0.88362069 0.46299810
0.26923077 0.90086207 0.49525617
0.34615385 0.90517241 0.48766603
0.25961538 0.88793103 0.51612903
0.35576923 0.90086207 0.50853890
0.26923077 0.90086207 0.54079696
0.38461538 0.93534483 0.53510436
0.30769231 0.93965517 0.56736243
0.41346154 0.96120690 0.55977230
0.31730769 0.94396552 0.58633776
0.42307692 0.95689655 0.57874763
0.35576923 0.92672414 0.60531309
0.44230769 0.95689655 0.59013283
0.40384615 0.93103448 0.62808349
0.48076923 0.95689655 0.61100569
0.45192308 0.93103448 0.65085389
0.49038462 0.95258621 0.63187856
0.47115385 0.91810345 0.67362429
0.49038462 0.95258621 0.65085389
0.45192308 0.90086207 0.68880455
0.50000000 0.94396552 0.67172676
0.47115385 0.90517241 0.71157495
0.51923077 0.96982759 0.69259962
0.49038462 0.92241379 0.74003795
0.56730769 0.99568966 0.71347249
0.53846154 0.91379310 0.75142315
0.55769231 0.96982759 0.72865275
0.56730769 0.89655172 0.76850095
0.55769231 0.96551724 0.74383302
0.61538462 0.89655172 0.78747628
0.61538462 0.94827586 0.75901328
0.66346154 0.86206897 0.80645161
0.66346154 0.93534483 0.78178368
0.73076923 0.83620690 0.82732448
0.70192308 0.94396552 0.79886148
0.75000000 0.85775862 0.84629981
0.75000000 0.95689655 0.81973435
0.78846154 0.83620690 0.86717268
0.75961538 0.96551724 0.83870968
0.80769231 0.85344828 0.88425047
0.78846154 0.99137931 0.85958254
0.86538462 0.87500000 0.89943074
0.78846154 0.98706897 0.87855787
0.83653846 0.87068966 0.91650854
0.82692308 0.98706897 0.89373814
0.90384615 0.86637931 0.93927894
0.89423077 0.99568966 0.92030361
0.95192308 0.84482759 0.95635674
0.93269231 1.00000000 0.94307400
0.94230769 0.85344828 0.96963947
0.93269231 0.99568966 0.96015180
0.95192308 0.83620690 0.98481973
0.95192308 0.99137931 0.98102467
1.00000000 0.84482759 1.00000000
