0.0000 0.3546 0.5763
0.0050 0.3333 0.5763
0.0075 0.3140 0.5763
0.0129 0.2967 0.5733
0.0170 0.2741 0.5693
0.0224 0.2568 0.5643
0.0278 0.2355 0.5603
0.0353 0.2227 0.5543
0.0411 0.2014 0.5484
0.0449 0.1840 0.5424
0.0499 0.1680 0.5334
0.0553 0.1480 0.5204
0.0602 0.1364 0.5145
0.0656 0.1223 0.5005
0.0698 0.1100 0.4865
0.0748 0.0843 0.4716
0.0806 0.0708 0.4606
0.0864 0.0695 0.4447
0.0910 0.0598 0.4307
0.0968 0.0483 0.4128
0.0993 0.0335 0.3968
0.1047 0.0251 0.3829
0.1101 0.0225 0.3679
0.1155 0.0206 0.3509
0.1184 0.0103 0.3330
0.1217 0.0051 0.3141
0.1280 0.0000 0.2991
0.1346 0.0019 0.2812
0.1404 0.0090 0.2652
0.1450 0.0013 0.2473
0.1496 0.0051 0.2323
0.1558 0.0077 0.2164
0.1616 0.0116 0.2004
0.1699 0.0154 0.1815
0.1753 0.0148 0.1675
0.1816 0.0174 0.1505
0.1886 0.0277 0.1406
0.1957 0.0373 0.1246
0.2011 0.0412 0.1087
0.2061 0.0489 0.0977
0.2102 0.0515 0.0857
0.2181 0.0682 0.0748
0.2239 0.0734 0.0638
0.2306 0.0824 0.0489
0.2356 0.0901 0.0419
0.2414 0.0997 0.0309
0.2476 0.1171 0.0289
0.2538 0.1281 0.0199
0.2605 0.1345 0.0160
0.2663 0.1416 0.0110
0.2738 0.1602 0.0090
0.2813 0.1750 0.0080
0.2883 0.1815 0.0050
0.2933 0.1892 0.0030
0.3016 0.1969 0.0000
0.3099 0.2246 0.0000
0.3162 0.2375 0.0060
0.3241 0.2452 0.0080
0.3303 0.2490 0.0100
0.3373 0.2465 0.0179
0.3473 0.2767 0.0160
0.3556 0.2864 0.0179
0.3639 0.2928 0.0269
0.3718 0.2967 0.0309
0.3789 0.2986 0.0439
0.3901 0.3282 0.0459
0.3993 0.3320 0.0578
0.4067 0.3385 0.0668
0.4159 0.3443 0.0758
0.4250 0.3423 0.0837
0.4375 0.3655 0.0897
0.4470 0.3726 0.1007
0.4574 0.3777 0.1087
0.4674 0.3861 0.1186
0.4778 0.3938 0.1276
0.4902 0.3996 0.1356
0.5019 0.4060 0.1476
0.5123 0.4118 0.1565
0.5239 0.4176 0.1625
0.5397 0.4260 0.1705
0.5538 0.4356 0.1834
0.5654 0.4472 0.1934
0.5775 0.4562 0.2094
0.5933 0.4723 0.2183
0.6091 0.4897 0.2343
0.6253 0.5019 0.2522
0.6390 0.5142 0.2692
0.6560 0.5360 0.2891
0.6772 0.5669 0.3121
0.6980 0.5862 0.3400
0.7158 0.6145 0.3749
0.7354 0.6448 0.4118
0.7619 0.6834 0.4536
0.7877 0.7233 0.5015
0.8147 0.7587 0.5613
0.8425 0.7960 0.6261
0.8779 0.8494 0.6969
0.9165 0.9048 0.7846
0.9589 0.9550 0.8863
1.0000 1.0000 1.0000
