0.0000 0.1765 0.0144
0.0008 0.1801 0.0127
0.0037 0.1787 0.0100
0.0063 0.1801 0.0066
0.0092 0.1823 0.0051
0.0106 0.1877 0.0037
0.0138 0.1939 0.0037
0.0159 0.1944 0.0024
0.0181 0.2069 0.0032
0.0216 0.2033 0.0007
0.0232 0.2172 0.0017
0.0265 0.2154 0.0007
0.0283 0.2274 0.0017
0.0319 0.2324 0.0032
0.0344 0.2337 0.0012
0.0366 0.2413 0.0037
0.0393 0.2395 0.0012
0.0419 0.2489 0.0039
0.0460 0.2417 0.0005
0.0478 0.2601 0.0056
0.0527 0.2484 0.0020
0.0531 0.2632 0.0044
0.0570 0.2502 0.0017
0.0578 0.2659 0.0041
0.0621 0.2614 0.0041
0.0645 0.2641 0.0027
0.0676 0.2730 0.0051
0.0696 0.2690 0.0024
0.0730 0.2833 0.0044
0.0775 0.2685 0.0005
0.0800 0.2891 0.0037
0.0850 0.2860 0.0029
0.0897 0.2904 0.0005
0.0966 0.2869 0.0000
0.0999 0.3021 0.0002
0.1070 0.3097 0.0037
0.1141 0.3061 0.0002
0.1231 0.3177 0.0044
0.1320 0.3208 0.0022
0.1420 0.3414 0.0073
0.1538 0.3396 0.0061
0.1670 0.3651 0.0139
0.1827 0.3758 0.0173
0.2002 0.4053 0.0254
0.2210 0.4187 0.0327
0.2448 0.4589 0.0454
0.2745 0.4808 0.0585
0.3078 0.5313 0.0795
0.3471 0.5666 0.1044
0.3935 0.6349 0.1422
0.4472 0.6854 0.1854
0.5084 0.7623 0.2461
0.5766 0.8298 0.3222
0.6555 0.9115 0.4198
0.7359 0.9692 0.5378
0.8173 1.0000 0.6680
0.8938 0.9853 0.8080
0.9540 0.8887 0.9202
0.9937 0.7404 0.9988
1.0000 0.5130 1.0000
0.9906 0.3293 0.9598
0.9416 0.1408 0.8527
0.8818 0.0509 0.7254
0.8022 0.0000 0.5878
0.7225 0.0080 0.4556
0.6385 0.0416 0.3480
0.5617 0.0862 0.2566
0.4960 0.1376 0.1937
0.4399 0.1734 0.1405
0.3915 0.2239 0.1093
0.3516 0.2453 0.0815
0.3190 0.2793 0.0646
0.2938 0.2936 0.0510
0.2718 0.3168 0.0429
0.2568 0.3302 0.0390
0.2431 0.3436 0.0354
0.2328 0.3610 0.0371
0.2236 0.3592 0.0346
0.2175 0.3762 0.0388
0.2122 0.3677 0.0371
0.2085 0.3825 0.0402
0.2049 0.3776 0.0417
0.2026 0.3878 0.0449
0.2002 0.3861 0.0483
0.1990 0.3834 0.0490
0.1984 0.3843 0.0541
0.1978 0.3803 0.0541
0.1969 0.3794 0.0571
0.1961 0.3695 0.0559
0.1963 0.3722 0.0588
0.1947 0.3610 0.0576
0.1935 0.3588 0.0576
0.1923 0.3445 0.0537
0.1910 0.3472 0.0524
0.1902 0.3365 0.0485
0.1874 0.3311 0.0439
0.1860 0.3231 0.0393
0.1839 0.3293 0.0368
0.1821 0.3239 0.0322
0.1782 0.3226 0.0268
