0.24657534 0.04575163 1.00000000
0.34246575 0.02614379 0.98004435
0.34246575 0.03921569 0.95343681
0.32876712 0.03921569 0.93126386
0.35616438 0.01307190 0.90909091
0.38356164 0.00000000 0.90909091
0.35616438 0.00653595 0.89356984
0.39726027 0.01307190 0.87139690
0.38356164 0.03921569 0.84478936
0.43835616 0.03921569 0.82705100
0.41095890 0.02614379 0.80931264
0.43835616 0.04575163 0.79157428
0.42465753 0.06535948 0.76940133
0.42465753 0.09803922 0.75831486
0.41095890 0.08496732 0.74057650
0.45205479 0.07189542 0.73392461
0.41095890 0.12418301 0.70953437
0.49315068 0.16339869 0.69401330
0.46575342 0.20261438 0.67849224
0.50684932 0.22222222 0.66518847
0.46575342 0.24183007 0.65188470
0.49315068 0.27450980 0.64745011
0.47945205 0.28758170 0.63414634
0.47945205 0.30065359 0.63192905
0.46575342 0.32679739 0.61197339
0.50684932 0.37908497 0.59645233
0.50684932 0.37254902 0.58093126
0.54794521 0.39215686 0.57871397
0.54794521 0.43137255 0.56762749
0.58904110 0.46405229 0.55875831
0.56164384 0.49019608 0.55210643
0.58904110 0.47058824 0.55210643
0.63013699 0.50326797 0.53880266
0.69863014 0.52941176 0.52549889
0.69863014 0.54248366 0.52771619
0.69863014 0.59477124 0.51662971
0.71232877 0.61437908 0.50776053
0.75342466 0.65359477 0.50554324
0.72602740 0.64705882 0.51219512
0.72602740 0.62745098 0.52106430
0.78082192 0.67320261 0.49002217
0.84931507 0.67320261 0.48780488
0.82191781 0.69281046 0.47671840
0.83561644 0.73856209 0.46119734
0.82191781 0.75816993 0.45232816
0.89041096 0.72549020 0.46341463
0.84931507 0.71895425 0.46119734
0.91780822 0.73202614 0.44789357
0.89041096 0.79084967 0.43680710
0.93150685 0.81045752 0.43458980
0.91780822 0.80392157 0.42793792
0.93150685 0.81045752 0.41906874
0.91780822 0.83660131 0.41463415
0.93150685 0.82352941 0.41463415
0.93150685 0.81699346 0.41019956
0.97260274 0.84967320 0.39689579
0.95890411 0.86274510 0.38802661
0.98630137 0.86928105 0.38359202
0.97260274 0.87581699 0.37472284
0.97260274 0.90196078 0.36363636
1.00000000 0.89542484 0.35698448
1.00000000 0.89542484 0.35920177
0.97260274 0.92156863 0.34811530
0.94520548 0.94117647 0.34368071
0.91780822 0.94771242 0.33259424
0.97260274 0.94771242 0.33702882
0.90410959 0.98692810 0.32150776
0.90410959 0.98692810 0.31485588
0.86301370 0.96732026 0.31042129
0.87671233 0.94771242 0.31707317
0.80821918 0.96078431 0.29268293
0.86301370 0.96732026 0.27937916
0.83561644 0.95424837 0.27716186
0.84931507 0.96732026 0.27272727
0.79452055 0.97385621 0.25720621
0.78082192 1.00000000 0.25055432
0.75342466 1.00000000 0.24833703
0.72602740 0.98692810 0.23725055
0.68493151 0.98039216 0.23059867
0.67123288 0.99346405 0.22616408
0.60273973 0.97385621 0.22394678
0.58904110 0.96732026 0.20177384
0.56164384 0.97385621 0.17960089
0.53424658 0.95424837 0.18847007
0.49315068 0.89542484 0.17960089
0.45205479 0.89542484 0.17294900
0.43835616 0.90849673 0.16186253
0.38356164 0.84967320 0.14855876
0.32876712 0.86928105 0.13082040
0.32876712 0.87581699 0.12638581
0.35616438 0.84967320 0.09534368
0.27397260 0.79738562 0.11086475
0.19178082 0.74509804 0.09312639
0.21917808 0.70588235 0.07538803
0.16438356 0.73202614 0.05764967
0.10958904 0.69934641 0.04878049
0.09589041 0.65359477 0.02217295
0.13698630 0.60784314 0.01108647
0.04109589 0.55555556 0.01330377
0.00000000 0.50326797 0.00000000
