0.90055866 0.53835377 0.91181989
0.90391061 0.54185639 0.91857411
0.91508380 0.52994746 0.92757974
0.92067039 0.52154116 0.93996248
0.92513966 0.50577933 0.95084428
0.94078212 0.50017513 0.95872420
0.94748603 0.48301226 0.96697936
0.95307263 0.46760070 0.97823640
0.95307263 0.45148862 0.98236398
0.95530726 0.43327496 0.99212008
0.96424581 0.41401051 0.99174484
0.96312849 0.38458844 1.00000000
0.96648045 0.36252189 0.99512195
0.97094972 0.33765324 0.99774859
0.97094972 0.31873905 0.98799250
0.96312849 0.28896673 0.98499062
0.95307263 0.26654991 0.97260788
0.94972067 0.23012259 0.96660413
0.93296089 0.21611208 0.94634146
0.92513966 0.18493870 0.93320826
0.90726257 0.16672504 0.90956848
0.89608939 0.13870403 0.88968105
0.86703911 0.12189142 0.86341463
0.84357542 0.09737303 0.83677298
0.81564246 0.08301226 0.80487805
0.79329609 0.06199650 0.77485929
0.76536313 0.04693520 0.74146341
0.73631285 0.03467601 0.70393996
0.70502793 0.02381786 0.66904315
0.66927374 0.01541156 0.62964353
0.63798883 0.00840630 0.59174484
0.60558659 0.00490368 0.55121951
0.57430168 0.00000000 0.51407129
0.53966480 0.00770578 0.47166979
0.50949721 0.00840630 0.43302064
0.47150838 0.02136602 0.39324578
0.44134078 0.02837128 0.35534709
0.40446927 0.04168126 0.32045028
0.37988827 0.05849387 0.28030019
0.34748603 0.07180385 0.25215760
0.31843575 0.09597198 0.21463415
0.29608939 0.11383538 0.18874296
0.26368715 0.13975482 0.15609756
0.23687151 0.16007005 0.13395872
0.20223464 0.18809107 0.11069418
0.18212291 0.21120841 0.08930582
0.15754190 0.24028021 0.07467167
0.13519553 0.26760070 0.05328330
0.11955307 0.29281961 0.04615385
0.09832402 0.32329247 0.02589118
0.08491620 0.34921191 0.02589118
0.06145251 0.37968476 0.00938086
0.05027933 0.40210158 0.01463415
0.03687151 0.43222417 0.00000000
0.02793296 0.45464098 0.00412758
0.01564246 0.48056042 0.00450281
0.01564246 0.50087566 0.00938086
0.00223464 0.52924694 0.00825516
0.00000000 0.54956217 0.01088180
0.00335196 0.56742557 0.02288931
0.00670391 0.58774081 0.01763602
0.01340782 0.60420315 0.03639775
0.02122905 0.62416813 0.03452158
0.02905028 0.63607706 0.05590994
0.04022346 0.65884413 0.05290807
0.05027933 0.66795096 0.06941839
0.06815642 0.68266200 0.08142589
0.09385475 0.68896673 0.09756098
0.10837989 0.70893170 0.09981238
0.13743017 0.71803853 0.10694184
0.15754190 0.72994746 0.12307692
0.18659218 0.73975482 0.13283302
0.21229050 0.75271454 0.14709193
0.24245810 0.76042032 0.14821764
0.27374302 0.77127846 0.16585366
0.30726257 0.78143608 0.16585366
0.34413408 0.79159370 0.18311445
0.37430168 0.80175131 0.18123827
0.41117318 0.80770578 0.20412758
0.44469274 0.81996497 0.19737336
0.48156425 0.82346760 0.22101313
0.51620112 0.83292469 0.21726079
0.55307263 0.83747811 0.23339587
0.59553073 0.84868651 0.23039400
0.62905028 0.85078809 0.24727955
0.66256983 0.85989492 0.24990619
0.69720670 0.86234676 0.25703565
0.73407821 0.87110333 0.25928705
0.76871508 0.87670753 0.25891182
0.79664804 0.88231173 0.26754221
0.83351955 0.89281961 0.26228893
0.85810056 0.89737303 0.27504690
0.88715084 0.90893170 0.27279550
0.90837989 0.91523643 0.27917448
0.93519553 0.93309982 0.27429644
0.95865922 0.94220665 0.27429644
0.97541899 0.95621716 0.28367730
0.98994413 0.96847636 0.28405253
0.99888268 0.98458844 0.29831144
1.00000000 1.00000000 0.29380863
