0.1425 -21.3978 0.9322
0.1383 -20.9785 0.9456
0.1298 -21.0860 0.9519
0.1288 -20.6237 0.9586
0.1177 -20.3226 0.9709
0.1166 -19.9462 0.9735
0.1066 -19.2688 0.9873
0.1024 -19.1290 0.9866
0.0950 -17.9032 1.0000
0.0897 -17.6129 0.9959
0.0902 -16.1720 0.9981
0.0881 -15.1505 0.9952
0.0892 -13.6989 0.9851
0.1029 -12.3548 0.9743
0.1161 -10.7742 0.9493
0.1367 -8.8387 0.9255
0.1662 -7.0538 0.8808
0.2185 -4.6452 0.8361
0.2765 -2.8280 0.7690
0.3509 -0.4839 0.6997
0.4475 1.0000 0.6066
0.5483 2.5161 0.5093
0.6580 3.1613 0.4050
0.7652 3.1935 0.2947
0.8744 2.0753 0.1949
0.9525 -0.0000 0.1032
0.9889 -2.8817 0.0458
1.0000 -6.5376 0.0000
0.9541 -10.2151 0.0048
0.8855 -14.0000 0.0291
0.7763 -16.8602 0.0872
0.6760 -19.5591 0.1453
0.5683 -21.0323 0.2273
0.4670 -22.1505 0.3089
0.3710 -22.2796 0.3920
0.2955 -22.2258 0.4635
0.2359 -21.4946 0.5313
0.1884 -20.9677 0.5898
0.1525 -20.0753 0.6375
0.1282 -19.2366 0.6803
0.1077 -18.2151 0.7124
0.0929 -17.3011 0.7425
0.0797 -16.4409 0.7597
0.0776 -15.5699 0.7791
0.0744 -14.7634 0.7876
0.0728 -13.9247 0.7977
0.0734 -13.3656 0.7969
0.0765 -12.5269 0.8033
0.0744 -12.2258 0.7981
0.0749 -11.6129 0.7969
0.0755 -11.3226 0.7884
0.0807 -10.7527 0.7843
0.0813 -10.5699 0.7776
0.0834 -10.2796 0.7683
0.0844 -10.0323 0.7619
0.0865 -10.0753 0.7489
0.0844 -9.6559 0.7455
0.0855 -10.0538 0.7303
0.0892 -9.4946 0.7247
0.0881 -9.8495 0.7161
0.0881 -9.4839 0.7072
0.0850 -9.7527 0.7008
0.0860 -9.7204 0.6882
0.0813 -9.6022 0.6896
0.0781 -9.7634 0.6721
0.0765 -9.6989 0.6714
0.0765 -9.9462 0.6621
0.0749 -9.6237 0.6617
0.0744 -10.1720 0.6505
0.0728 -9.9462 0.6472
0.0686 -10.2473 0.6427
0.0654 -10.0108 0.6382
0.0617 -10.2258 0.6326
0.0607 -10.2903 0.6256
0.0570 -10.1720 0.6282
0.0549 -10.4086 0.6174
0.0528 -10.3763 0.6185
0.0464 -10.6129 0.6140
0.0443 -10.2151 0.6177
0.0427 -10.6452 0.6095
0.0427 -10.3548 0.6099
0.0369 -10.4946 0.6092
0.0343 -10.1935 0.6084
0.0306 -10.4731 0.6088
0.0285 -10.3763 0.6039
0.0232 -10.2258 0.6073
0.0232 -10.0323 0.6036
0.0179 -10.2043 0.6028
0.0185 -10.2258 0.5976
0.0137 -10.0753 0.5999
0.0111 -10.0645 0.5969
0.0095 -10.0108 0.5969
0.0090 -10.0430 0.5920
0.0069 -10.0323 0.5909
0.0069 -10.1075 0.5876
0.0058 -10.0430 0.5872
0.0032 -10.1075 0.5846
0.0016 -10.0645 0.5846
0.0000 -10.1828 0.5794
0.0000 -10.1183 0.5790
