0.0366 0.9401 0.5567
0.0339 0.9484 0.5752
0.0287 0.9517 0.5831
0.0235 0.9717 0.5937
0.0261 0.9784 0.6201
0.0196 0.9700 0.6385
0.0209 0.9684 0.6755
0.0209 0.9734 0.6860
0.0170 0.9917 0.7045
0.0091 0.9983 0.7361
0.0117 0.9967 0.7467
0.0052 0.9850 0.7625
0.0013 0.9834 0.7916
0.0026 0.9784 0.8100
0.0078 0.9917 0.8153
0.0013 1.0000 0.8391
0.0013 0.9884 0.8654
0.0052 0.9717 0.8760
0.0000 0.9784 0.8971
0.0052 0.9784 0.8997
0.0078 0.9817 0.9156
0.0065 0.9900 0.9182
0.0117 0.9834 0.9288
0.0209 0.9700 0.9420
0.0209 0.9651 0.9578
0.0287 0.9601 0.9551
0.0366 0.9651 0.9578
0.0418 0.9684 0.9736
0.0496 0.9501 0.9763
0.0627 0.9384 0.9868
0.0692 0.9468 0.9868
0.0783 0.9318 0.9842
0.0914 0.9201 1.0000
0.1031 0.9035 0.9947
0.1097 0.8918 0.9974
0.1279 0.8802 0.9947
0.1371 0.8719 0.9974
0.1540 0.8586 0.9842
0.1619 0.8436 0.9947
0.1789 0.8203 0.9894
0.1854 0.8070 0.9894
0.2063 0.7937 0.9763
0.2180 0.7870 0.9789
0.2285 0.7787 0.9551
0.2402 0.7654 0.9578
0.2520 0.7354 0.9446
0.2650 0.7271 0.9367
0.2807 0.7105 0.9182
0.2937 0.7005 0.9182
0.3133 0.6905 0.8839
0.3172 0.6722 0.8865
0.3303 0.6522 0.8602
0.3407 0.6306 0.8549
0.3538 0.6190 0.8259
0.3642 0.6140 0.8206
0.3760 0.5957 0.7916
0.3851 0.5840 0.7863
0.3982 0.5641 0.7546
0.4047 0.5374 0.7388
0.4191 0.5275 0.7335
0.4360 0.5175 0.7071
0.4452 0.4942 0.6728
0.4569 0.4925 0.6570
0.4739 0.4676 0.6332
0.4804 0.4493 0.6227
0.4974 0.4343 0.5963
0.5052 0.4260 0.5884
0.5222 0.4010 0.5541
0.5287 0.3894 0.5462
0.5379 0.3677 0.5303
0.5483 0.3428 0.5040
0.5601 0.3361 0.4855
0.5705 0.3261 0.4697
0.5862 0.3062 0.4354
0.5953 0.2995 0.4354
0.6136 0.2812 0.4090
0.6240 0.2662 0.4011
0.6423 0.2463 0.3694
0.6540 0.2413 0.3615
0.6697 0.2263 0.3430
0.6867 0.2080 0.3298
0.7037 0.1947 0.3061
0.7167 0.1780 0.2982
0.7363 0.1647 0.2718
0.7467 0.1581 0.2691
0.7676 0.1431 0.2427
0.7833 0.1314 0.2269
0.8029 0.1115 0.2111
0.8172 0.1065 0.2032
0.8355 0.0965 0.1821
0.8499 0.0915 0.1741
0.8708 0.0799 0.1530
0.8825 0.0749 0.1425
0.9047 0.0566 0.1161
0.9164 0.0516 0.1082
0.9373 0.0366 0.0792
0.9517 0.0300 0.0660
0.9687 0.0166 0.0396
0.9856 0.0100 0.0290
1.0000 0.0000 0.0000
