1.00000000 0.00000000 0.00000000
0.97619048 0.01781170 0.02834008
0.93750000 0.01781170 0.03238866
0.91369048 0.03562341 0.07692308
0.87797619 0.05343511 0.09716599
0.84226190 0.06615776 0.12955466
0.81250000 0.07633588 0.16599190
0.78571429 0.09160305 0.19028340
0.74404762 0.09160305 0.21052632
0.72916667 0.11450382 0.23481781
0.69047619 0.12722646 0.25910931
0.66964286 0.14503817 0.27935223
0.64285714 0.16793893 0.30769231
0.61904762 0.16793893 0.33603239
0.58333333 0.19083969 0.36032389
0.56845238 0.20610687 0.38461538
0.53571429 0.21374046 0.40485830
0.51488095 0.23664122 0.42510121
0.49702381 0.25445293 0.44129555
0.48214286 0.27480916 0.46153846
0.44940476 0.30534351 0.47773279
0.43452381 0.32061069 0.51012146
0.40178571 0.33587786 0.53846154
0.38690476 0.35623410 0.55465587
0.36011905 0.37659033 0.57489879
0.35119048 0.39694656 0.59919028
0.32738095 0.41984733 0.61133603
0.31845238 0.44020356 0.63157895
0.29761905 0.46310433 0.64372470
0.28571429 0.48854962 0.69230769
0.27083333 0.50636132 0.70040486
0.25595238 0.53435115 0.71255061
0.23511905 0.55216285 0.74089069
0.22023810 0.56743003 0.75303644
0.20833333 0.59796438 0.75708502
0.18452381 0.61068702 0.76113360
0.16964286 0.64122137 0.78137652
0.16964286 0.66921120 0.79757085
0.14285714 0.67938931 0.81781377
0.14285714 0.71246819 0.83805668
0.12500000 0.72773537 0.85020243
0.11904762 0.74809160 0.86234818
0.11309524 0.77353690 0.87854251
0.10714286 0.79389313 0.87449393
0.08928571 0.80407125 0.89878543
0.09523810 0.83715013 0.91497976
0.07440476 0.85241730 0.92712551
0.06250000 0.86768448 0.93522267
0.05059524 0.89058524 0.94736842
0.05059524 0.90839695 0.95546559
0.03869048 0.93384224 0.97165992
0.04166667 0.94656489 0.96761134
0.02678571 0.95928753 0.97570850
0.02976190 0.96692112 0.97570850
0.02083333 0.97964377 0.98380567
0.02678571 0.98982188 0.97975709
0.01785714 0.98727735 0.98785425
0.01785714 0.99491094 0.98785425
0.01190476 1.00000000 0.99190283
0.01488095 1.00000000 0.98380567
0.00595238 1.00000000 0.98785425
0.01488095 1.00000000 0.98380567
0.00595238 0.99491094 0.98785425
0.01785714 0.98982188 0.98380567
0.00892857 0.99491094 0.98380567
0.01488095 0.98982188 0.97975709
0.00595238 0.98473282 0.98380567
0.01785714 0.99236641 0.97570850
0.00595238 0.98218830 0.98380567
0.01488095 0.98473282 0.98380567
0.00595238 0.98982188 0.98380567
0.01785714 0.98982188 0.98380567
0.00297619 0.98982188 0.99190283
0.01190476 0.98982188 0.99190283
0.00000000 0.98727735 0.98785425
0.01488095 0.98982188 0.98785425
0.00297619 0.98218830 0.99190283
0.01785714 0.98473282 0.98380567
0.00297619 0.98218830 0.99190283
0.01488095 0.97709924 1.00000000
0.01190476 0.97964377 0.99595142
0.01488095 0.98473282 0.98785425
0.00892857 0.97964377 0.98785425
0.01785714 0.97455471 0.98785425
0.00595238 0.97709924 0.99595142
0.01488095 0.97709924 0.99595142
0.00595238 0.97964377 0.99595142
0.01785714 0.98218830 0.99190283
0.00892857 0.97964377 0.99190283
0.01785714 0.97709924 0.99190283
0.00595238 0.97964377 1.00000000
0.01785714 0.98218830 0.99190283
0.00297619 0.98473282 1.00000000
0.02083333 0.97201018 0.99595142
0.00595238 0.98218830 0.99190283
0.01785714 0.97455471 0.99190283
0.00595238 0.97455471 1.00000000
0.02083333 0.97455471 1.00000000
0.00297619 0.97455471 0.99595142
0.01785714 0.96946565 1.00000000
