0.37634409 0.00000000 1.00000000
0.35125448 0.09202454 0.96967341
0.30107527 0.23312883 0.94401244
0.27598566 0.28220859 0.91446345
0.23655914 0.22699387 0.89269051
0.21863799 0.38650307 0.87013997
0.18637993 0.42944785 0.84992224
0.18279570 0.38650307 0.82659409
0.12544803 0.41717791 0.80715397
0.10035842 0.48466258 0.78538103
0.08243728 0.43558282 0.76438569
0.09677419 0.37423313 0.74494557
0.05017921 0.48466258 0.73017107
0.06093190 0.46012270 0.71228616
0.05017921 0.42944785 0.69284603
0.02508961 0.42331288 0.67729393
0.00000000 0.41104294 0.66329705
0.01792115 0.36196319 0.64541213
0.01075269 0.37423313 0.63297045
0.00716846 0.42331288 0.62441680
0.02150538 0.39263804 0.60730949
0.02867384 0.33742331 0.59409020
0.00358423 0.33128834 0.58320373
0.01075269 0.28834356 0.56687403
0.01075269 0.24539877 0.55520995
0.02508961 0.28220859 0.54199067
0.02508961 0.33128834 0.53499222
0.06093190 0.28834356 0.51944012
0.03942652 0.25153374 0.51088647
0.05017921 0.30674847 0.49844479
0.03942652 0.28220859 0.48833593
0.07526882 0.25153374 0.47900467
0.06810036 0.33742331 0.47278383
0.08960573 0.34355828 0.46500778
0.10752688 0.30061350 0.45645412
0.10752688 0.31288344 0.44790047
0.11111111 0.36196319 0.44090202
0.13620072 0.34969325 0.43079316
0.13978495 0.31288344 0.42379471
0.16129032 0.36809816 0.41601866
0.17204301 0.39263804 0.41057543
0.20430108 0.41717791 0.40357698
0.19713262 0.42331288 0.39891135
0.21863799 0.44171779 0.38958009
0.22939068 0.44171779 0.38569207
0.26164875 0.47852761 0.38102644
0.25806452 0.50306748 0.37791602
0.29032258 0.50920245 0.37169518
0.31541219 0.50920245 0.36936236
0.31899642 0.48466258 0.36080871
0.32258065 0.52760736 0.35458787
0.35125448 0.52760736 0.35225505
0.36917563 0.52147239 0.34836703
0.37634409 0.58895706 0.34214619
0.40501792 0.61349693 0.34059098
0.43010753 0.54601227 0.33514774
0.42652330 0.59509202 0.33359253
0.43727599 0.63803681 0.33125972
0.45161290 0.65030675 0.32892691
0.45878136 0.62576687 0.32581649
0.45878136 0.68711656 0.32581649
0.48028674 0.69938650 0.32115086
0.51254480 0.57668712 0.31881804
0.50537634 0.63803681 0.31493002
0.51254480 0.66871166 0.31026439
0.51971326 0.62576687 0.30559876
0.53405018 0.66257669 0.30326594
0.54121864 0.67484663 0.30171073
0.57347670 0.62576687 0.29860031
0.57706093 0.60122699 0.29704510
0.58781362 0.65644172 0.29082426
0.58781362 0.61349693 0.28460342
0.60215054 0.56441718 0.28071540
0.61290323 0.60736196 0.27527216
0.63440860 0.54601227 0.26905132
0.65949821 0.50920245 0.26127527
0.65949821 0.52147239 0.25505443
0.67741935 0.49079755 0.24572317
0.69534050 0.45398773 0.23794712
0.70250896 0.49079755 0.23094868
0.72401434 0.47852761 0.22395023
0.75627240 0.42331288 0.21539658
0.77060932 0.41104294 0.20684292
0.77060932 0.40490798 0.19440124
0.79211470 0.39877301 0.18584759
0.82078853 0.34969325 0.17107309
0.83512545 0.40490798 0.16251944
0.85304659 0.39263804 0.15241058
0.87813620 0.39263804 0.13919129
0.88888889 0.39877301 0.12441680
0.90322581 0.46012270 0.11197512
0.93548387 0.46012270 0.10108865
0.93548387 0.52760736 0.08786936
0.94982079 0.57055215 0.07620529
0.97849462 0.63190184 0.06298600
0.97491039 0.66871166 0.04976672
0.98924731 0.74846626 0.03810264
0.98924731 0.80981595 0.02566096
1.00000000 0.90184049 0.01088647
0.98924731 1.00000000 0.00000000
