0.0000 0.1774 0.0935
0.0064 0.1759 0.0929
0.0104 0.1673 0.0905
0.0162 0.1685 0.0909
0.0209 0.1685 0.0915
0.0243 0.1682 0.0917
0.0313 0.1661 0.0911
0.0356 0.1664 0.0905
0.0408 0.1682 0.0905
0.0458 0.1670 0.0899
0.0524 0.1682 0.0907
0.0553 0.1708 0.0917
0.0620 0.1717 0.0921
0.0669 0.1685 0.0919
0.0733 0.1649 0.0919
0.0785 0.1676 0.0939
0.0840 0.1652 0.0945
0.0880 0.1661 0.0967
0.0924 0.1622 0.0969
0.0947 0.1586 0.0983
0.0996 0.1535 0.0989
0.1034 0.1473 0.0987
0.1054 0.1493 0.0998
0.1080 0.1410 0.0991
0.1098 0.1398 0.0991
0.1106 0.1308 0.0977
0.1103 0.1341 0.0983
0.1121 0.1240 0.0961
0.1124 0.1275 0.0945
0.1124 0.1210 0.0929
0.1144 0.1198 0.0889
0.1138 0.1183 0.0875
0.1141 0.1147 0.0824
0.1138 0.1204 0.0814
0.1161 0.1111 0.0748
0.1182 0.1162 0.0707
0.1190 0.1102 0.0641
0.1208 0.1189 0.0615
0.1254 0.1135 0.0556
0.1266 0.1192 0.0510
0.1292 0.1222 0.0468
0.1329 0.1240 0.0413
0.1367 0.1284 0.0369
0.1402 0.1302 0.0308
0.1448 0.1443 0.0286
0.1491 0.1464 0.0244
0.1546 0.1544 0.0200
0.1599 0.1559 0.0165
0.1662 0.1697 0.0135
0.1723 0.1747 0.0109
0.1796 0.1822 0.0069
0.1880 0.1930 0.0064
0.1952 0.2001 0.0030
0.2053 0.2109 0.0028
0.2160 0.2124 0.0004
0.2282 0.2300 0.0008
0.2412 0.2330 0.0000
0.2566 0.2491 0.0008
0.2734 0.2551 0.0014
0.2922 0.2760 0.0048
0.3151 0.2852 0.0079
0.3403 0.3076 0.0127
0.3695 0.3286 0.0185
0.4031 0.3551 0.0268
0.4443 0.3829 0.0385
0.4886 0.4203 0.0538
0.5404 0.4657 0.0756
0.5983 0.5212 0.1054
0.6626 0.5866 0.1451
0.7292 0.6541 0.1981
0.8002 0.7422 0.2688
0.8694 0.8235 0.3609
0.9305 0.9268 0.4742
0.9722 0.9755 0.6038
0.9957 1.0000 0.7386
1.0000 0.9280 0.8591
0.9875 0.8333 0.9510
0.9612 0.6580 1.0000
0.9293 0.4791 0.9798
0.8856 0.2954 0.9111
0.8349 0.1559 0.7950
0.7767 0.0666 0.6815
0.7182 0.0099 0.5578
0.6580 0.0042 0.4552
0.5966 0.0000 0.3587
0.5410 0.0251 0.2845
0.4900 0.0370 0.2211
0.4422 0.0687 0.1737
0.4031 0.0857 0.1368
0.3690 0.1123 0.1072
0.3420 0.1293 0.0850
0.3154 0.1478 0.0661
0.2963 0.1688 0.0544
0.2789 0.1756 0.0429
0.2638 0.1947 0.0347
0.2491 0.1950 0.0282
0.2383 0.2121 0.0240
0.2285 0.2133 0.0191
0.2192 0.2213 0.0149
0.2111 0.2273 0.0137
