1.00000000 0.82222222 0.52849741
0.98128898 0.79722222 0.49740933
0.98752599 0.80925926 0.49740933
0.97089397 0.79722222 0.47927461
0.97505198 0.79259259 0.45077720
0.96049896 0.77222222 0.41968912
0.94802495 0.78888889 0.40414508
0.94802495 0.78240741 0.37823834
0.95426195 0.77685185 0.33419689
0.94386694 0.76018519 0.31606218
0.93970894 0.78148148 0.30051813
0.92723493 0.78333333 0.28238342
0.92099792 0.78796296 0.24093264
0.90852391 0.78333333 0.20725389
0.91060291 0.79814815 0.17098446
0.89397089 0.80185185 0.14507772
0.88773389 0.80555556 0.10621762
0.86902287 0.81388889 0.09844560
0.85862786 0.82592593 0.06476684
0.84199584 0.83055556 0.05440415
0.83367983 0.83518519 0.01813472
0.81496881 0.84722222 0.00518135
0.81081081 0.85370370 0.00000000
0.79209979 0.88055556 0.00777202
0.77130977 0.87870370 0.00259067
0.75883576 0.90370370 0.02072539
0.75051975 0.89814815 0.02590674
0.72349272 0.91388889 0.03626943
0.71933472 0.91944444 0.06735751
0.69438669 0.93888889 0.08549223
0.69230769 0.95000000 0.11139896
0.65904366 0.94907407 0.14248705
0.65280665 0.97129630 0.19689119
0.63617464 0.97500000 0.23834197
0.62993763 0.98425926 0.26943005
0.60706861 0.98240741 0.32642487
0.61122661 0.99814815 0.36787565
0.60083160 0.99814815 0.42487047
0.58419958 0.98981481 0.45854922
0.57796258 1.00000000 0.52072539
0.57380457 0.98981481 0.56476684
0.56756757 0.98055556 0.60362694
0.56964657 0.95648148 0.63212435
0.55925156 0.97037037 0.69170984
0.55717256 0.95555556 0.73316062
0.53846154 0.93796296 0.76683938
0.54261954 0.92222222 0.81347150
0.53014553 0.91018519 0.84196891
0.53014553 0.88796296 0.86269430
0.51143451 0.86296296 0.88601036
0.51559252 0.85740741 0.91968912
0.49064449 0.83703704 0.94818653
0.48440748 0.82037037 0.95595855
0.46985447 0.77500000 0.96891192
0.46153846 0.78333333 0.99222798
0.44698545 0.75462963 1.00000000
0.43659044 0.73148148 0.98186528
0.43243243 0.70370370 1.00000000
0.41580042 0.69259259 0.98704663
0.40332640 0.67222222 0.98704663
0.39501040 0.63611111 0.96113990
0.38253638 0.62037037 0.95595855
0.37214137 0.59722222 0.93782383
0.36382536 0.59074074 0.92746114
0.35966736 0.54814815 0.89119171
0.35135135 0.55740741 0.91191710
0.34095634 0.52314815 0.88341969
0.32016632 0.52222222 0.87564767
0.32224532 0.48148148 0.83678756
0.29729730 0.49444444 0.85492228
0.30769231 0.45740741 0.81865285
0.27442827 0.45277778 0.79274611
0.27858628 0.41296296 0.76943005
0.24324324 0.43055556 0.79015544
0.24324324 0.40000000 0.75906736
0.22037422 0.38240741 0.74093264
0.21205821 0.35277778 0.72538860
0.20166320 0.35277778 0.72797927
0.19958420 0.33148148 0.71243523
0.17671518 0.32222222 0.71761658
0.17047817 0.30185185 0.70725389
0.14968815 0.27962963 0.70725389
0.14137214 0.26203704 0.68911917
0.13721414 0.23148148 0.68134715
0.12266112 0.23148148 0.67616580
0.11642412 0.20555556 0.66062176
0.10395010 0.19444444 0.65803109
0.08939709 0.17222222 0.65025907
0.07900208 0.15925926 0.64507772
0.07484407 0.14722222 0.64507772
0.06652807 0.13518519 0.64248705
0.06444906 0.12314815 0.64248705
0.05613306 0.10555556 0.62435233
0.04781705 0.10370370 0.63730570
0.04365904 0.06944444 0.61139896
0.03118503 0.07222222 0.62694301
0.04365904 0.03518519 0.59067358
0.02286902 0.03333333 0.58808290
0.02286902 0.00462963 0.55958549
0.00000000 0.00000000 0.54404145
