1.0000 0.8469 0.5207
0.9873 0.8556 0.5518
0.9937 0.8458 0.5466
0.9852 0.8382 0.5518
0.9767 0.8241 0.5570
0.9810 0.8252 0.5622
0.9662 0.8176 0.5596
0.9598 0.8013 0.5492
0.9556 0.8024 0.5544
0.9471 0.7948 0.5492
0.9408 0.7915 0.5285
0.9218 0.7622 0.4974
0.9281 0.7763 0.4974
0.9112 0.7622 0.4793
0.9154 0.7568 0.4508
0.9006 0.7329 0.4197
0.8879 0.7524 0.4041
0.8879 0.7448 0.3782
0.8943 0.7383 0.3342
0.8837 0.7188 0.3161
0.8795 0.7438 0.3005
0.8668 0.7459 0.2824
0.8605 0.7514 0.2409
0.8478 0.7459 0.2073
0.8499 0.7633 0.1710
0.8330 0.7676 0.1451
0.8266 0.7720 0.1062
0.8076 0.7818 0.0984
0.7970 0.7959 0.0648
0.7801 0.8013 0.0544
0.7717 0.8067 0.0181
0.7526 0.8208 0.0052
0.7484 0.8284 0.0000
0.7294 0.8599 0.0078
0.7082 0.8578 0.0026
0.6956 0.8871 0.0207
0.6871 0.8806 0.0259
0.6596 0.8990 0.0363
0.6554 0.9055 0.0674
0.6300 0.9283 0.0855
0.6279 0.9414 0.1114
0.5941 0.9403 0.1425
0.5877 0.9663 0.1969
0.5708 0.9707 0.2383
0.5645 0.9815 0.2694
0.5412 0.9794 0.3264
0.5455 0.9978 0.3679
0.5349 0.9978 0.4249
0.5180 0.9881 0.4585
0.5116 1.0000 0.5207
0.5074 0.9881 0.5648
0.5011 0.9772 0.6036
0.5032 0.9490 0.6321
0.4926 0.9653 0.6917
0.4905 0.9479 0.7332
0.4715 0.9273 0.7668
0.4757 0.9088 0.8135
0.4630 0.8947 0.8420
0.4630 0.8686 0.8627
0.4440 0.8393 0.8860
0.4482 0.8328 0.9197
0.4228 0.8089 0.9482
0.4165 0.7894 0.9560
0.4017 0.7362 0.9689
0.3932 0.7459 0.9922
0.3784 0.7123 1.0000
0.3679 0.6851 0.9819
0.3636 0.6526 1.0000
0.3467 0.6395 0.9870
0.3340 0.6156 0.9870
0.3256 0.5733 0.9611
0.3129 0.5548 0.9560
0.3023 0.5277 0.9378
0.2939 0.5201 0.9275
0.2896 0.4701 0.8912
0.2812 0.4810 0.9119
0.2706 0.4408 0.8834
0.2495 0.4397 0.8756
0.2516 0.3920 0.8368
0.2262 0.4072 0.8549
0.2368 0.3637 0.8187
0.2030 0.3583 0.7927
0.2072 0.3116 0.7694
0.1712 0.3322 0.7902
0.1712 0.2964 0.7591
0.1480 0.2758 0.7409
0.1395 0.2410 0.7254
0.1290 0.2410 0.7280
0.1268 0.2161 0.7124
0.1036 0.2052 0.7176
0.0973 0.1813 0.7073
0.0761 0.1553 0.7073
0.0677 0.1346 0.6891
0.0634 0.0988 0.6813
0.0486 0.0988 0.6762
0.0423 0.0684 0.6606
0.0296 0.0554 0.6580
0.0148 0.0293 0.6503
0.0042 0.0141 0.6451
0.0000 0.0000 0.6451
