0.5854 0.0000 0.0000
0.6070 0.0117 0.0286
0.6352 0.0235 0.0430
0.6551 0.0358 0.0716
0.6733 0.0475 0.0811
0.6915 0.0590 0.1146
0.7164 0.0710 0.1289
0.7347 0.0833 0.1551
0.7595 0.0942 0.1647
0.7778 0.1065 0.1957
0.8010 0.1188 0.1981
0.8159 0.1312 0.2291
0.8358 0.1440 0.2339
0.8507 0.1561 0.2601
0.8657 0.1670 0.2721
0.8723 0.1796 0.3031
0.8823 0.1890 0.3150
0.8905 0.2019 0.3389
0.9071 0.2142 0.3532
0.9171 0.2268 0.3795
0.9386 0.2385 0.3795
0.9353 0.2509 0.4057
0.9420 0.2600 0.4081
0.9469 0.2712 0.4344
0.9552 0.2821 0.4368
0.9635 0.2932 0.4558
0.9701 0.3044 0.4606
0.9751 0.3162 0.4821
0.9834 0.3262 0.4845
0.9834 0.3385 0.4988
0.9934 0.3485 0.5060
0.9917 0.3594 0.5298
0.9900 0.3691 0.5418
0.9917 0.3803 0.5680
0.9950 0.3909 0.5728
0.9950 0.4015 0.5895
0.9983 0.4124 0.5967
0.9967 0.4238 0.6181
1.0000 0.4336 0.6229
1.0000 0.4450 0.6396
0.9967 0.4536 0.6420
0.9884 0.4639 0.6635
0.9900 0.4742 0.6683
0.9851 0.4851 0.6850
0.9884 0.4957 0.6802
0.9867 0.5069 0.6921
0.9851 0.5172 0.6921
0.9801 0.5272 0.7088
0.9784 0.5381 0.7160
0.9701 0.5475 0.7279
0.9619 0.5581 0.7327
0.9536 0.5687 0.7494
0.9469 0.5779 0.7494
0.9370 0.5885 0.7613
0.9287 0.5991 0.7733
0.9187 0.6094 0.7828
0.9071 0.6194 0.7852
0.9005 0.6280 0.8043
0.8856 0.6389 0.8043
0.8723 0.6489 0.8162
0.8673 0.6595 0.8162
0.8557 0.6704 0.8234
0.8458 0.6810 0.8210
0.8292 0.6910 0.8329
0.8192 0.7002 0.8425
0.8027 0.7093 0.8544
0.7877 0.7194 0.8568
0.7695 0.7297 0.8663
0.7562 0.7385 0.8711
0.7363 0.7486 0.8974
0.7231 0.7595 0.8902
0.6965 0.7686 0.8974
0.6766 0.7786 0.9045
0.6633 0.7867 0.9141
0.6368 0.7967 0.9236
0.6169 0.8064 0.9403
0.5954 0.8162 0.9284
0.5788 0.8253 0.9379
0.5572 0.8351 0.9356
0.5373 0.8434 0.9403
0.5158 0.8528 0.9379
0.4925 0.8600 0.9475
0.4677 0.8677 0.9523
0.4411 0.8766 0.9570
0.4163 0.8855 0.9618
0.3897 0.8932 0.9714
0.3599 0.9015 0.9690
0.3367 0.9095 0.9761
0.3101 0.9178 0.9737
0.2803 0.9253 0.9833
0.2537 0.9321 0.9833
0.2206 0.9399 0.9952
0.1924 0.9482 0.9952
0.1675 0.9553 1.0000
0.1343 0.9648 0.9881
0.1111 0.9716 0.9952
0.0846 0.9791 0.9905
0.0564 0.9863 0.9952
0.0299 0.9928 0.9976
0.0000 1.0000 1.0000
