0.22009569 0.00000000 0.00000000
0.21690590 0.00160385 0.00175721
0.21690590 0.00240577 0.00210865
0.21371611 0.00521251 0.00210865
0.19936204 0.00922213 0.00386586
0.20255183 0.00962310 0.00439302
0.19298246 0.01122694 0.00579879
0.18979266 0.01363272 0.00615023
0.17224880 0.01523657 0.00720455
0.17703349 0.01684042 0.00825888
0.16905901 0.01844427 0.00966464
0.17543860 0.02125100 0.01089469
0.15948963 0.02325581 0.01194901
0.15948963 0.02566159 0.01317906
0.15311005 0.02846832 0.01440911
0.15789474 0.03327987 0.01511199
0.14354067 0.03608661 0.01739636
0.14194577 0.03769046 0.01809924
0.13237640 0.03969527 0.02003217
0.13556619 0.04370489 0.02091077
0.12599681 0.04811548 0.02266798
0.12918660 0.05252606 0.02442519
0.12121212 0.05412991 0.02618240
0.12599681 0.05693665 0.02758816
0.12121212 0.06094627 0.02952109
0.12121212 0.06255012 0.03092686
0.11323764 0.06696071 0.03338695
0.12440191 0.07056937 0.03444128
0.12121212 0.07417803 0.03672565
0.12440191 0.07698476 0.03777997
0.11004785 0.07979150 0.03971290
0.12121212 0.08299920 0.04129439
0.11642743 0.08740978 0.04322732
0.11961722 0.08941460 0.04551169
0.11323764 0.08941460 0.04726889
0.11483254 0.08941460 0.04972898
0.12440191 0.09021652 0.05254052
0.14194577 0.09101844 0.05412200
0.14194577 0.09141941 0.05675782
0.15151515 0.09262229 0.05921791
0.14992026 0.09623095 0.06185372
0.16586922 0.09743384 0.06396237
0.16108453 0.10184443 0.06642246
0.16427432 0.10425020 0.06853111
0.16746411 0.10745790 0.07134264
0.17862839 0.11146752 0.07397845
0.18341308 0.12028869 0.07661427
0.19457735 0.12750601 0.07960152
0.19617225 0.13191660 0.08329166
0.21371611 0.13512430 0.08645463
0.21850080 0.14314354 0.09032049
0.22807018 0.15076183 0.09383490
0.23923445 0.15797915 0.09682216
0.25358852 0.16279070 0.10068801
0.26953748 0.17000802 0.10508103
0.29665072 0.17963111 0.10912261
0.30781499 0.18444266 0.11351563
0.33652313 0.19366480 0.11738149
0.36044657 0.21010425 0.12247739
0.37958533 0.22574178 0.12651897
0.39712919 0.23576584 0.13214204
0.43540670 0.24739374 0.13794082
0.46730463 0.26583801 0.14409105
0.50877193 0.28548516 0.15094416
0.53907496 0.30232558 0.15797299
0.58532695 0.31956696 0.16623187
0.61881978 0.34763432 0.17431503
0.66188198 0.37329591 0.18415539
0.70015949 0.39214114 0.19505008
0.75279107 0.41539695 0.20682337
0.79744817 0.44907779 0.22000243
0.84688995 0.48476343 0.23388438
0.88197767 0.51483561 0.25040213
0.91866029 0.54691259 0.26779849
0.94098884 0.58981556 0.28730350
0.94896332 0.64073777 0.30803855
0.95534290 0.68003208 0.33158514
0.97767145 0.71852446 0.35759181
0.99840510 0.76263031 0.38588286
1.00000000 0.80593424 0.41645828
0.98564593 0.84362470 0.45002095
0.96810207 0.88331997 0.48744948
0.93301435 0.92902967 0.52909531
0.86762360 0.97313553 0.57038969
0.79585327 0.99157979 0.61291413
0.73365231 0.99117883 0.65491140
0.66666667 0.99799519 0.70165313
0.58532695 1.00000000 0.74698909
0.48963317 0.98275862 0.78913505
0.40191388 0.94306335 0.82846947
0.31259968 0.89655172 0.86766873
0.19936204 0.85044106 0.90524594
0.08452951 0.79029671 0.93619984
0.02073365 0.70970329 0.95958422
0.00000000 0.61668003 0.97756181
0.00956938 0.52485966 0.99243049
0.01913876 0.42902967 1.00000000
0.05103668 0.32477947 0.99580973
0.09728868 0.21451484 0.98688853
0.13875598 0.11427426 0.97769698
