0.00000000 1.00000000 1.00000000
0.04316547 0.95266272 0.99519231
0.12949640 0.91715976 0.97355769
0.13669065 0.88165680 0.95432692
0.17266187 0.84615385 0.93509615
0.20143885 0.84023669 0.92548077
0.21582734 0.79289941 0.92067308
0.24460432 0.75147929 0.90144231
0.28057554 0.71005917 0.89423077
0.29496403 0.66272189 0.87980769
0.33812950 0.64497041 0.86778846
0.35971223 0.60946746 0.85576923
0.36690647 0.58579882 0.84375000
0.36690647 0.58579882 0.84134615
0.37410072 0.55621302 0.82211538
0.38848921 0.55029586 0.81490385
0.41726619 0.52662722 0.80288462
0.42446043 0.49704142 0.78365385
0.44604317 0.49704142 0.77884615
0.46762590 0.49704142 0.76442308
0.47482014 0.46745562 0.76201923
0.49640288 0.47337278 0.74278846
0.49640288 0.46153846 0.74759615
0.49640288 0.43195266 0.72836538
0.51079137 0.42011834 0.72355769
0.51079137 0.39644970 0.71153846
0.53237410 0.36094675 0.70192308
0.53237410 0.34911243 0.69711538
0.56834532 0.33727811 0.68750000
0.57553957 0.30769231 0.68269231
0.58992806 0.29585799 0.67548077
0.60431655 0.30177515 0.66346154
0.61151079 0.28994083 0.65384615
0.61151079 0.26035503 0.64423077
0.62589928 0.27810651 0.63701923
0.64028777 0.26627219 0.62259615
0.65467626 0.26035503 0.61057692
0.65467626 0.23668639 0.60576923
0.67625899 0.26035503 0.59375000
0.67625899 0.21893491 0.58894231
0.69784173 0.21301775 0.57932692
0.68345324 0.23076923 0.56971154
0.70503597 0.21893491 0.56730769
0.70503597 0.19526627 0.54807692
0.71223022 0.18343195 0.54807692
0.71942446 0.19526627 0.53365385
0.71942446 0.19526627 0.53365385
0.71223022 0.17159763 0.51682692
0.71223022 0.18343195 0.50961538
0.72661871 0.18934911 0.50000000
0.72661871 0.15384615 0.49038462
0.72661871 0.15384615 0.50000000
0.78417266 0.16568047 0.48076923
0.76258993 0.14201183 0.46875000
0.76978417 0.12426036 0.45913462
0.78417266 0.14201183 0.44471154
0.78417266 0.11242604 0.44230769
0.79136691 0.11834320 0.42548077
0.79856115 0.12426036 0.42548077
0.79856115 0.11834320 0.41105769
0.79856115 0.11242604 0.40384615
0.82733813 0.13017751 0.39663462
0.84892086 0.10650888 0.38701923
0.82733813 0.08284024 0.37500000
0.84892086 0.09467456 0.36778846
0.83453237 0.09467456 0.35336538
0.84892086 0.05917160 0.35096154
0.84892086 0.07692308 0.33653846
0.85611511 0.06508876 0.33173077
0.82733813 0.05325444 0.31250000
0.85611511 0.07100592 0.31250000
0.87050360 0.05325444 0.29326923
0.87769784 0.02958580 0.28365385
0.89928058 0.04733728 0.26682692
0.91366906 0.02366864 0.25961538
0.90647482 0.01775148 0.24759615
0.92805755 0.03550296 0.24038462
0.90647482 0.01183432 0.22836538
0.93525180 0.01775148 0.21394231
0.92805755 0.04142012 0.21153846
0.95683453 0.01775148 0.18750000
0.96402878 0.02958580 0.17307692
0.96402878 0.02366864 0.16105769
0.97122302 0.00000000 0.15144231
0.94244604 0.01775148 0.14663462
0.96402878 0.01183432 0.13461538
0.95683453 0.01183432 0.13221154
0.94244604 0.03550296 0.12019231
0.96402878 0.02958580 0.10817308
0.95683453 0.02366864 0.10096154
0.97122302 0.04142012 0.08653846
0.94964029 0.02366864 0.07692308
0.96402878 0.02958580 0.07451923
0.96402878 0.04733728 0.06490385
0.97841727 0.03550296 0.05769231
0.96402878 0.05917160 0.04086538
0.98561151 0.07692308 0.04086538
0.98561151 0.05917160 0.01923077
1.00000000 0.07100592 0.00721154
1.00000000 0.06508876 0.00000000
