0.00000000 1.00000000 1.00000000
0.03495441 0.96687898 1.00000000
0.06990881 0.95286624 0.97002141
0.09270517 0.93248408 0.95717345
0.12006079 0.91082803 0.94860814
0.15045593 0.88662420 0.93361884
0.17933131 0.86242038 0.92291221
0.20668693 0.83821656 0.90578158
0.23556231 0.81528662 0.89721627
0.27203647 0.79108280 0.88008565
0.30091185 0.77197452 0.87152034
0.33130699 0.74140127 0.86081370
0.36170213 0.70955414 0.85653105
0.40121581 0.68152866 0.83725910
0.43617021 0.65987261 0.82441113
0.46808511 0.63184713 0.81156317
0.49696049 0.60254777 0.80299786
0.52887538 0.56942675 0.79657388
0.56079027 0.54140127 0.78586724
0.58510638 0.51464968 0.77516060
0.60790274 0.49554140 0.77087794
0.63373860 0.47133758 0.75160600
0.66109422 0.44968153 0.74732334
0.68237082 0.43057325 0.72805139
0.69452888 0.41910828 0.71734475
0.70972644 0.40254777 0.70449679
0.72188450 0.38343949 0.69593148
0.73404255 0.36305732 0.68094218
0.74468085 0.35414013 0.66809422
0.75227964 0.34649682 0.66381156
0.75835866 0.33757962 0.65310493
0.75987842 0.32738854 0.64668094
0.76595745 0.31210191 0.63597430
0.77355623 0.30573248 0.62312634
0.77659574 0.29808917 0.60813704
0.78571429 0.29426752 0.59743041
0.78723404 0.28789809 0.58886510
0.78267477 0.28025478 0.58029979
0.78875380 0.27515924 0.57601713
0.78723404 0.27388535 0.55888651
0.79331307 0.26369427 0.54817987
0.80091185 0.25859873 0.53747323
0.80243161 0.24840764 0.53319058
0.80699088 0.24203822 0.52034261
0.80851064 0.23057325 0.51820128
0.81306991 0.22165605 0.50321199
0.81610942 0.21528662 0.49678801
0.82674772 0.20636943 0.48179872
0.82978723 0.19617834 0.47323340
0.84194529 0.19235669 0.45396146
0.84650456 0.17834395 0.44539615
0.85562310 0.16815287 0.44111349
0.87386018 0.16050955 0.42184154
0.87537994 0.15286624 0.40471092
0.88297872 0.14522293 0.38758030
0.88905775 0.14394904 0.37901499
0.89209726 0.13375796 0.37473233
0.89817629 0.12484076 0.35760171
0.90577508 0.11592357 0.35117773
0.90881459 0.10573248 0.33832976
0.91793313 0.10191083 0.32762313
0.92249240 0.09426752 0.31691649
0.92401216 0.08917197 0.30620985
0.92401216 0.08917197 0.30406852
0.92553191 0.08280255 0.28693790
0.92857143 0.08152866 0.28051392
0.93465046 0.07643312 0.26980728
0.93617021 0.07006369 0.25267666
0.94072948 0.07006369 0.24839400
0.94528875 0.07006369 0.23554604
0.94680851 0.06369427 0.23340471
0.95136778 0.06496815 0.21627409
0.95136778 0.06242038 0.22055675
0.95136778 0.05605096 0.20342612
0.95440729 0.05350318 0.19914347
0.95440729 0.04840764 0.18843683
0.95896657 0.04076433 0.17987152
0.95896657 0.03821656 0.17558887
0.96656535 0.03566879 0.16702355
0.96808511 0.02929936 0.16274090
0.97112462 0.02675159 0.15631692
0.97416413 0.02802548 0.14561028
0.97568389 0.02547771 0.13704497
0.97568389 0.01910828 0.12847966
0.97872340 0.02292994 0.12205567
0.98176292 0.02038217 0.10920771
0.98480243 0.01910828 0.09850107
0.98480243 0.01401274 0.09421842
0.98936170 0.01910828 0.08351178
0.98936170 0.01019108 0.07922912
0.99392097 0.00891720 0.07066381
0.99088146 0.01273885 0.06209850
0.99544073 0.01019108 0.05995717
0.99544073 0.00509554 0.04282655
0.99696049 0.00254777 0.04282655
0.99848024 0.00509554 0.02997859
0.99848024 0.00509554 0.02997859
0.99696049 0.00000000 0.01498929
0.99696049 0.00254777 0.00856531
1.00000000 0.00382166 0.00000000
