0.00000000 0.23170732 1.00000000
0.04819277 0.26829268 0.99125364
0.08433735 0.21951220 0.97959184
0.04819277 0.17073171 0.96501458
0.08433735 0.19512195 0.95626822
0.06024096 0.19512195 0.93877551
0.08433735 0.12195122 0.93586006
0.08433735 0.15853659 0.91836735
0.09638554 0.13414634 0.91253644
0.04819277 0.10975610 0.88921283
0.09638554 0.14634146 0.88921283
0.12048193 0.10975610 0.86588921
0.13253012 0.06097561 0.85422741
0.16867470 0.09756098 0.83381924
0.19277108 0.04878049 0.82507289
0.18072289 0.03658537 0.81049563
0.21686747 0.07317073 0.80174927
0.18072289 0.02439024 0.78717201
0.22891566 0.03658537 0.76967930
0.21686747 0.08536585 0.76676385
0.26506024 0.03658537 0.73760933
0.27710843 0.06097561 0.72011662
0.27710843 0.04878049 0.70553936
0.28915663 0.00000000 0.69387755
0.24096386 0.03658537 0.68804665
0.27710843 0.02439024 0.67346939
0.26506024 0.02439024 0.67055394
0.24096386 0.07317073 0.65597668
0.27710843 0.06097561 0.64139942
0.26506024 0.04878049 0.63265306
0.28915663 0.08536585 0.61516035
0.25301205 0.04878049 0.60349854
0.27710843 0.06097561 0.60058309
0.27710843 0.09756098 0.58892128
0.30120482 0.07317073 0.58017493
0.27710843 0.12195122 0.55976676
0.31325301 0.15853659 0.55976676
0.31325301 0.12195122 0.53352770
0.33734940 0.14634146 0.51895044
0.33734940 0.13414634 0.51020408
0.36144578 0.10975610 0.50437318
0.33734940 0.18292683 0.50728863
0.40963855 0.14634146 0.49271137
0.36144578 0.19512195 0.47521866
0.37349398 0.18292683 0.47521866
0.34939759 0.15853659 0.45772595
0.39759036 0.18292683 0.44314869
0.39759036 0.15853659 0.42274052
0.44578313 0.17073171 0.41982507
0.40963855 0.19512195 0.41107872
0.42168675 0.17073171 0.40524781
0.43373494 0.24390244 0.38775510
0.45783133 0.21951220 0.38192420
0.46987952 0.23170732 0.36443149
0.50602410 0.30487805 0.34693878
0.49397590 0.26829268 0.33819242
0.53012048 0.28048780 0.32944606
0.50602410 0.31707317 0.31778426
0.53012048 0.32926829 0.31486880
0.49397590 0.37804878 0.30320700
0.57831325 0.35365854 0.29154519
0.53012048 0.41463415 0.28862974
0.57831325 0.39024390 0.27988338
0.56626506 0.40243902 0.27113703
0.60240964 0.43902439 0.26239067
0.60240964 0.43902439 0.25364431
0.62650602 0.50000000 0.24781341
0.62650602 0.47560976 0.24489796
0.59036145 0.50000000 0.23323615
0.61445783 0.50000000 0.22157434
0.61445783 0.51219512 0.20408163
0.66265060 0.59756098 0.20116618
0.67469880 0.57317073 0.18950437
0.67469880 0.62195122 0.18367347
0.72289157 0.60975610 0.17201166
0.66265060 0.62195122 0.16326531
0.73493976 0.63414634 0.15160350
0.69879518 0.59756098 0.14577259
0.74698795 0.65853659 0.13994169
0.72289157 0.63414634 0.11953353
0.75903614 0.70731707 0.12244898
0.73493976 0.70731707 0.11078717
0.77108434 0.71951220 0.10495627
0.77108434 0.70731707 0.09620991
0.79518072 0.68292683 0.09037901
0.81927711 0.76829268 0.07580175
0.84337349 0.74390244 0.06997085
0.87951807 0.85365854 0.06705539
0.90361446 0.82926829 0.05247813
0.86746988 0.85365854 0.04373178
0.91566265 0.86585366 0.03790087
0.87951807 0.87804878 0.04081633
0.98795181 0.89024390 0.02915452
0.93975904 0.92682927 0.01457726
0.96385542 0.92682927 0.02040816
0.93975904 1.00000000 0.00874636
0.95180723 0.91463415 0.01166181
0.95180723 0.98780488 0.00291545
0.97590361 0.95121951 0.00583090
1.00000000 0.93902439 0.00000000
