0.9725 0.0780 1.0000
0.9767 0.0145 0.9522
0.9787 0.0723 0.9926
0.9822 0.0260 0.9118
0.9856 0.0925 0.9522
0.9904 0.0087 0.8750
0.9918 0.0491 0.9081
0.9945 0.0000 0.8199
0.9993 0.0607 0.8235
1.0000 0.0173 0.7390
0.9986 0.0636 0.7574
0.9973 0.0116 0.7096
0.9959 0.0838 0.6507
0.9945 0.0434 0.5919
0.9883 0.1127 0.5772
0.9835 0.0954 0.5147
0.9780 0.1647 0.4743
0.9705 0.1879 0.4118
0.9595 0.2399 0.3971
0.9458 0.2428 0.3676
0.9348 0.2948 0.3235
0.9238 0.3295 0.2721
0.9080 0.3728 0.2574
0.8922 0.3699 0.2243
0.8730 0.4162 0.1875
0.8586 0.4509 0.1544
0.8360 0.4827 0.1360
0.8174 0.4942 0.1103
0.7941 0.5202 0.0956
0.7804 0.5751 0.0625
0.7598 0.5983 0.0404
0.7392 0.5983 0.0331
0.7138 0.6358 0.0404
0.6973 0.6734 0.0000
0.6733 0.7283 0.0110
0.6520 0.7341 0.0257
0.6287 0.7312 0.0662
0.6122 0.7486 0.0588
0.5923 0.7919 0.0699
0.5752 0.8179 0.0882
0.5532 0.8353 0.1213
0.5340 0.8584 0.1507
0.5161 0.8786 0.1765
0.5003 0.9075 0.2059
0.4818 0.9104 0.2463
0.4667 0.9335 0.2868
0.4468 0.9422 0.3088
0.4379 0.9682 0.3235
0.4207 0.9711 0.3713
0.4077 0.9595 0.4338
0.3878 0.9653 0.4522
0.3768 1.0000 0.4779
0.3617 0.9971 0.5074
0.3528 0.9855 0.5551
0.3342 0.9566 0.5919
0.3253 0.9538 0.6287
0.3123 0.9364 0.6544
0.3054 0.9306 0.6875
0.2924 0.9017 0.7096
0.2814 0.8960 0.7426
0.2663 0.8757 0.7647
0.2601 0.8584 0.7941
0.2505 0.8410 0.8015
0.2395 0.8064 0.8162
0.2272 0.8179 0.8125
0.2203 0.7919 0.8162
0.2093 0.7630 0.8199
0.2032 0.7399 0.8382
0.1908 0.7052 0.8382
0.1839 0.6994 0.8382
0.1723 0.6792 0.8309
0.1702 0.6792 0.8309
0.1599 0.6358 0.8419
0.1558 0.5983 0.8382
0.1455 0.5867 0.8199
0.1434 0.5809 0.8015
0.1380 0.6012 0.7868
0.1332 0.5723 0.7904
0.1215 0.5549 0.7868
0.1160 0.5520 0.7757
0.1091 0.5434 0.7574
0.1050 0.5665 0.7353
0.0961 0.5578 0.7243
0.0954 0.5405 0.7279
0.0837 0.5376 0.7206
0.0830 0.5260 0.7096
0.0755 0.5578 0.6765
0.0741 0.5578 0.6765
0.0618 0.5462 0.6765
0.0563 0.5318 0.6838
0.0487 0.5087 0.6875
0.0487 0.5434 0.6581
0.0405 0.5462 0.6471
0.0384 0.5347 0.6397
0.0281 0.5145 0.6324
0.0275 0.5058 0.6324
0.0192 0.5260 0.6029
0.0165 0.5260 0.6029
0.0041 0.5289 0.5956
0.0000 0.5087 0.5956
