1.00000000 1.00000000 0.00000000
0.88659794 0.84848485 0.04166667
0.75773196 0.69696970 0.16666667
0.65463918 0.60606061 0.16666667
0.54639175 0.45454545 0.37500000
0.46391753 0.45454545 0.41666667
0.36597938 0.42424242 0.54166667
0.30927835 0.45454545 0.62500000
0.24226804 0.30303030 0.79166667
0.18041237 0.33333333 0.79166667
0.12371134 0.27272727 0.95833333
0.09793814 0.30303030 0.79166667
0.04123711 0.18181818 1.00000000
0.03608247 0.21212121 0.87500000
0.00515464 0.12121212 0.95833333
0.01030928 0.12121212 0.87500000
0.00000000 0.18181818 0.95833333
0.00515464 0.12121212 0.83333333
0.01030928 0.12121212 0.95833333
0.02061856 0.21212121 0.79166667
0.01546392 0.12121212 0.87500000
0.03608247 0.18181818 0.79166667
0.02577320 0.21212121 0.83333333
0.03092784 0.24242424 0.79166667
0.03608247 0.21212121 0.91666667
0.02577320 0.21212121 0.83333333
0.02577320 0.18181818 0.91666667
0.02577320 0.18181818 0.79166667
0.01030928 0.09090909 1.00000000
0.01546392 0.24242424 0.87500000
0.01030928 0.03030303 0.91666667
0.00515464 0.15151515 0.91666667
0.02061856 0.09090909 0.91666667
0.01546392 0.09090909 0.87500000
0.01546392 0.03030303 0.91666667
0.03092784 0.12121212 0.79166667
0.01030928 0.06060606 0.83333333
0.02577320 0.12121212 0.79166667
0.01546392 0.15151515 0.83333333
0.01546392 0.12121212 0.83333333
0.02061856 0.18181818 0.87500000
0.02061856 0.09090909 1.00000000
0.04123711 0.12121212 0.87500000
0.02577320 0.09090909 0.79166667
0.01546392 0.06060606 0.87500000
0.02577320 0.18181818 0.75000000
0.01546392 0.06060606 0.91666667
0.02577320 0.09090909 0.83333333
0.02577320 0.12121212 0.87500000
0.01546392 0.15151515 0.79166667
0.01546392 0.12121212 0.95833333
0.02061856 0.12121212 0.79166667
0.01030928 0.06060606 0.91666667
0.02061856 0.18181818 0.83333333
0.01546392 0.00000000 0.91666667
0.02061856 0.21212121 0.75000000
0.02577320 0.09090909 0.83333333
0.02061856 0.09090909 0.83333333
0.02061856 0.09090909 0.87500000
0.01030928 0.12121212 0.83333333
0.02577320 0.12121212 0.83333333
0.02577320 0.21212121 0.70833333
0.02061856 0.06060606 0.87500000
0.02577320 0.12121212 0.75000000
0.02577320 0.09090909 0.79166667
0.01030928 0.12121212 0.83333333
0.03092784 0.12121212 0.87500000
0.02061856 0.15151515 0.79166667
0.02577320 0.12121212 0.83333333
0.02061856 0.21212121 0.66666667
0.01546392 0.06060606 0.83333333
0.01546392 0.15151515 0.83333333
0.02061856 0.12121212 0.91666667
0.01030928 0.15151515 0.79166667
0.02061856 0.06060606 0.95833333
0.02061856 0.09090909 0.79166667
0.02577320 0.06060606 0.87500000
0.02061856 0.12121212 0.83333333
0.02061856 0.06060606 0.87500000
0.01546392 0.24242424 0.79166667
0.01546392 0.18181818 0.83333333
0.02577320 0.18181818 0.79166667
0.02061856 0.12121212 0.83333333
0.01546392 0.12121212 0.87500000
0.02061856 0.15151515 0.83333333
0.01546392 0.09090909 0.83333333
0.02577320 0.09090909 0.91666667
0.02061856 0.12121212 0.75000000
0.02061856 0.09090909 0.83333333
0.02061856 0.18181818 0.83333333
0.01546392 0.09090909 0.91666667
0.01546392 0.09090909 0.91666667
0.04639175 0.12121212 0.79166667
0.00515464 0.06060606 0.83333333
0.02061856 0.12121212 0.83333333
0.01030928 0.15151515 0.83333333
0.02061856 0.24242424 0.83333333
0.02061856 0.12121212 0.79166667
0.01030928 0.03030303 0.87500000
0.01546392 0.18181818 0.79166667
