-74.6429 -0.0000 0.0000
-73.7857 0.0109 0.0423
-72.9286 0.0327 0.0376
-72.1429 0.0654 0.0657
-71.4286 0.0763 0.0657
-70.5714 0.1144 0.0939
-69.7143 0.1199 0.1033
-69.0714 0.1471 0.1362
-68.0000 0.1580 0.1502
-67.3571 0.1771 0.1784
-66.2857 0.1962 0.1878
-65.5714 0.1989 0.2113
-64.5714 0.2207 0.2207
-63.7857 0.2343 0.2347
-62.8571 0.2398 0.2441
-61.9286 0.2807 0.2676
-61.0714 0.2834 0.2817
-60.2143 0.3106 0.3005
-59.2143 0.3351 0.3146
-58.4286 0.3379 0.3286
-57.3571 0.3651 0.3333
-56.5000 0.3842 0.3850
-56.0000 0.3924 0.3662
-54.6429 0.4142 0.3850
-53.8571 0.4169 0.3991
-53.0714 0.4441 0.4178
-51.7143 0.4605 0.4272
-51.0714 0.4796 0.4460
-49.9286 0.4877 0.4507
-49.0000 0.5068 0.4742
-47.8571 0.5095 0.4836
-46.8571 0.5286 0.5117
-45.9286 0.5395 0.5164
-45.0714 0.5586 0.5305
-44.0000 0.5858 0.5399
-43.1429 0.5995 0.5587
-42.1429 0.6240 0.5634
-41.3571 0.6294 0.5869
-40.1429 0.6376 0.6009
-39.1429 0.6567 0.6150
-38.2143 0.6540 0.6244
-37.2857 0.6730 0.6432
-36.1429 0.6839 0.6573
-35.2857 0.6921 0.6808
-34.0714 0.6975 0.6761
-33.2857 0.7248 0.6901
-32.0714 0.7112 0.6901
-31.2143 0.7330 0.7277
-29.9286 0.7384 0.7183
-29.2857 0.7466 0.7465
-28.2143 0.7575 0.7465
-27.2857 0.7738 0.7653
-26.4286 0.7766 0.7559
-25.4286 0.8011 0.7793
-24.7143 0.8038 0.7746
-23.8571 0.8120 0.7934
-22.7857 0.8283 0.7887
-22.0714 0.8311 0.8169
-21.0000 0.8311 0.8122
-20.1429 0.8474 0.8404
-19.3571 0.8365 0.8357
-18.2857 0.8529 0.8451
-17.2857 0.8529 0.8404
-16.5000 0.8610 0.8732
-15.3571 0.8610 0.8685
-14.5714 0.8638 0.8920
-13.6429 0.8747 0.8873
-12.7143 0.8965 0.9108
-11.7857 0.8910 0.9061
-11.0714 0.9128 0.9155
-10.2143 0.9155 0.9108
-9.4286 0.9237 0.9531
-8.7143 0.9237 0.9343
-7.5714 0.9346 0.9531
-6.5714 0.9319 0.9484
-5.7143 0.9428 0.9671
-4.7857 0.9292 0.9531
-3.9286 0.9482 0.9765
-2.8571 0.9373 0.9671
-2.0000 0.9401 0.9765
-0.9286 0.9428 0.9718
-0.0000 0.9537 0.9906
1.0000 0.9455 0.9718
1.7857 0.9619 1.0000
2.9286 0.9537 0.9906
3.6429 0.9564 1.0000
4.7143 0.9591 0.9859
5.2857 0.9673 0.9906
6.3571 0.9700 0.9718
7.0714 0.9782 0.9953
8.0000 0.9837 0.9765
9.0000 1.0000 0.9812
10.0000 0.9837 0.9718
10.6429 0.9973 0.9812
11.8571 0.9946 0.9531
12.5000 0.9891 0.9671
13.6429 0.9837 0.9531
14.5714 0.9891 0.9484
15.6429 0.9782 0.9484
16.4286 0.9918 0.9437
