1.0000 0.0000 1.0000
0.9714 0.0035 0.9821
0.9619 0.0053 0.9643
0.9429 0.0105 0.9444
0.9429 0.0114 0.9266
0.8857 0.0123 0.9107
0.9143 0.0202 0.8869
0.8762 0.0211 0.8690
0.8952 0.0202 0.8472
0.8857 0.0237 0.8313
0.8952 0.0237 0.8075
0.8762 0.0290 0.7877
0.8762 0.0334 0.7639
0.8381 0.0413 0.7520
0.8476 0.0448 0.7341
0.7905 0.0536 0.7163
0.7810 0.0615 0.6964
0.7333 0.0641 0.6786
0.7238 0.0703 0.6567
0.6762 0.0773 0.6389
0.6667 0.0791 0.6151
0.6190 0.0870 0.6032
0.6762 0.0949 0.5774
0.5905 0.0993 0.5595
0.6190 0.1107 0.5397
0.6000 0.1160 0.5238
0.6000 0.1186 0.4980
0.5619 0.1292 0.4782
0.5810 0.1301 0.4603
0.5333 0.1388 0.4425
0.5905 0.1485 0.4206
0.5238 0.1564 0.4028
0.5524 0.1661 0.3889
0.5048 0.1810 0.3671
0.5143 0.1863 0.3492
0.4571 0.1995 0.3333
0.4571 0.2065 0.3115
0.3714 0.2127 0.2917
0.4190 0.2285 0.2778
0.3429 0.2381 0.2599
0.3905 0.2504 0.2480
0.3429 0.2645 0.2361
0.3619 0.2698 0.2143
0.3238 0.2865 0.2063
0.3714 0.2900 0.1885
0.3429 0.3005 0.1806
0.3714 0.3137 0.1627
0.3143 0.3243 0.1528
0.3714 0.3366 0.1369
0.3048 0.3506 0.1270
0.3714 0.3594 0.1131
0.3048 0.3735 0.1032
0.3619 0.3840 0.0933
0.2857 0.3972 0.0813
0.3524 0.4095 0.0714
0.3048 0.4227 0.0615
0.3524 0.4367 0.0575
0.3238 0.4499 0.0476
0.3524 0.4613 0.0357
0.3143 0.4763 0.0298
0.3619 0.4807 0.0238
0.3238 0.4974 0.0218
0.3810 0.5070 0.0198
0.3238 0.5211 0.0119
0.4190 0.5378 0.0079
0.3143 0.5492 0.0040
0.4095 0.5633 0.0000
0.3238 0.5782 0.0020
0.3714 0.5879 0.0040
0.3143 0.6054 0.0040
0.3429 0.6186 0.0040
0.2857 0.6362 0.0119
0.3714 0.6494 0.0099
0.2762 0.6643 0.0119
0.3619 0.6757 0.0159
0.2667 0.6924 0.0238
0.3524 0.7065 0.0317
0.2762 0.7179 0.0476
0.3619 0.7302 0.0556
0.3048 0.7443 0.0694
0.3714 0.7557 0.0734
0.3048 0.7750 0.0853
0.3429 0.7838 0.0933
0.2667 0.8014 0.1111
0.3238 0.8093 0.1250
0.2286 0.8278 0.1389
0.3048 0.8409 0.1528
0.2190 0.8585 0.1726
0.2857 0.8682 0.1825
0.1810 0.8849 0.2063
0.2667 0.8946 0.2282
0.1524 0.9077 0.2540
0.2190 0.9165 0.2698
0.1048 0.9262 0.2976
0.1714 0.9385 0.3155
0.0667 0.9517 0.3333
0.1333 0.9613 0.3611
0.0000 0.9763 0.3849
0.0667 0.9815 0.4067
0.0000 1.0000 0.4325
