0.0028 0.0390 0.9459
0.0000 0.0130 0.9618
0.0195 0.0065 0.9522
0.0111 0.0390 0.9586
0.0251 0.0195 0.9586
0.0279 0.0000 0.9745
0.0446 0.0325 0.9618
0.0306 0.0649 0.9809
0.0474 0.0584 0.9713
0.0529 0.0584 0.9904
0.0836 0.0584 0.9745
0.0641 0.0325 0.9841
0.0752 0.0584 0.9745
0.0780 0.0714 0.9873
0.1031 0.0584 0.9841
0.1003 0.0455 0.9873
0.1086 0.0649 0.9682
0.1114 0.1169 0.9873
0.1337 0.0714 0.9841
0.1393 0.0779 0.9904
0.1588 0.0974 0.9841
0.1504 0.1299 0.9968
0.1671 0.1429 0.9873
0.1866 0.1818 1.0000
0.2117 0.1948 0.9873
0.2089 0.2208 0.9904
0.2228 0.2273 0.9809
0.2284 0.2922 0.9841
0.2618 0.2792 0.9713
0.2591 0.2857 0.9682
0.2702 0.3117 0.9586
0.2702 0.3442 0.9618
0.2981 0.3312 0.9682
0.3120 0.3636 0.9618
0.3259 0.3831 0.9395
0.3203 0.4156 0.9586
0.3370 0.4351 0.9395
0.3398 0.4481 0.9459
0.3593 0.4675 0.9268
0.3565 0.4805 0.9395
0.3705 0.5130 0.9172
0.3705 0.5195 0.9331
0.4067 0.5584 0.9172
0.4011 0.5455 0.9076
0.4178 0.5519 0.8885
0.4123 0.5779 0.8949
0.4457 0.5974 0.8694
0.4457 0.5909 0.8758
0.4708 0.5779 0.8567
0.4680 0.6104 0.8599
0.4958 0.6364 0.8408
0.5097 0.6558 0.8439
0.5237 0.6364 0.8185
0.5265 0.6688 0.8217
0.5543 0.6753 0.8089
0.5655 0.6818 0.8025
0.5822 0.6753 0.7866
0.5766 0.7013 0.7803
0.6017 0.7143 0.7611
0.6128 0.7468 0.7580
0.6379 0.7403 0.7261
0.6351 0.7597 0.7325
0.6546 0.7597 0.7006
0.6769 0.7403 0.7006
0.6964 0.7532 0.6561
0.6964 0.7727 0.6624
0.7214 0.7727 0.6369
0.7354 0.7532 0.6274
0.7521 0.7857 0.6051
0.7549 0.7922 0.5955
0.7772 0.7792 0.5796
0.7855 0.7987 0.5605
0.8106 0.8247 0.5350
0.8134 0.8766 0.5255
0.8329 0.8701 0.5032
0.8384 0.8766 0.4904
0.8496 0.8766 0.4554
0.8496 0.9026 0.4490
0.8691 0.9221 0.4140
0.8830 0.8961 0.4108
0.8997 0.8961 0.3790
0.8914 0.9221 0.3662
0.9136 0.9091 0.3471
0.9304 0.9416 0.3248
0.9276 0.9545 0.2994
0.9248 0.9610 0.3025
0.9359 0.9545 0.2611
0.9471 0.9675 0.2580
0.9582 0.9935 0.2197
0.9582 1.0000 0.2102
0.9638 0.9870 0.1752
0.9638 0.9675 0.1624
0.9694 0.9481 0.1242
0.9666 0.9545 0.1210
0.9777 0.9416 0.0796
0.9805 0.9156 0.0860
0.9916 0.8961 0.0446
0.9944 0.9221 0.0414
0.9972 0.8961 0.0000
1.0000 0.8636 0.0032
