1.00000000 0.02777778 0.45161290
0.97309417 0.00000000 0.61290323
0.99103139 0.04166667 0.38709677
0.95964126 0.06944444 0.41935484
0.95964126 0.04166667 0.38709677
0.93273543 0.06944444 0.35483871
0.93273543 0.08333333 0.35483871
0.91928251 0.15277778 0.35483871
0.91031390 0.12500000 0.32258065
0.88789238 0.16666667 0.32258065
0.88789238 0.15277778 0.29032258
0.88340807 0.13888889 0.29032258
0.87443946 0.12500000 0.29032258
0.86098655 0.20833333 0.22580645
0.86098655 0.26388889 0.16129032
0.85650224 0.26388889 0.16129032
0.85201794 0.29166667 0.16129032
0.83856502 0.30555556 0.19354839
0.82959641 0.30555556 0.09677419
0.81165919 0.34722222 0.16129032
0.80717489 0.36111111 0.16129032
0.79820628 0.31944444 0.22580645
0.78923767 0.30555556 0.19354839
0.75784753 0.33333333 0.16129032
0.77130045 0.36111111 0.19354839
0.75336323 0.37500000 0.16129032
0.73542601 0.41666667 0.12903226
0.73094170 0.40277778 0.16129032
0.72645740 0.41666667 0.16129032
0.71300448 0.43055556 0.22580645
0.69506726 0.48611111 0.12903226
0.69058296 0.50000000 0.22580645
0.66816143 0.52777778 0.16129032
0.67713004 0.45833333 0.22580645
0.66367713 0.50000000 0.12903226
0.66367713 0.50000000 0.16129032
0.65919283 0.59722222 0.16129032
0.65022422 0.59722222 0.22580645
0.63677130 0.54166667 0.12903226
0.63677130 0.55555556 0.32258065
0.61434978 0.59722222 0.16129032
0.60089686 0.61111111 0.22580645
0.58295964 0.63888889 0.12903226
0.57399103 0.65277778 0.19354839
0.56053812 0.65277778 0.09677419
0.56053812 0.68055556 0.12903226
0.54708520 0.70833333 0.09677419
0.53363229 0.69444444 0.16129032
0.51569507 0.68055556 0.09677419
0.50672646 0.73611111 0.16129032
0.48878924 0.70833333 0.09677419
0.48430493 0.72222222 0.35483871
0.48878924 0.81944444 0.06451613
0.47085202 0.81944444 0.22580645
0.44843049 0.86111111 0.00000000
0.44843049 0.87500000 0.19354839
0.43497758 0.86111111 0.16129032
0.41704036 0.86111111 0.22580645
0.40807175 0.88888889 0.22580645
0.39910314 0.90277778 0.25806452
0.37668161 0.95833333 0.22580645
0.38565022 0.95833333 0.29032258
0.36771300 0.94444444 0.12903226
0.36322870 0.98611111 0.32258065
0.35874439 1.00000000 0.29032258
0.34529148 0.91666667 0.38709677
0.32735426 0.94444444 0.32258065
0.33183857 0.94444444 0.41935484
0.29147982 0.90277778 0.29032258
0.29147982 0.91666667 0.38709677
0.26905830 0.87500000 0.32258065
0.26457399 0.90277778 0.41935484
0.25112108 0.91666667 0.22580645
0.24215247 0.91666667 0.45161290
0.22421525 0.97222222 0.32258065
0.22421525 0.93055556 0.51612903
0.20627803 0.95833333 0.45161290
0.20627803 0.95833333 0.51612903
0.17937220 0.95833333 0.38709677
0.19282511 0.94444444 0.51612903
0.16591928 0.95833333 0.38709677
0.16143498 0.87500000 0.51612903
0.14349776 0.94444444 0.48387097
0.14349776 0.88888889 0.48387097
0.13004484 0.87500000 0.54838710
0.12556054 0.93055556 0.61290323
0.10762332 0.91666667 0.45161290
0.10762332 0.90277778 0.64516129
0.07174888 0.90277778 0.51612903
0.08071749 0.90277778 0.67741935
0.05829596 0.93055556 0.64516129
0.05829596 0.97222222 0.80645161
0.05381166 0.97222222 0.74193548
0.04484305 0.93055556 0.80645161
0.03587444 0.94444444 0.77419355
0.03139013 0.88888889 0.87096774
0.00896861 0.84722222 0.80645161
0.00448430 0.84722222 0.87096774
0.00000000 0.80555556 0.87096774
0.00000000 0.73611111 1.00000000
