0.00000000 0.79723992 0.35303777
0.01210287 0.80254777 0.34154351
0.02269289 0.78662420 0.32840722
0.03328290 0.76645435 0.30870279
0.04236006 0.76220807 0.29228243
0.05295008 0.74840764 0.28078818
0.06732224 0.73566879 0.26600985
0.07791225 0.72399151 0.24794745
0.09001513 0.71868365 0.23152709
0.09984871 0.70806794 0.20853859
0.10892587 0.70169851 0.18883415
0.12329803 0.70063694 0.17733990
0.13918306 0.69532909 0.15106732
0.14523449 0.69851380 0.12807882
0.15582451 0.69426752 0.10837438
0.17170953 0.70063694 0.09359606
0.18456884 0.70594480 0.07717570
0.19818457 0.70806794 0.05911330
0.20877458 0.71019108 0.04433498
0.22087746 0.72080679 0.03119869
0.23524962 0.74416136 0.01806240
0.24886536 0.75053079 0.00821018
0.25869894 0.76539278 0.00821018
0.27080182 0.77919321 0.00000000
0.28517398 0.80148620 0.00328407
0.30030257 0.82059448 0.00656814
0.31391831 0.83333333 0.01642036
0.32677761 0.84182590 0.02627258
0.33434191 0.85881104 0.03776683
0.34341906 0.89065817 0.05582923
0.35779123 0.90552017 0.07881773
0.37065053 0.92038217 0.10509031
0.37745840 0.93099788 0.12972085
0.38729198 0.94267516 0.15927750
0.39561271 0.96178344 0.19540230
0.40847201 0.97558386 0.22988506
0.41830560 0.97133758 0.26600985
0.42435703 0.97983015 0.30049261
0.43192133 0.98832272 0.34154351
0.44175492 0.99150743 0.37931034
0.44931921 1.00000000 0.42528736
0.45461422 0.98938429 0.46469622
0.45990923 0.98832272 0.50410509
0.46520424 0.97558386 0.55008210
0.47579425 0.98089172 0.59277504
0.48184569 0.97239915 0.63218391
0.48411498 0.95541401 0.66666667
0.48487141 0.93524416 0.70279146
0.49092284 0.91825902 0.73891626
0.49848714 0.90552017 0.77832512
0.50529501 0.88322718 0.80952381
0.51134644 0.85668790 0.84400657
0.51588502 0.82377919 0.86863711
0.52269289 0.79936306 0.89983580
0.53177005 0.77494692 0.92446634
0.54236006 0.73885350 0.94252874
0.54614221 0.70594480 0.95730706
0.54916793 0.67409766 0.97208539
0.55975794 0.65074310 0.98193760
0.57488654 0.62208068 0.99507389
0.58169440 0.57855626 0.99835796
0.58925870 0.54033970 1.00000000
0.60060514 0.52441614 1.00000000
0.60892587 0.49681529 0.99343186
0.62102874 0.45541401 0.98686371
0.62934947 0.41932059 0.96880131
0.63767020 0.38216561 0.95566502
0.64523449 0.36199575 0.94745484
0.66111952 0.33651805 0.92939245
0.67397882 0.30360934 0.91954023
0.68456884 0.26963907 0.89162562
0.69062027 0.23248408 0.87684729
0.70045386 0.21231423 0.85550082
0.71180030 0.19532909 0.83087028
0.72239032 0.16560510 0.80295567
0.72995461 0.14331210 0.77832512
0.73676248 0.13163482 0.75533662
0.75113464 0.09766454 0.73070608
0.75945537 0.08386412 0.70279146
0.76928896 0.06687898 0.66995074
0.77609682 0.05838641 0.64203612
0.78744327 0.04033970 0.61247947
0.79727685 0.04140127 0.57963875
0.80786687 0.02760085 0.55008210
0.81543116 0.01804671 0.51888342
0.82829047 0.01698514 0.48932677
0.84039334 0.01804671 0.45977011
0.85703480 0.00636943 0.42528736
0.86308623 0.00000000 0.39080460
0.87518911 0.00955414 0.36124795
0.88729198 0.01486200 0.33497537
0.90242057 0.02229299 0.30213465
0.91149773 0.02441614 0.27586207
0.92208775 0.03503185 0.24794745
0.93343419 0.04883227 0.22660099
0.95158850 0.06369427 0.20197044
0.96520424 0.06581741 0.17733990
0.97730711 0.07961783 0.15270936
0.98789713 0.10934183 0.13628900
1.00000000 0.13057325 0.11494253
