0.0000 0.9946 0.6407
0.0071 1.0000 0.6495
0.0142 0.9953 0.6539
0.0213 0.9966 0.6627
0.0243 0.9966 0.6725
0.0375 0.9953 0.6813
0.0385 0.9933 0.6911
0.0537 0.9886 0.7021
0.0598 0.9893 0.7130
0.0709 0.9873 0.7262
0.0790 0.9886 0.7317
0.0831 0.9832 0.7448
0.0902 0.9772 0.7558
0.1023 0.9745 0.7711
0.1125 0.9698 0.7820
0.1266 0.9651 0.7930
0.1327 0.9611 0.8018
0.1449 0.9611 0.8149
0.1489 0.9531 0.8291
0.1672 0.9423 0.8412
0.1743 0.9396 0.8499
0.1895 0.9349 0.8620
0.1976 0.9269 0.8719
0.2107 0.9162 0.8861
0.2229 0.9081 0.8927
0.2381 0.8981 0.9091
0.2523 0.8853 0.9157
0.2715 0.8773 0.9299
0.2817 0.8645 0.9332
0.3040 0.8498 0.9474
0.3181 0.8357 0.9540
0.3414 0.8203 0.9650
0.3526 0.8075 0.9726
0.3779 0.7934 0.9781
0.3961 0.7793 0.9836
0.4195 0.7639 0.9923
0.4387 0.7485 0.9934
0.4590 0.7317 0.9967
0.4762 0.7170 0.9967
0.4985 0.7015 1.0000
0.5137 0.6828 0.9978
0.5380 0.6647 0.9967
0.5542 0.6472 0.9923
0.5755 0.6304 0.9912
0.5947 0.6144 0.9825
0.6201 0.5936 0.9726
0.6342 0.5781 0.9650
0.6565 0.5600 0.9584
0.6697 0.5439 0.9474
0.6900 0.5272 0.9354
0.7052 0.5117 0.9244
0.7275 0.4930 0.9135
0.7416 0.4755 0.8959
0.7609 0.4594 0.8861
0.7730 0.4433 0.8664
0.7903 0.4259 0.8543
0.8034 0.4058 0.8324
0.8186 0.3897 0.8116
0.8328 0.3742 0.7875
0.8490 0.3588 0.7744
0.8652 0.3407 0.7470
0.8794 0.3213 0.7251
0.8896 0.3085 0.6999
0.9027 0.2924 0.6791
0.9078 0.2763 0.6539
0.9220 0.2622 0.6276
0.9250 0.2522 0.6002
0.9392 0.2374 0.5816
0.9433 0.2254 0.5531
0.9534 0.2140 0.5334
0.9564 0.2019 0.5071
0.9645 0.1911 0.4863
0.9645 0.1844 0.4622
0.9716 0.1717 0.4414
0.9747 0.1610 0.4162
0.9807 0.1522 0.3954
0.9787 0.1455 0.3735
0.9848 0.1328 0.3516
0.9838 0.1254 0.3308
0.9919 0.1147 0.3111
0.9889 0.1113 0.2913
0.9949 0.1006 0.2727
0.9929 0.0939 0.2541
0.9970 0.0879 0.2366
0.9959 0.0818 0.2169
1.0000 0.0744 0.2026
0.9949 0.0718 0.1818
0.9970 0.0617 0.1698
0.9929 0.0584 0.1512
0.9949 0.0496 0.1358
0.9949 0.0463 0.1194
0.9939 0.0416 0.1095
0.9878 0.0362 0.0909
0.9889 0.0295 0.0789
0.9848 0.0255 0.0613
0.9848 0.0201 0.0482
0.9787 0.0188 0.0350
0.9757 0.0114 0.0230
0.9706 0.0080 0.0120
0.9706 0.0000 0.0000
