57.3000 0.7250 1.0000
56.9000 0.7250 0.9948
56.5000 0.7500 0.9913
55.9000 0.6625 0.9896
55.4000 0.6000 0.9861
54.9000 0.6125 0.9791
54.4000 0.5875 0.9739
53.4000 0.5000 0.9670
53.3000 0.4500 0.9600
52.7000 0.4125 0.9583
52.2000 0.3625 0.9496
51.8000 0.3625 0.9496
51.8000 0.3875 0.9391
51.0000 0.2750 0.9391
50.8000 0.2625 0.9304
50.4000 0.2250 0.9252
50.0000 0.1375 0.9200
49.5000 0.1125 0.9096
49.3000 0.1125 0.9026
48.5000 0.0750 0.8991
48.2000 0.0750 0.8939
47.7000 0.0750 0.8870
47.2000 0.0750 0.8800
46.7000 0.0875 0.8730
45.9000 0.1000 0.8626
45.3000 -0.0125 0.8557
44.5000 0.0125 0.8487
43.7000 0.0500 0.8383
43.3000 -0.0125 0.8261
42.7000 0.0000 0.8226
42.4000 0.0000 0.8139
41.8000 -0.0750 0.8087
41.4000 -0.0125 0.7983
40.9000 -0.0875 0.7878
40.5000 -0.1375 0.7809
39.8000 -0.1500 0.7739
39.3000 -0.1250 0.7652
38.5000 -0.1750 0.7617
38.4000 -0.1500 0.7478
37.7000 -0.1875 0.7513
37.7000 -0.1750 0.7287
36.7000 -0.1375 0.7235
36.0000 -0.1625 0.7113
35.3000 -0.1875 0.7026
34.8000 -0.1500 0.6922
33.8000 -0.1500 0.6817
33.3000 -0.1000 0.6748
32.6000 -0.1500 0.6661
32.2000 -0.1750 0.6504
31.5000 -0.1625 0.6365
31.1000 -0.2125 0.6278
29.9000 -0.2000 0.6191
29.9000 -0.1625 0.6070
29.0000 -0.1500 0.5983
28.3000 -0.1625 0.5843
27.9000 -0.1750 0.5722
27.4000 -0.1500 0.5600
26.5000 -0.1625 0.5530
26.3000 -0.1125 0.5391
25.4000 -0.1125 0.5252
24.9000 -0.0500 0.5165
24.1000 -0.0250 0.5061
23.7000 0.0000 0.4904
22.7000 0.0250 0.4800
22.2000 0.0125 0.4713
21.3000 0.0250 0.4591
21.0000 0.0000 0.4522
20.0000 0.0625 0.4400
20.0000 0.0375 0.4209
18.4000 0.0625 0.4139
18.1000 0.0625 0.3965
17.0000 0.0250 0.3913
16.7000 0.0125 0.3704
16.0000 0.0250 0.3635
15.7000 0.0750 0.3461
14.7000 0.0875 0.3339
14.5000 0.1625 0.3165
13.4000 0.1375 0.3061
12.8000 0.1750 0.2922
11.7000 0.2125 0.2748
11.4000 0.2750 0.2574
10.2000 0.2750 0.2435
10.1000 0.3625 0.2313
9.0000 0.3625 0.2157
8.8000 0.3500 0.2017
7.3000 0.3750 0.1826
7.1000 0.4000 0.1687
5.9000 0.4125 0.1530
5.6000 0.4000 0.1391
4.5000 0.4750 0.1357
4.5000 0.5750 0.1148
2.9000 0.6625 0.1009
2.6000 0.7250 0.0887
1.2000 0.7500 0.0748
1.0000 0.7500 0.0574
0.0000 0.8500 0.0504
-0.4000 0.9000 0.0296
-1.4000 0.9750 0.0226
-1.7000 0.9500 0.0087
-2.7000 1.0000 0.0000
