0.01298701 0.00000000 0.99137931
0.00000000 0.04000000 1.00000000
0.01623377 0.06285714 0.99137931
0.01948052 0.09714286 1.00000000
0.04545455 0.11428571 0.99137931
0.04870130 0.16000000 0.98275862
0.08441558 0.21142857 0.96551724
0.08116883 0.23428571 0.95689655
0.11363636 0.28000000 0.93103448
0.09740260 0.28000000 0.92241379
0.13311688 0.35428571 0.88793103
0.12987013 0.35428571 0.89655172
0.16883117 0.42857143 0.84482759
0.16558442 0.43428571 0.86206897
0.20454545 0.50285714 0.81896552
0.20129870 0.50857143 0.81034483
0.23701299 0.52000000 0.78448276
0.23051948 0.53714286 0.75862069
0.25974026 0.56571429 0.73275862
0.25649351 0.59428571 0.68965517
0.28246753 0.63428571 0.68103448
0.28571429 0.66285714 0.64655172
0.30844156 0.64000000 0.63793103
0.30844156 0.68000000 0.62068966
0.33766234 0.68000000 0.59482759
0.34090909 0.75428571 0.57758621
0.35714286 0.78285714 0.53448276
0.34415584 0.76571429 0.50862069
0.37987013 0.77142857 0.47413793
0.37662338 0.74857143 0.45689655
0.40584416 0.82285714 0.44827586
0.39610390 0.83428571 0.42241379
0.42857143 0.89142857 0.39655172
0.42207792 0.85714286 0.35344828
0.44805195 0.86857143 0.31896552
0.44155844 0.88000000 0.31034483
0.47077922 0.90857143 0.29310345
0.46753247 0.96571429 0.25862069
0.47727273 0.94285714 0.23275862
0.48051948 0.90857143 0.27586207
0.52272727 0.90857143 0.19827586
0.51623377 0.92000000 0.19827586
0.53571429 0.95428571 0.16379310
0.51948052 0.94285714 0.15517241
0.53246753 0.98857143 0.11206897
0.53896104 0.93714286 0.14655172
0.56818182 0.93714286 0.13793103
0.56168831 0.96000000 0.12068966
0.58116883 0.98285714 0.10344828
0.57792208 0.99428571 0.09482759
0.59415584 0.95428571 0.07758621
0.59090909 0.93714286 0.07758621
0.61688312 0.94857143 0.06896552
0.60714286 0.96000000 0.06034483
0.63311688 0.98857143 0.02586207
0.62337662 0.96571429 0.05172414
0.65584416 0.96571429 0.02586207
0.65584416 0.93142857 0.04310345
0.68181818 0.93142857 0.00862069
0.65909091 0.94285714 0.00862069
0.67207792 0.92571429 0.00000000
0.66883117 0.90285714 0.02586207
0.70129870 0.91428571 0.01724138
0.69480519 0.87428571 0.02586207
0.70454545 0.92000000 0.01724138
0.69480519 0.93714286 0.02586207
0.72402597 0.92571429 0.04310345
0.71753247 0.90857143 0.06034483
0.73701299 0.87428571 0.06896552
0.72402597 0.91428571 0.06034483
0.73701299 0.92571429 0.06896552
0.74350649 0.92571429 0.06896552
0.77272727 0.89714286 0.11206897
0.77272727 0.87428571 0.10344828
0.79220779 0.89714286 0.07758621
0.76623377 0.90285714 0.10344828
0.78246753 0.95428571 0.12068966
0.77272727 0.93714286 0.12931034
0.80519481 0.90285714 0.12931034
0.80519481 0.91428571 0.15517241
0.82142857 0.90857143 0.14655172
0.81818182 0.94857143 0.20689655
0.83766234 0.92571429 0.19827586
0.84090909 0.89714286 0.22413793
0.85389610 0.90285714 0.21551724
0.84740260 0.90285714 0.25000000
0.85714286 0.97142857 0.25000000
0.85064935 0.93142857 0.27586207
0.87987013 0.93714286 0.29310345
0.87987013 0.90857143 0.37068966
0.90259740 0.97714286 0.31896552
0.89610390 0.97714286 0.35344828
0.91233766 0.98285714 0.34482759
0.92532468 0.93714286 0.37931034
0.92857143 0.92000000 0.39655172
0.94155844 0.95428571 0.43965517
0.96428571 1.00000000 0.48275862
0.97727273 1.00000000 0.52586207
0.99025974 0.97714286 0.55172414
1.00000000 0.92571429 0.56034483
