1.0000 -42.0000 1.0000
0.9765 -41.0000 0.9600
0.9732 -40.0000 0.9714
0.9530 -41.0000 0.9200
0.9564 -38.0000 0.9200
0.9430 -32.0000 0.8971
0.9430 -34.0000 0.9029
0.9195 -31.0000 0.8743
0.9195 -31.0000 0.8629
0.8993 -29.0000 0.8629
0.9094 -27.0000 0.8400
0.8725 -27.0000 0.8171
0.8658 -27.0000 0.8171
0.8591 -24.0000 0.7886
0.8624 -22.0000 0.8057
0.8356 -19.0000 0.7886
0.8322 -21.0000 0.7657
0.8154 -18.0000 0.7543
0.8154 -20.0000 0.7486
0.7919 -15.0000 0.7314
0.7987 -11.0000 0.7371
0.7819 -5.0000 0.7086
0.7852 0.0000 0.7371
0.7617 -2.0000 0.7086
0.7550 2.0000 0.7086
0.7349 1.0000 0.6914
0.7315 3.0000 0.6971
0.7148 3.0000 0.6800
0.7114 1.0000 0.6857
0.7013 3.0000 0.6629
0.6980 5.0000 0.6743
0.6812 5.0000 0.6400
0.6779 3.0000 0.6343
0.6577 6.0000 0.6286
0.6510 5.0000 0.6229
0.6376 6.0000 0.6057
0.6342 8.0000 0.6114
0.6174 14.0000 0.5886
0.6242 19.0000 0.5886
0.6074 20.0000 0.5543
0.5940 20.0000 0.5543
0.5738 20.0000 0.5429
0.5738 25.0000 0.5429
0.5537 25.0000 0.5257
0.5638 29.0000 0.5314
0.5470 31.0000 0.5086
0.5436 31.0000 0.5143
0.5168 30.0000 0.4914
0.5067 31.0000 0.5029
0.4933 32.0000 0.4857
0.4933 34.0000 0.4914
0.4698 36.0000 0.4629
0.4765 39.0000 0.4686
0.4564 45.0000 0.4457
0.4497 45.0000 0.4514
0.4295 51.0000 0.4457
0.4295 46.0000 0.4400
0.4060 50.0000 0.4229
0.4161 53.0000 0.4114
0.3993 53.0000 0.4171
0.4060 53.0000 0.3829
0.3624 55.0000 0.3714
0.3624 51.0000 0.3600
0.3490 53.0000 0.3543
0.3490 54.0000 0.3429
0.3322 56.0000 0.3143
0.3221 57.0000 0.3086
0.3121 60.0000 0.3029
0.3054 61.0000 0.2971
0.2919 64.0000 0.2800
0.2886 65.0000 0.2743
0.2819 67.0000 0.2629
0.2819 65.0000 0.2743
0.2617 68.0000 0.2514
0.2383 66.0000 0.2629
0.2215 66.0000 0.2286
0.2148 67.0000 0.2229
0.2013 67.0000 0.2171
0.2081 64.0000 0.2114
0.1879 62.0000 0.1886
0.1913 63.0000 0.1829
0.1678 59.0000 0.1543
0.1745 66.0000 0.1600
0.1544 59.0000 0.1429
0.1644 67.0000 0.1314
0.1510 63.0000 0.1314
0.1409 65.0000 0.1200
0.1141 67.0000 0.1029
0.1107 68.0000 0.0914
0.0940 66.0000 0.0629
0.0940 67.0000 0.0629
0.0872 65.0000 0.0400
0.0772 68.0000 0.0343
0.0671 65.0000 0.0286
0.0503 63.0000 0.0171
0.0369 61.0000 0.0229
0.0436 63.0000 0.0171
0.0336 65.0000 0.0000
0.0235 68.0000 0.0057
0.0000 66.0000 0.0114
