0.86159170 0.95192308 0.00000000
0.88927336 0.66346154 0.04731183
0.89273356 0.96153846 0.03870968
0.91695502 0.60576923 0.08817204
0.91003460 0.93269231 0.07526882
0.94117647 0.62500000 0.12043011
0.92387543 1.00000000 0.12043011
0.94809689 0.58653846 0.15698925
0.92733564 0.94230769 0.15913978
0.95847751 0.57692308 0.18279570
0.95155709 0.93269231 0.20215054
0.97231834 0.47115385 0.21505376
0.95847751 0.84615385 0.23440860
0.97577855 0.45192308 0.24086022
0.97231834 0.84615385 0.26881720
0.98615917 0.39423077 0.25376344
0.97577855 0.77884615 0.29032258
0.97923875 0.37500000 0.27956989
0.98961938 0.75000000 0.33118280
0.98615917 0.33653846 0.30107527
0.97923875 0.65384615 0.36129032
0.97231834 0.38461538 0.32473118
0.99307958 0.63461538 0.39139785
0.97923875 0.30769231 0.33763441
0.98615917 0.53846154 0.42150538
0.97577855 0.34615385 0.36129032
1.00000000 0.45192308 0.43870968
0.97577855 0.25961538 0.36989247
0.98269896 0.40384615 0.45591398
0.96539792 0.30769231 0.38064516
0.97577855 0.30769231 0.46666667
0.95155709 0.30769231 0.40000000
0.97923875 0.28846154 0.47956989
0.96193772 0.23076923 0.41505376
0.96539792 0.18269231 0.49892473
0.93079585 0.31730769 0.43870968
0.92733564 0.21153846 0.50967742
0.90311419 0.24038462 0.45161290
0.91349481 0.17307692 0.52043011
0.89965398 0.25000000 0.47741935
0.91003460 0.05769231 0.52903226
0.87197232 0.18269231 0.47741935
0.86159170 0.06730769 0.53333333
0.84775087 0.20192308 0.48817204
0.84775087 0.00000000 0.53978495
0.83044983 0.27884615 0.50537634
0.82006920 0.15384615 0.55053763
0.80968858 0.25000000 0.52473118
0.80276817 0.01923077 0.56989247
0.78892734 0.21153846 0.54838710
0.76470588 0.03846154 0.57849462
0.76470588 0.18269231 0.56559140
0.75086505 0.04807692 0.58494624
0.75086505 0.22115385 0.56989247
0.72664360 0.04807692 0.59784946
0.72318339 0.15384615 0.59139785
0.71280277 0.02884615 0.60860215
0.69896194 0.20192308 0.59784946
0.67474048 0.09615385 0.61290323
0.66782007 0.21153846 0.61290323
0.65051903 0.10576923 0.63010753
0.65397924 0.22115385 0.63440860
0.63667820 0.06730769 0.65376344
0.63321799 0.13461538 0.65376344
0.60899654 0.11538462 0.66451613
0.60207612 0.26923077 0.66666667
0.57785467 0.09615385 0.67526882
0.57093426 0.20192308 0.68172043
0.55017301 0.12500000 0.69462366
0.55363322 0.19230769 0.70107527
0.52941176 0.02884615 0.70537634
0.52249135 0.17307692 0.72258065
0.50519031 0.09615385 0.72903226
0.50173010 0.13461538 0.73978495
0.46366782 0.10576923 0.75053763
0.45328720 0.23076923 0.76774194
0.43598616 0.14423077 0.77204301
0.43252595 0.13461538 0.78924731
0.40484429 0.07692308 0.80000000
0.39446367 0.10576923 0.80215054
0.35986159 0.03846154 0.81290323
0.34256055 0.17307692 0.82795699
0.31487889 0.13461538 0.83225806
0.30795848 0.09615385 0.84731183
0.26643599 0.02884615 0.86236559
0.25605536 0.08653846 0.86451613
0.23183391 0.04807692 0.87311828
0.21799308 0.11538462 0.89032258
0.17301038 0.10576923 0.90107527
0.17301038 0.08653846 0.92258065
0.14878893 0.08653846 0.92473118
0.13148789 0.11538462 0.93333333
0.10034602 0.06730769 0.93118280
0.08996540 0.09615385 0.94838710
0.05536332 0.06730769 0.95268817
0.05882353 0.07692308 0.96559140
0.03460208 0.06730769 0.96989247
0.03806228 0.16346154 0.98709677
0.00000000 0.16346154 0.98924731
0.00346021 0.17307692 1.00000000
