0.00000000 0.05238095 0.97517378
0.03448276 0.08571429 0.97914598
0.07019704 0.11428571 0.98411122
0.10714286 0.14285714 0.98510427
0.14532020 0.16904762 0.99205561
0.18103448 0.18571429 0.99304866
0.21674877 0.20952381 0.99404171
0.25246305 0.23333333 0.99602781
0.28078818 0.23571429 1.00000000
0.31157635 0.25000000 0.99900695
0.34482759 0.25714286 0.99900695
0.37807882 0.27380952 0.99801390
0.41009852 0.27142857 1.00000000
0.44088670 0.28095238 0.99900695
0.47290640 0.29761905 0.99702085
0.50000000 0.30476190 0.99106256
0.52586207 0.30238095 0.99106256
0.55172414 0.30952381 0.98709037
0.57635468 0.30952381 0.98510427
0.60221675 0.30714286 0.98013903
0.62684729 0.30952381 0.98013903
0.65147783 0.30952381 0.97418073
0.66995074 0.30000000 0.97020854
0.69334975 0.29761905 0.96524330
0.71674877 0.29285714 0.95829196
0.73768473 0.29047619 0.95332671
0.75862069 0.27619048 0.94538232
0.78201970 0.27619048 0.93843098
0.79802956 0.26428571 0.93445879
0.81773399 0.25952381 0.92254220
0.83128079 0.24523810 0.91857001
0.84729064 0.22380952 0.91161867
0.86330049 0.21666667 0.90168818
0.88300493 0.21190476 0.88977160
0.89901478 0.20476190 0.88480636
0.91379310 0.20714286 0.87288977
0.92487685 0.17857143 0.86494538
0.93719212 0.16904762 0.85203575
0.94704433 0.16190476 0.84309831
0.95689655 0.15714286 0.83217478
0.96551724 0.16190476 0.81727905
0.96182266 0.14047619 0.80635551
0.96551724 0.10952381 0.80337637
0.98522167 0.08571429 0.78848064
0.99137931 0.11666667 0.77259186
0.99507389 0.12142857 0.75273088
0.99507389 0.10000000 0.74081430
0.99507389 0.08333333 0.72691162
0.99876847 0.06428571 0.71300894
1.00000000 0.06190476 0.69712016
0.99630542 0.07619048 0.68023833
0.99507389 0.06190476 0.66335650
0.99137931 0.04523810 0.64846077
0.98645320 0.02380952 0.63157895
0.98152709 0.01666667 0.61767627
0.98029557 0.02619048 0.59682224
0.97290640 0.03095238 0.57894737
0.96428571 0.00714286 0.56603774
0.95197044 0.00000000 0.55014896
0.94704433 0.00238095 0.53028798
0.94334975 0.01428571 0.51340616
0.93226601 0.02380952 0.49155909
0.92241379 0.02142857 0.47765641
0.90886700 0.01904762 0.46176763
0.89655172 0.01666667 0.44885799
0.88546798 0.01904762 0.43098312
0.87684729 0.03095238 0.41410129
0.86699507 0.05000000 0.39622642
0.85221675 0.06666667 0.38033764
0.84113300 0.06666667 0.36345581
0.82758621 0.07380952 0.34856008
0.81896552 0.08809524 0.33267130
0.80541872 0.11904762 0.31976167
0.79679803 0.13095238 0.30188679
0.78201970 0.15952381 0.28699106
0.76847291 0.17380952 0.27408143
0.75492611 0.19523810 0.26017875
0.74137931 0.21190476 0.24627607
0.72906404 0.23095238 0.23237339
0.72044335 0.26428571 0.21747766
0.70689655 0.28809524 0.20556107
0.69211823 0.32142857 0.19364449
0.67857143 0.33333333 0.18073486
0.66379310 0.37142857 0.16683217
0.65147783 0.39285714 0.15392254
0.63546798 0.43095238 0.14101291
0.62315271 0.46904762 0.12909633
0.60960591 0.50238095 0.11618669
0.59359606 0.54047619 0.10824230
0.58128079 0.57380952 0.09930487
0.57266010 0.61190476 0.08540218
0.55418719 0.64761905 0.07249255
0.54556650 0.69761905 0.06355511
0.53571429 0.74047619 0.05064548
0.52093596 0.77857143 0.04369414
0.50985222 0.82857143 0.03475670
0.49876847 0.86904762 0.02780536
0.49014778 0.90714286 0.01588878
0.47906404 0.95476190 0.01092354
0.46921182 1.00000000 0.00000000
