0.89473684 0.99000000 0.00000000
1.00000000 0.98000000 0.04444444
0.86842105 0.96000000 0.06666667
0.97368421 0.95000000 0.08888889
0.78947368 1.00000000 0.08888889
0.97368421 0.95000000 0.08888889
0.78947368 0.97000000 0.11111111
0.94736842 0.95000000 0.11111111
0.73684211 0.98000000 0.13333333
0.89473684 0.93000000 0.11111111
0.76315789 0.95000000 0.16666667
0.89473684 0.91000000 0.12222222
0.71052632 0.92000000 0.16666667
0.84210526 0.91000000 0.15555556
0.68421053 0.93000000 0.17777778
0.81578947 0.90000000 0.20000000
0.68421053 0.92000000 0.20000000
0.78947368 0.93000000 0.21111111
0.63157895 0.91000000 0.23333333
0.73684211 0.92000000 0.22222222
0.50000000 0.89000000 0.26666667
0.65789474 0.87000000 0.23333333
0.50000000 0.89000000 0.34444444
0.71052632 0.87000000 0.26666667
0.47368421 0.88000000 0.30000000
0.63157895 0.88000000 0.28888889
0.47368421 0.91000000 0.32222222
0.65789474 0.89000000 0.32222222
0.47368421 0.89000000 0.33333333
0.57894737 0.85000000 0.35555556
0.42105263 0.82000000 0.33333333
0.57894737 0.82000000 0.33333333
0.39473684 0.84000000 0.34444444
0.65789474 0.80000000 0.34444444
0.50000000 0.82000000 0.36666667
0.71052632 0.81000000 0.36666667
0.52631579 0.78000000 0.37777778
0.60526316 0.77000000 0.35555556
0.50000000 0.76000000 0.40000000
0.60526316 0.73000000 0.37777778
0.44736842 0.70000000 0.40000000
0.57894737 0.73000000 0.41111111
0.47368421 0.73000000 0.43333333
0.52631579 0.73000000 0.43333333
0.42105263 0.72000000 0.46666667
0.47368421 0.66000000 0.46666667
0.31578947 0.64000000 0.43333333
0.42105263 0.63000000 0.46666667
0.28947368 0.64000000 0.47777778
0.44736842 0.62000000 0.50000000
0.26315789 0.65000000 0.52222222
0.39473684 0.62000000 0.50000000
0.28947368 0.61000000 0.54444444
0.34210526 0.60000000 0.54444444
0.28947368 0.61000000 0.55555556
0.36842105 0.61000000 0.54444444
0.31578947 0.61000000 0.58888889
0.39473684 0.58000000 0.56666667
0.31578947 0.56000000 0.60000000
0.42105263 0.51000000 0.60000000
0.28947368 0.53000000 0.60000000
0.39473684 0.51000000 0.61111111
0.31578947 0.52000000 0.61111111
0.34210526 0.50000000 0.63333333
0.31578947 0.49000000 0.64444444
0.36842105 0.45000000 0.65555556
0.23684211 0.46000000 0.70000000
0.31578947 0.47000000 0.67777778
0.18421053 0.46000000 0.70000000
0.23684211 0.44000000 0.70000000
0.15789474 0.40000000 0.70000000
0.21052632 0.40000000 0.73333333
0.15789474 0.40000000 0.77777778
0.31578947 0.41000000 0.73333333
0.13157895 0.41000000 0.76666667
0.26315789 0.36000000 0.75555556
0.13157895 0.34000000 0.80000000
0.21052632 0.33000000 0.77777778
0.15789474 0.32000000 0.78888889
0.23684211 0.32000000 0.76666667
0.07894737 0.28000000 0.80000000
0.23684211 0.24000000 0.80000000
0.10526316 0.23000000 0.82222222
0.18421053 0.23000000 0.82222222
0.10526316 0.25000000 0.83333333
0.15789474 0.22000000 0.84444444
0.02631579 0.18000000 0.85555556
0.13157895 0.15000000 0.86666667
0.05263158 0.16000000 0.90000000
0.15789474 0.15000000 0.86666667
0.05263158 0.15000000 0.90000000
0.10526316 0.09000000 0.88888889
0.05263158 0.08000000 0.91111111
0.10526316 0.10000000 0.91111111
0.07894737 0.08000000 0.92222222
0.13157895 0.05000000 0.94444444
0.00000000 0.05000000 0.96666667
0.10526316 0.00000000 0.98888889
0.07894737 0.04000000 1.00000000
0.13157895 0.01000000 0.98888889
