0.00000000 1.00000000 0.00000000
0.01639344 0.98484848 0.00000000
0.01639344 0.99242424 0.03846154
0.01639344 0.93181818 0.00000000
0.02459016 0.92424242 0.11538462
0.04098361 0.87878788 0.01923077
0.03278689 0.85606061 0.09615385
0.04918033 0.84848485 0.05769231
0.05737705 0.84848485 0.07692308
0.06557377 0.82575758 0.07692308
0.07377049 0.81060606 0.07692308
0.06557377 0.82575758 0.07692308
0.05737705 0.84848485 0.19230769
0.09016393 0.82575758 0.09615385
0.06557377 0.81818182 0.15384615
0.06557377 0.84090909 0.13461538
0.05737705 0.82575758 0.13461538
0.04098361 0.81060606 0.13461538
0.05737705 0.82575758 0.19230769
0.04918033 0.77272727 0.17307692
0.04918033 0.78787879 0.19230769
0.03278689 0.78787879 0.15384615
0.04098361 0.77272727 0.15384615
0.04098361 0.74242424 0.15384615
0.04098361 0.75757576 0.19230769
0.03278689 0.71212121 0.17307692
0.03278689 0.72727273 0.25000000
0.04098361 0.72727273 0.21153846
0.03278689 0.70454545 0.26923077
0.04098361 0.72727273 0.21153846
0.05737705 0.70454545 0.26923077
0.04918033 0.68939394 0.30769231
0.07377049 0.68939394 0.28846154
0.06557377 0.64393939 0.30769231
0.07377049 0.63636364 0.28846154
0.06557377 0.61363636 0.25000000
0.07377049 0.60606061 0.34615385
0.07377049 0.57575758 0.26923077
0.08196721 0.55303030 0.34615385
0.09836066 0.55303030 0.26923077
0.10655738 0.54545455 0.34615385
0.09016393 0.53787879 0.32692308
0.09836066 0.54545455 0.36538462
0.06557377 0.49242424 0.36538462
0.07377049 0.47727273 0.42307692
0.06557377 0.47727273 0.38461538
0.08196721 0.45454545 0.40384615
0.08196721 0.45454545 0.36538462
0.09016393 0.43939394 0.46153846
0.06557377 0.41666667 0.38461538
0.11475410 0.43181818 0.48076923
0.09016393 0.40909091 0.42307692
0.09836066 0.40909091 0.50000000
0.12295082 0.43939394 0.48076923
0.13934426 0.41666667 0.48076923
0.13114754 0.43181818 0.46153846
0.14754098 0.40151515 0.46153846
0.13934426 0.38636364 0.46153846
0.17213115 0.39393939 0.51923077
0.18032787 0.37121212 0.50000000
0.21311475 0.37121212 0.55769231
0.21311475 0.38636364 0.50000000
0.27049180 0.35606061 0.59615385
0.27868852 0.34848485 0.48076923
0.26229508 0.31818182 0.51923077
0.26229508 0.30303030 0.46153846
0.27868852 0.25757576 0.50000000
0.28688525 0.25757576 0.48076923
0.31147541 0.24242424 0.50000000
0.31147541 0.23484848 0.46153846
0.35245902 0.25757576 0.53846154
0.34426230 0.22727273 0.48076923
0.37704918 0.25000000 0.53846154
0.38524590 0.25000000 0.48076923
0.43442623 0.22727273 0.55769231
0.44262295 0.22727273 0.48076923
0.48360656 0.21969697 0.53846154
0.49180328 0.18939394 0.46153846
0.51639344 0.21212121 0.53846154
0.52459016 0.17424242 0.51923077
0.54098361 0.15151515 0.53846154
0.56557377 0.13636364 0.55769231
0.60655738 0.14393939 0.57692308
0.62295082 0.09090909 0.55769231
0.66393443 0.12121212 0.61538462
0.68032787 0.10606061 0.57692308
0.70491803 0.07575758 0.61538462
0.72131148 0.09090909 0.55769231
0.75409836 0.09090909 0.69230769
0.75409836 0.06060606 0.63461538
0.80327869 0.02272727 0.75000000
0.81147541 0.03030303 0.71153846
0.83606557 0.00000000 0.76923077
0.84426230 0.03030303 0.78846154
0.90983607 0.06060606 0.82692308
0.90983607 0.03030303 0.84615385
0.95901639 0.06818182 0.88461538
0.96721311 0.03787879 0.90384615
0.99180328 0.03787879 1.00000000
1.00000000 0.01515152 0.98076923
