0.2121 0.0071 0.8750
0.3030 0.0000 0.8958
0.1515 0.0286 0.8958
0.3333 0.0214 0.9167
0.1818 0.0357 0.8958
0.3333 0.0071 0.9167
0.0909 0.0286 0.9167
0.2727 0.0214 0.8542
0.0909 0.0357 0.9583
0.3030 0.0286 0.9167
0.1212 0.0714 0.9375
0.3333 0.0643 0.9167
0.1515 0.0571 0.9375
0.3030 0.0357 0.8958
0.1212 0.0500 0.9167
0.2727 0.0500 0.8958
0.1212 0.0500 0.9167
0.3333 0.0643 0.9167
0.2424 0.1214 1.0000
0.4242 0.1214 0.9375
0.1212 0.1143 0.9583
0.3636 0.1000 0.9792
0.0909 0.1214 0.9167
0.2727 0.1214 0.9375
0.1212 0.1571 0.9583
0.3030 0.1357 0.9167
0.1212 0.1500 0.9583
0.2121 0.1429 0.9167
0.0000 0.1500 0.9375
0.2727 0.1429 0.9583
0.1515 0.1929 0.9375
0.2727 0.1714 0.9167
0.1212 0.1929 1.0000
0.4242 0.2000 0.9167
0.1212 0.2000 0.8958
0.2727 0.2071 0.8750
0.1515 0.2286 0.8750
0.3030 0.2429 0.8333
0.1212 0.2571 0.8750
0.2424 0.2357 0.8542
0.0909 0.2714 0.8750
0.3030 0.2643 0.8542
0.1515 0.2857 0.8333
0.2121 0.2857 0.7708
0.0606 0.3000 0.8333
0.1818 0.2857 0.7708
0.0303 0.3429 0.8750
0.2424 0.3357 0.7708
0.0606 0.3571 0.7917
0.1818 0.3429 0.7708
0.1212 0.3643 0.7917
0.1818 0.3643 0.7708
0.0606 0.4000 0.7292
0.2121 0.3929 0.7292
0.0606 0.3929 0.7292
0.1818 0.3643 0.7083
0.0606 0.4214 0.7083
0.1515 0.4071 0.6875
0.0303 0.4357 0.7292
0.1818 0.4071 0.6875
0.0909 0.4286 0.6667
0.2121 0.4429 0.6875
0.1212 0.4929 0.6875
0.2121 0.4857 0.6458
0.1818 0.4857 0.6458
0.3030 0.4857 0.6250
0.2121 0.5429 0.6667
0.3939 0.5571 0.6250
0.2727 0.5571 0.6458
0.3333 0.5214 0.5625
0.2727 0.5429 0.6250
0.3636 0.5500 0.5625
0.2727 0.5929 0.5833
0.3333 0.5786 0.5417
0.1818 0.6000 0.5417
0.3030 0.6071 0.5417
0.2727 0.6786 0.5625
0.3939 0.6571 0.5208
0.2424 0.6786 0.5208
0.3333 0.7071 0.5000
0.3939 0.7571 0.5417
0.4848 0.7500 0.4583
0.3939 0.7714 0.5417
0.5758 0.7714 0.3750
0.4242 0.8000 0.4583
0.5455 0.8143 0.3958
0.4848 0.8143 0.3750
0.5152 0.8143 0.3333
0.6061 0.8500 0.3750
0.6061 0.8714 0.2917
0.5758 0.8714 0.2917
0.6061 0.8571 0.2500
0.6667 0.9214 0.2708
0.7879 0.9357 0.1875
0.8182 0.9357 0.2083
0.8485 0.9429 0.1458
0.9091 1.0000 0.1458
0.9697 1.0000 0.0417
0.9394 1.0000 0.0625
1.0000 0.9929 0.0000
