0.90625000 0.97037037 0.00000000
0.87500000 1.00000000 0.00000000
0.93750000 0.98518519 0.08333333
1.00000000 0.98518519 0.02777778
0.96875000 0.99259259 0.04166667
0.87500000 0.96296296 0.05555556
0.90625000 0.93333333 0.12500000
0.84375000 0.93333333 0.08333333
0.84375000 0.91851852 0.09722222
0.78125000 0.92592593 0.12500000
0.87500000 0.91851852 0.13888889
0.78125000 0.90370370 0.13888889
0.84375000 0.89629630 0.18055556
0.71875000 0.86666667 0.19444444
0.81250000 0.84444444 0.20833333
0.71875000 0.84444444 0.23611111
0.81250000 0.85185185 0.19444444
0.71875000 0.84444444 0.23611111
0.81250000 0.82962963 0.26388889
0.68750000 0.82962963 0.27777778
0.71875000 0.80000000 0.29166667
0.71875000 0.80740741 0.29166667
0.75000000 0.81481481 0.30555556
0.75000000 0.82962963 0.29166667
0.84375000 0.80000000 0.33333333
0.68750000 0.77777778 0.31944444
0.71875000 0.76296296 0.36111111
0.62500000 0.76296296 0.34722222
0.65625000 0.73333333 0.33333333
0.59375000 0.75555556 0.36111111
0.59375000 0.73333333 0.40277778
0.46875000 0.69629630 0.37500000
0.53125000 0.68888889 0.40277778
0.53125000 0.68888889 0.38888889
0.46875000 0.65925926 0.40277778
0.37500000 0.64444444 0.41666667
0.46875000 0.62962963 0.41666667
0.40625000 0.65185185 0.44444444
0.50000000 0.62962963 0.44444444
0.40625000 0.60740741 0.44444444
0.43750000 0.60000000 0.45833333
0.31250000 0.60740741 0.45833333
0.43750000 0.56296296 0.45833333
0.28125000 0.54074074 0.48611111
0.37500000 0.55555556 0.45833333
0.34375000 0.56296296 0.51388889
0.37500000 0.53333333 0.51388889
0.25000000 0.54074074 0.51388889
0.43750000 0.54814815 0.58333333
0.37500000 0.54814815 0.61111111
0.56250000 0.50370370 0.65277778
0.43750000 0.51111111 0.69444444
0.53125000 0.47407407 0.73611111
0.50000000 0.46666667 0.73611111
0.50000000 0.44444444 0.73611111
0.37500000 0.43703704 0.77777778
0.43750000 0.42222222 0.80555556
0.21875000 0.45185185 0.86111111
0.28125000 0.42222222 0.83333333
0.09375000 0.38518519 0.83333333
0.18750000 0.37037037 0.80555556
0.09375000 0.37777778 0.81944444
0.18750000 0.34814815 0.83333333
0.06250000 0.34814815 0.84722222
0.18750000 0.29629630 0.83333333
0.09375000 0.30370370 0.81944444
0.18750000 0.26666667 0.83333333
0.03125000 0.24444444 0.84722222
0.21875000 0.25925926 0.84722222
0.12500000 0.25925926 0.86111111
0.21875000 0.24444444 0.84722222
0.03125000 0.22222222 0.88888889
0.21875000 0.23703704 0.90277778
0.06250000 0.25185185 0.91666667
0.12500000 0.25185185 0.91666667
0.06250000 0.24444444 0.93055556
0.18750000 0.19259259 0.94444444
0.06250000 0.20740741 0.94444444
0.21875000 0.17777778 0.93055556
0.06250000 0.19259259 0.94444444
0.28125000 0.15555556 0.93055556
0.09375000 0.17037037 0.95833333
0.28125000 0.17037037 0.94444444
0.15625000 0.17037037 0.95833333
0.37500000 0.14814815 0.95833333
0.18750000 0.13333333 1.00000000
0.31250000 0.12592593 0.94444444
0.15625000 0.14074074 0.97222222
0.31250000 0.08888889 0.93055556
0.09375000 0.08888889 0.97222222
0.21875000 0.06666667 0.97222222
0.06250000 0.06666667 0.93055556
0.28125000 0.03703704 0.95833333
0.09375000 0.06666667 0.93055556
0.28125000 0.02222222 0.91666667
0.00000000 0.03703704 0.97222222
0.25000000 0.02222222 0.91666667
0.09375000 0.02222222 0.97222222
0.18750000 0.02222222 0.93055556
0.00000000 0.00000000 0.94444444
