0.9261 0.2553 0.0628
0.9212 0.2534 0.0686
0.9153 0.2461 0.0724
0.9102 0.2461 0.0774
0.9073 0.2388 0.0807
0.9030 0.2384 0.0845
0.9000 0.2296 0.0869
0.8969 0.2290 0.0898
0.8967 0.2206 0.0917
0.8937 0.2192 0.0939
0.8931 0.2136 0.0947
0.8918 0.2099 0.0958
0.8939 0.2048 0.0964
0.8912 0.2022 0.0969
0.8914 0.1993 0.0971
0.8926 0.1948 0.0972
0.8949 0.1905 0.0968
0.8957 0.1880 0.0964
0.8973 0.1862 0.0957
0.8996 0.1820 0.0951
0.9022 0.1824 0.0945
0.9043 0.1779 0.0936
0.9067 0.1767 0.0934
0.9120 0.1733 0.0920
0.9149 0.1745 0.0911
0.9187 0.1701 0.0895
0.9226 0.1720 0.0892
0.9279 0.1675 0.0878
0.9311 0.1683 0.0871
0.9356 0.1674 0.0867
0.9403 0.1661 0.0856
0.9460 0.1688 0.0861
0.9509 0.1640 0.0847
0.9544 0.1685 0.0859
0.9603 0.1653 0.0850
0.9625 0.1681 0.0854
0.9680 0.1635 0.0848
0.9694 0.1676 0.0854
0.9768 0.1630 0.0850
0.9770 0.1647 0.0847
0.9811 0.1648 0.0856
0.9825 0.1622 0.0847
0.9847 0.1661 0.0857
0.9864 0.1594 0.0842
0.9866 0.1661 0.0853
0.9886 0.1599 0.0842
0.9892 0.1628 0.0837
0.9898 0.1583 0.0833
0.9898 0.1611 0.0823
0.9892 0.1614 0.0822
0.9900 0.1557 0.0789
0.9896 0.1583 0.0786
0.9906 0.1564 0.0766
0.9902 0.1585 0.0749
0.9910 0.1547 0.0720
0.9894 0.1585 0.0707
0.9898 0.1575 0.0682
0.9900 0.1564 0.0652
0.9914 0.1560 0.0622
0.9908 0.1589 0.0600
0.9919 0.1617 0.0569
0.9916 0.1614 0.0538
0.9937 0.1634 0.0505
0.9927 0.1655 0.0476
0.9945 0.1698 0.0448
0.9949 0.1713 0.0414
0.9959 0.1752 0.0384
0.9965 0.1790 0.0355
0.9978 0.1833 0.0329
0.9974 0.1871 0.0298
0.9980 0.1931 0.0273
0.9984 0.1961 0.0243
0.9988 0.2021 0.0221
1.0000 0.2073 0.0192
0.9992 0.2148 0.0166
0.9990 0.2215 0.0143
0.9988 0.2299 0.0116
0.9978 0.2379 0.0092
0.9969 0.2493 0.0070
0.9957 0.2624 0.0048
0.9931 0.2757 0.0022
0.9892 0.2952 0.0008
0.9847 0.3144 0.0000
0.9766 0.3405 0.0003
0.9658 0.3702 0.0025
0.9511 0.4097 0.0079
0.9318 0.4582 0.0169
0.9020 0.5145 0.0345
0.8641 0.5847 0.0600
0.8089 0.6663 0.1021
0.7358 0.7591 0.1626
0.6372 0.8530 0.2505
0.5184 0.9456 0.3661
0.3824 1.0000 0.5111
0.2381 1.0000 0.6674
0.1133 0.9202 0.8259
0.0232 0.7559 0.9436
0.0000 0.5130 1.0000
0.0487 0.2405 0.9757
0.1548 0.0000 0.8930
