0.8809 0.4941 0.1090
0.8764 0.5099 0.0957
0.8703 0.5207 0.0825
0.8638 0.5428 0.0629
0.8517 0.5635 0.0517
0.8399 0.5855 0.0335
0.8246 0.6178 0.0245
0.8050 0.6457 0.0098
0.7811 0.6865 0.0035
0.7504 0.7240 0.0000
0.7102 0.7773 0.0098
0.6635 0.8247 0.0307
0.6052 0.8734 0.0671
0.5388 0.9230 0.1167
0.4577 0.9648 0.1922
0.3707 0.9967 0.2872
0.2797 1.0000 0.4095
0.1862 0.9895 0.5402
0.1048 0.9286 0.6813
0.0435 0.8368 0.8071
0.0093 0.7092 0.9113
0.0000 0.5707 0.9748
0.0297 0.4191 1.0000
0.0880 0.2763 0.9741
0.1669 0.1526 0.9182
0.2518 0.0694 0.8372
0.3415 0.0187 0.7449
0.4308 0.0000 0.6506
0.5124 0.0039 0.5646
0.5866 0.0266 0.4843
0.6502 0.0599 0.4221
0.7027 0.0984 0.3704
0.7462 0.1401 0.3396
0.7841 0.1750 0.3075
0.8150 0.2138 0.2900
0.8409 0.2480 0.2774
0.8630 0.2855 0.2788
0.8824 0.3115 0.2767
0.8982 0.3457 0.2865
0.9120 0.3671 0.2928
0.9228 0.3954 0.3103
0.9352 0.4105 0.3229
0.9437 0.4309 0.3389
0.9525 0.4431 0.3536
0.9593 0.4576 0.3732
0.9666 0.4678 0.3934
0.9708 0.4763 0.4130
0.9771 0.4836 0.4361
0.9812 0.4836 0.4535
0.9869 0.4872 0.4752
0.9897 0.4819 0.4885
0.9927 0.4855 0.5073
0.9950 0.4786 0.5262
0.9972 0.4766 0.5318
0.9975 0.4684 0.5409
0.9992 0.4586 0.5381
1.0000 0.4526 0.5388
1.0000 0.4437 0.5269
0.9997 0.4437 0.5255
0.9997 0.4322 0.5101
0.9980 0.4309 0.4955
0.9982 0.4201 0.4759
0.9962 0.4253 0.4605
0.9965 0.4220 0.4465
0.9940 0.4234 0.4256
0.9930 0.4303 0.4158
0.9910 0.4289 0.3969
0.9884 0.4359 0.3843
0.9867 0.4306 0.3634
0.9849 0.4457 0.3585
0.9834 0.4474 0.3459
0.9814 0.4536 0.3354
0.9794 0.4553 0.3284
0.9756 0.4645 0.3194
0.9736 0.4704 0.3180
0.9711 0.4717 0.3075
0.9686 0.4813 0.3117
0.9661 0.4839 0.3033
0.9636 0.4934 0.2998
0.9605 0.4931 0.2935
0.9573 0.5036 0.2956
0.9555 0.5049 0.2900
0.9520 0.5145 0.2907
0.9505 0.5155 0.2865
0.9472 0.5227 0.2851
0.9467 0.5243 0.2816
0.9414 0.5312 0.2795
0.9394 0.5368 0.2802
0.9367 0.5405 0.2781
0.9344 0.5454 0.2774
0.9324 0.5487 0.2760
0.9299 0.5513 0.2718
0.9274 0.5572 0.2739
0.9264 0.5605 0.2746
0.9236 0.5658 0.2704
0.9211 0.5661 0.2718
0.9206 0.5727 0.2704
0.9188 0.5757 0.2725
0.9183 0.5780 0.2683
0.9181 0.5776 0.2690
