0.2063 -0.5996 0.4173
0.2035 -0.5911 0.4148
0.2011 -0.5787 0.4198
0.1978 -0.5754 0.4165
0.1907 -0.5761 0.4114
0.1846 -0.5813 0.4039
0.1794 -0.5748 0.4047
0.1756 -0.5676 0.4005
0.1723 -0.5558 0.4047
0.1681 -0.5513 0.4005
0.1624 -0.5565 0.3887
0.1577 -0.5545 0.3854
0.1530 -0.5493 0.3804
0.1483 -0.5441 0.3795
0.1445 -0.5323 0.3778
0.1393 -0.5304 0.3728
0.1331 -0.5343 0.3636
0.1303 -0.5284 0.3619
0.1256 -0.5251 0.3560
0.1218 -0.5199 0.3526
0.1176 -0.5108 0.3468
0.1143 -0.5140 0.3417
0.1091 -0.5140 0.3333
0.1072 -0.5088 0.3300
0.1029 -0.5036 0.3249
0.0977 -0.4925 0.3224
0.0944 -0.4912 0.3216
0.0907 -0.4931 0.3149
0.0855 -0.4873 0.3149
0.0826 -0.4840 0.3081
0.0807 -0.4827 0.3056
0.0774 -0.4768 0.3056
0.0732 -0.4716 0.2997
0.0713 -0.4703 0.2955
0.0666 -0.4644 0.2955
0.0647 -0.4651 0.2922
0.0628 -0.4592 0.2905
0.0585 -0.4566 0.2888
0.0552 -0.4566 0.2855
0.0529 -0.4559 0.2821
0.0496 -0.4520 0.2846
0.0482 -0.4500 0.2788
0.0444 -0.4468 0.2788
0.0415 -0.4448 0.2754
0.0392 -0.4474 0.2729
0.0359 -0.4461 0.2704
0.0340 -0.4396 0.2729
0.0307 -0.4376 0.2712
0.0283 -0.4396 0.2687
0.0264 -0.4376 0.2678
0.0231 -0.4396 0.2645
0.0203 -0.4357 0.2670
0.0189 -0.4317 0.2636
0.0189 -0.4317 0.2594
0.0165 -0.4285 0.2586
0.0146 -0.4285 0.2510
0.0118 -0.4278 0.2510
0.0118 -0.4206 0.2477
0.0094 -0.4193 0.2452
0.0104 -0.4135 0.2410
0.0076 -0.4082 0.2410
0.0076 -0.4063 0.2301
0.0066 -0.4063 0.2284
0.0071 -0.3978 0.2183
0.0047 -0.3926 0.2141
0.0057 -0.3821 0.2082
0.0047 -0.3743 0.2040
0.0033 -0.3697 0.1948
0.0014 -0.3579 0.1898
-0.0000 -0.3534 0.1797
0.0009 -0.3396 0.1763
0.0014 -0.3246 0.1688
0.0009 -0.3168 0.1579
0.0005 -0.3057 0.1469
0.0028 -0.2880 0.1369
0.0028 -0.2737 0.1243
0.0047 -0.2469 0.1167
0.0066 -0.2240 0.1041
0.0090 -0.2057 0.0957
0.0113 -0.1822 0.0814
0.0156 -0.1561 0.0730
0.0208 -0.1163 0.0655
0.0264 -0.0758 0.0495
0.0368 -0.0379 0.0395
0.0477 0.0000 0.0277
0.0595 0.0509 0.0168
0.0760 0.1143 0.0084
0.0968 0.1927 0.0000
0.1199 0.2730 0.0000
0.1473 0.3586 0.0084
0.1799 0.4487 0.0277
0.2210 0.5591 0.0462
0.2691 0.6891 0.0756
0.3291 0.8400 0.1117
0.4008 1.0000 0.1856
0.4816 1.1646 0.2846
0.5779 1.3338 0.4148
0.6941 1.5317 0.5718
0.8319 1.7453 0.7599
1.0000 1.9856 1.0000
