0.8110 1.0000 0.7528
0.8031 0.0000 0.7705
0.7244 -0.4444 0.7804
0.6772 -0.7037 0.7959
0.6772 -0.5185 0.8100
0.6378 -1.2222 0.8249
0.6063 -2.5556 0.8326
0.5512 -3.5926 0.8446
0.5276 -4.1481 0.8573
0.4094 -4.1481 0.8778
0.3937 -4.7407 0.8863
0.3386 -6.0370 0.9004
0.3386 -7.5185 0.9004
0.3071 -8.3333 0.9160
0.2913 -8.9259 0.9237
0.2283 -9.2593 0.9428
0.2205 -10.1852 0.9477
0.1969 -11.5926 0.9562
0.1890 -12.9630 0.9569
0.1575 -14.2222 0.9675
0.1417 -15.0370 0.9710
0.1024 -15.4815 0.9859
0.1102 -16.4815 0.9866
0.0866 -18.1481 0.9880
0.1339 -19.2963 0.9859
0.1024 -20.7037 0.9908
0.1024 -21.2593 0.9944
0.0866 -22.4074 1.0000
0.0866 -23.3333 0.9958
0.0709 -25.1481 0.9951
0.1102 -26.0000 0.9922
0.0787 -27.5926 0.9887
0.0709 -28.3333 0.9915
0.0945 -29.6667 0.9845
0.1024 -30.8148 0.9781
0.1260 -32.5926 0.9654
0.1417 -33.8889 0.9590
0.1339 -35.1481 0.9520
0.1732 -35.6296 0.9499
0.1496 -37.1852 0.9343
0.1654 -38.5185 0.9237
0.1732 -40.3333 0.9047
0.1732 -41.1481 0.8990
0.1496 -42.1111 0.8884
0.1339 -42.8519 0.8757
0.1654 -44.4444 0.8538
0.1890 -45.6296 0.8369
0.1969 -46.8519 0.8164
0.1417 -47.7407 0.8086
0.1417 -48.4815 0.7895
0.1181 -49.4074 0.7719
0.1102 -50.5556 0.7458
0.0787 -51.6667 0.7246
0.0945 -52.7407 0.6992
0.0866 -52.7407 0.6879
0.0787 -53.4074 0.6631
0.0866 -54.2963 0.6377
0.0945 -55.2593 0.6095
0.0945 -56.0000 0.5862
0.0394 -55.7778 0.5706
0.0236 -56.2593 0.5487
0.0315 -56.9259 0.5205
0.0394 -57.4074 0.4958
0.0472 -57.7778 0.4675
-0.0000 -57.9630 0.4499
0.0157 -57.8519 0.4266
0.0315 -57.9630 0.4025
0.0630 -57.9259 0.3736
0.0787 -58.1852 0.3496
0.0551 -58.0000 0.3249
0.0866 -57.3704 0.3100
0.0709 -56.9630 0.2860
0.0787 -56.8148 0.2648
0.1339 -56.4074 0.2415
0.1811 -56.1852 0.2196
0.1890 -55.3704 0.2055
0.1890 -54.7037 0.1879
0.2126 -54.1852 0.1723
0.2756 -53.5185 0.1575
0.2913 -52.7407 0.1427
0.2835 -52.3704 0.1264
0.2992 -51.4074 0.1165
0.3307 -50.6296 0.1045
0.3622 -49.9259 0.0939
0.3937 -49.1852 0.0826
0.4252 -48.5556 0.0720
0.4567 -47.5556 0.0636
0.4882 -46.7778 0.0579
0.5039 -46.1111 0.0487
0.5512 -45.3333 0.0410
0.5827 -44.7037 0.0360
0.5827 -43.7037 0.0318
0.5906 -43.1111 0.0261
0.6378 -42.2222 0.0205
0.7087 -41.4444 0.0148
0.7717 -40.7037 0.0127
0.8189 -40.0741 0.0064
0.8740 -39.1111 0.0064
0.9370 -38.0741 0.0014
1.0000 -37.4074 0.0000
