1.00000000 0.00108225 1.00000000
0.99728997 0.00000000 0.99404762
0.98373984 0.00108225 0.98809524
0.97696477 0.00541126 0.98214286
0.96612466 0.00432900 0.95535714
0.96070461 0.00757576 0.95535714
0.94715447 0.01623377 0.93750000
0.94444444 0.01515152 0.91964286
0.93766938 0.01515152 0.89583333
0.93360434 0.01731602 0.89880952
0.92276423 0.01623377 0.87500000
0.91734417 0.02272727 0.85416667
0.91192412 0.02597403 0.83333333
0.90785908 0.02813853 0.83035714
0.89837398 0.03138528 0.79166667
0.89566396 0.03571429 0.78273810
0.88617886 0.04112554 0.75892857
0.87669377 0.03787879 0.75892857
0.86043360 0.04329004 0.73511905
0.85636856 0.04870130 0.72023810
0.84281843 0.05086580 0.69940476
0.83604336 0.05303030 0.69642857
0.83062331 0.05952381 0.66071429
0.82113821 0.06277056 0.64285714
0.80623306 0.06493506 0.62797619
0.79268293 0.07034632 0.60416667
0.78048780 0.07900433 0.58035714
0.77642276 0.08116883 0.55952381
0.75745257 0.08766234 0.52678571
0.74932249 0.09523810 0.51190476
0.73577236 0.09740260 0.48809524
0.72493225 0.09848485 0.48809524
0.70460705 0.10822511 0.45238095
0.69376694 0.12012987 0.42559524
0.68157182 0.12770563 0.39880952
0.66937669 0.13311688 0.37500000
0.65447154 0.14393939 0.35714286
0.65040650 0.14610390 0.33333333
0.63414634 0.14935065 0.32142857
0.62330623 0.15692641 0.30059524
0.60704607 0.16883117 0.26488095
0.59891599 0.17316017 0.24107143
0.58265583 0.18506494 0.22321429
0.56910569 0.19372294 0.19940476
0.55555556 0.20346320 0.18452381
0.54471545 0.20887446 0.19345238
0.52845528 0.22077922 0.17261905
0.52168022 0.22943723 0.13392857
0.50271003 0.23917749 0.11607143
0.48915989 0.25216450 0.10416667
0.47831978 0.25757576 0.08630952
0.47560976 0.26515152 0.08928571
0.46747967 0.27272727 0.10119048
0.45799458 0.28571429 0.06845238
0.44986450 0.30086580 0.03869048
0.44173442 0.31385281 0.03571429
0.43224932 0.32900433 0.01190476
0.43089431 0.33658009 0.01785714
0.42953930 0.34307359 0.03869048
0.42818428 0.34740260 0.06250000
0.42140921 0.36471861 0.01785714
0.42276423 0.37987013 0.00297619
0.42140921 0.39285714 0.00297619
0.42411924 0.39718615 0.00297619
0.42547425 0.40800866 0.00595238
0.43360434 0.41450216 0.02380952
0.43360434 0.41991342 0.02380952
0.43495935 0.43831169 0.00000000
0.43902439 0.45346320 0.00297619
0.44579946 0.45995671 0.01488095
0.44715447 0.46861472 0.00892857
0.45528455 0.47943723 0.03869048
0.46476965 0.48917749 0.03869048
0.46612466 0.49350649 0.04166667
0.47018970 0.50757576 0.04166667
0.47696477 0.51948052 0.03869048
0.47967480 0.53138528 0.02976190
0.48509485 0.54329004 0.05059524
0.49186992 0.55086580 0.05059524
0.50135501 0.55735931 0.06250000
0.49593496 0.57575758 0.07738095
0.49728997 0.59090909 0.05952381
0.49864499 0.60281385 0.05654762
0.49322493 0.62121212 0.07738095
0.49051491 0.63419913 0.08333333
0.48915989 0.64610390 0.09821429
0.47696477 0.66666667 0.09821429
0.47154472 0.68073593 0.07738095
0.46205962 0.70021645 0.06845238
0.44579946 0.72727273 0.07738095
0.42547425 0.74675325 0.06845238
0.40785908 0.76406926 0.08035714
0.37533875 0.79329004 0.08035714
0.33604336 0.82034632 0.05952381
0.29674797 0.85281385 0.03869048
0.25067751 0.88419913 0.03869048
0.19512195 0.91233766 0.03571429
0.14363144 0.93722944 0.04761905
0.07317073 0.96969697 0.05952381
0.00000000 1.00000000 0.05357143
