1.00000000 0.00000000 0.55128205
0.99758745 0.02868852 0.57264957
0.99155609 0.09426230 0.47863248
0.98492159 0.11885246 0.44444444
0.97285887 0.13934426 0.40598291
0.96260555 0.12295082 0.39316239
0.94813028 0.22950820 0.29059829
0.94330519 0.27049180 0.29487179
0.92762364 0.32377049 0.26495726
0.91435464 0.32377049 0.28205128
0.89867310 0.37295082 0.21794872
0.88841978 0.40163934 0.21367521
0.86911942 0.47950820 0.15384615
0.85223160 0.49180328 0.16239316
0.83534379 0.54098361 0.12820513
0.82026538 0.57786885 0.10683761
0.80217129 0.64754098 0.06837607
0.78528347 0.63934426 0.08119658
0.76718938 0.67622951 0.05982906
0.74969843 0.74180328 0.02136752
0.73281062 0.75000000 0.00000000
0.71652593 0.77049180 0.01282051
0.69782871 0.78688525 0.02991453
0.68335344 0.83196721 0.02136752
0.66646562 0.86475410 0.04700855
0.64897467 0.89344262 0.05982906
0.63088058 0.91393443 0.10683761
0.61580217 0.91803279 0.12820513
0.59589867 0.94672131 0.16666667
0.57961399 0.94262295 0.20940171
0.56151990 0.97540984 0.26923077
0.54342581 0.98770492 0.30769231
0.52653800 1.00000000 0.35897436
0.51085645 0.94262295 0.41025641
0.49396864 0.96311475 0.45726496
0.47587455 0.96311475 0.49145299
0.45958987 0.96311475 0.53418803
0.44571773 0.92622951 0.57264957
0.42882992 0.92622951 0.61538462
0.41495778 0.89344262 0.65384615
0.40289505 0.90163934 0.71794872
0.39143546 0.84426230 0.76068376
0.37816647 0.84016393 0.79059829
0.36791315 0.79508197 0.82051282
0.35464415 0.79508197 0.83333333
0.34680338 0.72131148 0.87179487
0.33715320 0.72540984 0.89316239
0.32750302 0.66803279 0.93162393
0.31905911 0.66393443 0.94017094
0.31182147 0.63934426 0.96581197
0.30579011 0.62295082 0.95726496
0.29674306 0.57377049 1.00000000
0.29071170 0.56967213 0.97863248
0.27985525 0.53688525 0.96581197
0.27623643 0.52868852 0.96581197
0.26779252 0.52459016 0.96153846
0.26115802 0.50000000 0.97435897
0.25150784 0.49180328 0.97435897
0.24788902 0.46721311 0.96581197
0.23884198 0.44262295 0.96581197
0.23462002 0.42213115 0.95726496
0.22557298 0.41393443 0.94444444
0.22135103 0.42213115 0.93162393
0.21411339 0.38934426 0.93589744
0.20928830 0.38524590 0.91025641
0.19903498 0.37295082 0.91880342
0.19481303 0.36065574 0.91452991
0.18636912 0.39344262 0.88888889
0.18335344 0.38114754 0.88034188
0.17490953 0.34016393 0.88888889
0.16767189 0.33196721 0.86752137
0.15983112 0.30327869 0.87179487
0.15560917 0.37704918 0.82051282
0.14957780 0.35245902 0.82051282
0.14475271 0.35245902 0.83333333
0.13691194 0.29508197 0.83760684
0.13449940 0.28688525 0.82051282
0.12967431 0.34426230 0.79059829
0.12726176 0.34016393 0.77777778
0.11640531 0.31147541 0.78205128
0.11459590 0.26639344 0.79487179
0.10554885 0.25000000 0.79059829
0.10494572 0.30737705 0.74786325
0.09770808 0.31967213 0.73931624
0.09529554 0.29918033 0.73504274
0.08745476 0.27868852 0.74358974
0.08323281 0.24590164 0.75641026
0.07599517 0.28688525 0.70512821
0.07358263 0.29918033 0.69658120
0.06574186 0.27049180 0.67521368
0.05850422 0.25409836 0.69230769
0.05186972 0.22131148 0.69658120
0.05006031 0.22540984 0.67521368
0.04161641 0.24180328 0.66666667
0.03799759 0.22950820 0.66666667
0.02653800 0.20901639 0.68803419
0.02412545 0.19672131 0.69230769
0.01628468 0.17213115 0.67948718
0.01025332 0.19262295 0.68376068
0.00000000 0.17213115 0.65811966
