0.1340 1.0844 0.9750
0.0515 1.0779 0.9750
0.1134 1.0714 1.0000
0.0619 1.0844 0.9500
0.1237 1.0779 0.9500
0.0722 1.0714 0.9250
0.1134 1.0519 0.8750
0.0412 1.0779 0.9500
0.1443 1.0714 0.8750
0.0825 1.0649 0.8500
0.1443 1.0390 0.8250
0.0722 1.0065 0.8500
0.1237 0.9935 0.8000
0.0722 1.0000 0.7750
0.1546 0.9675 0.7500
0.0825 0.9675 0.7250
0.1340 0.9351 0.7000
0.0928 0.9416 0.7500
0.1443 0.9545 0.6750
0.0825 0.9610 0.7250
0.1546 0.9481 0.6750
0.0825 0.9545 0.7000
0.1237 0.9481 0.6750
0.0825 0.9805 0.6500
0.1134 0.9481 0.6250
0.0619 0.9610 0.6250
0.1031 0.8961 0.5750
0.0412 0.9091 0.6000
0.0928 0.8831 0.5500
0.0309 0.8636 0.5250
0.0722 0.8377 0.5000
0.0309 0.8312 0.5750
0.1031 0.8117 0.4500
0.0206 0.8312 0.4500
0.0619 0.8117 0.3500
0.0000 0.8052 0.3500
0.0722 0.8052 0.2750
0.0103 0.8117 0.3250
0.0515 0.7987 0.1750
0.0103 0.7792 0.2750
0.0515 0.7857 0.2000
0.0103 0.7792 0.2000
0.0515 0.7403 0.2250
0.0206 0.7532 0.2250
0.0619 0.7403 0.1000
0.0515 0.7143 0.1500
0.1031 0.7013 0.1250
0.0619 0.6818 0.1250
0.0825 0.6688 0.0500
0.0412 0.6623 0.0750
0.0825 0.6558 0.0750
0.0412 0.6558 0.0750
0.0722 0.6429 0.0250
0.0619 0.6299 0.0500
0.1134 0.6234 0.0000
0.1031 0.6234 0.0750
0.1649 0.6234 0.0000
0.1340 0.6039 0.1000
0.1649 0.5584 0.0250
0.1443 0.5260 0.1000
0.1546 0.5000 0.0500
0.1649 0.4935 0.0750
0.1959 0.4545 0.0000
0.1753 0.4481 0.0500
0.2577 0.4156 0.0250
0.2371 0.3831 0.0500
0.2680 0.3701 0.0500
0.2680 0.3442 0.0750
0.2887 0.3442 0.0500
0.3093 0.3442 0.1000
0.3505 0.3182 0.0250
0.3608 0.3182 0.0250
0.3918 0.2662 0.0250
0.3918 0.2597 0.0500
0.4227 0.2208 0.0000
0.4227 0.2013 0.1000
0.4433 0.1883 0.0000
0.4639 0.1623 0.1000
0.5258 0.1688 0.0750
0.5258 0.1299 0.1500
0.5567 0.1169 0.1500
0.5773 0.0844 0.2250
0.6289 0.0779 0.2250
0.6186 0.0519 0.2250
0.6701 0.0390 0.2000
0.6701 0.0000 0.3500
0.7113 -0.0260 0.3000
0.7216 -0.0714 0.4500
0.7629 -0.0584 0.3000
0.7938 -0.0974 0.4250
0.8144 -0.1104 0.4000
0.8454 -0.1623 0.4750
0.8660 -0.1948 0.4500
0.8866 -0.2403 0.5500
0.8969 -0.2597 0.5250
0.9175 -0.2662 0.6000
0.9381 -0.2857 0.5250
0.9588 -0.3182 0.6250
0.9588 -0.3701 0.5000
1.0000 -0.3896 0.6250
