0.0000 1.0000 0.0000
0.0138 0.9915 0.0091
0.0251 0.9783 0.0198
0.0388 0.9638 0.0259
0.0489 0.9565 0.0366
0.0658 0.9638 0.0396
0.0777 0.9469 0.0534
0.0915 0.9312 0.0518
0.1028 0.9082 0.0564
0.1190 0.9034 0.0640
0.1341 0.8937 0.0701
0.1472 0.8841 0.0732
0.1604 0.8792 0.0762
0.1779 0.8563 0.0793
0.1942 0.8357 0.0838
0.2118 0.8164 0.0808
0.2243 0.8080 0.0838
0.2419 0.8043 0.0777
0.2525 0.7911 0.0793
0.2719 0.7681 0.0716
0.2863 0.7621 0.0747
0.3039 0.7536 0.0808
0.3170 0.7512 0.0701
0.3340 0.7428 0.0686
0.3471 0.7210 0.0640
0.3628 0.7246 0.0579
0.3747 0.7029 0.0503
0.3910 0.7077 0.0473
0.4035 0.7089 0.0427
0.4211 0.6957 0.0366
0.4330 0.6920 0.0335
0.4480 0.6969 0.0274
0.4618 0.7089 0.0259
0.4768 0.7065 0.0168
0.4887 0.7210 0.0198
0.5069 0.7150 0.0137
0.5150 0.7367 0.0137
0.5301 0.7572 0.0091
0.5426 0.7705 0.0168
0.5602 0.7850 0.0244
0.5689 0.7899 0.0320
0.5840 0.8176 0.0396
0.5946 0.8333 0.0534
0.6078 0.8490 0.0655
0.6178 0.8623 0.0808
0.6291 0.8708 0.1021
0.6404 0.8949 0.1235
0.6516 0.9167 0.1494
0.6591 0.9227 0.1814
0.6736 0.9300 0.2134
0.6805 0.9444 0.2424
0.6892 0.9589 0.2713
0.6967 0.9674 0.3095
0.7043 0.9601 0.3399
0.7093 0.9601 0.3811
0.7174 0.9807 0.4146
0.7231 0.9940 0.4573
0.7331 0.9879 0.4924
0.7368 0.9710 0.5366
0.7419 0.9541 0.5732
0.7475 0.9626 0.6113
0.7538 0.9529 0.6433
0.7550 0.9360 0.6829
0.7638 0.9191 0.7134
0.7688 0.8804 0.7500
0.7726 0.8841 0.7790
0.7751 0.8659 0.8110
0.7838 0.8418 0.8369
0.7851 0.8140 0.8659
0.7882 0.7729 0.8841
0.7920 0.7572 0.9040
0.7951 0.7367 0.9314
0.8026 0.7150 0.9405
0.8083 0.6824 0.9558
0.8114 0.6522 0.9680
0.8145 0.6135 0.9771
0.8214 0.5797 0.9878
0.8308 0.5640 0.9939
0.8346 0.5326 1.0000
0.8415 0.5072 0.9939
0.8496 0.4722 1.0000
0.8615 0.4384 0.9970
0.8665 0.4118 0.9985
0.8747 0.3816 0.9878
0.8828 0.3539 0.9909
0.8929 0.3261 0.9771
0.9029 0.2862 0.9695
0.9110 0.2548 0.9497
0.9185 0.2355 0.9405
0.9292 0.2114 0.9192
0.9373 0.1800 0.9131
0.9474 0.1522 0.8872
0.9524 0.1220 0.8841
0.9624 0.1002 0.8582
0.9680 0.0954 0.8415
0.9774 0.0556 0.8110
0.9799 0.0362 0.7866
0.9862 0.0290 0.7607
0.9937 0.0157 0.7332
1.0000 0.0000 0.7012
