-2.3267 0.9148 1.0000
-2.4267 0.8943 0.9887
-2.4800 0.8825 0.9828
-2.5867 0.8750 0.9722
-2.6333 0.8582 0.9709
-2.7000 0.8520 0.9629
-2.7400 0.8476 0.9576
-2.8000 0.8433 0.9497
-2.8133 0.8315 0.9497
-2.8600 0.8302 0.9431
-2.8667 0.8252 0.9418
-2.9133 0.8315 0.9378
-2.8533 0.8321 0.9292
-2.8933 0.8364 0.9246
-2.8467 0.8358 0.9199
-2.8733 0.8470 0.9126
-2.8067 0.8514 0.9073
-2.8067 0.8595 0.9001
-2.7267 0.8675 0.8921
-2.7400 0.8775 0.8868
-2.6533 0.8800 0.8795
-2.6467 0.8899 0.8716
-2.5933 0.9005 0.8570
-2.5467 0.9148 0.8405
-2.4533 0.9179 0.8259
-2.4133 0.9279 0.8147
-2.3467 0.9335 0.7942
-2.3200 0.9403 0.7849
-2.2067 0.9471 0.7624
-2.1267 0.9627 0.7366
-2.0533 0.9726 0.7101
-2.0000 0.9733 0.6976
-1.8400 0.9776 0.6711
-1.7600 0.9801 0.6506
-1.6533 0.9907 0.6201
-1.5667 0.9851 0.6016
-1.4333 0.9944 0.5652
-1.3267 0.9938 0.5347
-1.1800 1.0000 0.4990
-1.0800 0.9857 0.4758
-0.9200 0.9826 0.4421
-0.7933 0.9776 0.4097
-0.6667 0.9764 0.3719
-0.5933 0.9596 0.3422
-0.4467 0.9453 0.3077
-0.3733 0.9266 0.2780
-0.2667 0.9067 0.2508
-0.2200 0.8825 0.2277
-0.1267 0.8570 0.2019
-0.0733 0.8321 0.1827
0.0000 0.8029 0.1688
0.0133 0.7743 0.1555
0.0600 0.7438 0.1469
0.0800 0.7183 0.1390
0.1200 0.6915 0.1343
0.1800 0.6679 0.1324
0.2067 0.6424 0.1310
0.2400 0.6250 0.1317
0.2933 0.6051 0.1284
0.3267 0.5933 0.1264
0.4067 0.5759 0.1224
0.4333 0.5560 0.1317
0.5400 0.5379 0.1284
0.5600 0.5292 0.1271
0.6333 0.5143 0.1251
0.6800 0.4994 0.1271
0.7733 0.4876 0.1231
0.8600 0.4708 0.1244
0.9333 0.4590 0.1218
1.0000 0.4428 0.1244
1.1333 0.4378 0.1165
1.2133 0.4266 0.1178
1.3200 0.4154 0.1118
1.4000 0.4011 0.1138
1.5000 0.3899 0.1125
1.5933 0.3775 0.1158
1.7067 0.3688 0.1165
1.7667 0.3570 0.1145
1.8733 0.3445 0.1165
1.9200 0.3308 0.1158
2.0067 0.3203 0.1138
2.0600 0.3103 0.1085
2.1733 0.2973 0.1072
2.2000 0.2867 0.1046
2.2933 0.2711 0.1006
2.3467 0.2637 0.0960
2.4067 0.2475 0.0887
2.4600 0.2425 0.0814
2.5067 0.2214 0.0708
2.5400 0.2077 0.0682
2.6000 0.1878 0.0596
2.6133 0.1698 0.0582
2.6533 0.1555 0.0450
2.6333 0.1356 0.0410
2.6333 0.1188 0.0265
2.6000 0.0858 0.0251
2.6133 0.0734 0.0132
2.5467 0.0485 0.0106
2.5067 0.0286 0.0007
2.4267 -0.0000 0.0000
