0.0000 1.0000 0.3251
0.0133 0.9781 0.3028
0.0600 0.9547 0.2883
0.0800 0.9352 0.2749
0.1200 0.9147 0.2670
0.1800 0.8966 0.2637
0.2067 0.8770 0.2615
0.2400 0.8637 0.2626
0.2933 0.8484 0.2570
0.3267 0.8394 0.2536
0.4067 0.8260 0.2469
0.4333 0.8108 0.2626
0.5400 0.7969 0.2570
0.5600 0.7903 0.2547
0.6333 0.7788 0.2514
0.6800 0.7674 0.2547
0.7733 0.7583 0.2480
0.8600 0.7455 0.2503
0.9333 0.7364 0.2458
1.0000 0.7240 0.2503
1.1333 0.7202 0.2369
1.2133 0.7116 0.2391
1.3200 0.7031 0.2291
1.4000 0.6921 0.2324
1.5000 0.6835 0.2302
1.5933 0.6740 0.2358
1.7067 0.6673 0.2369
1.7667 0.6582 0.2335
1.8733 0.6487 0.2369
1.9200 0.6382 0.2358
2.0067 0.6301 0.2324
2.0600 0.6225 0.2235
2.1733 0.6125 0.2212
2.2000 0.6044 0.2168
2.2933 0.5925 0.2101
2.3467 0.5867 0.2022
2.4067 0.5744 0.1899
2.4600 0.5705 0.1777
2.5067 0.5543 0.1598
2.5400 0.5439 0.1553
2.6000 0.5286 0.1408
2.6133 0.5148 0.1385
2.6533 0.5038 0.1162
2.6333 0.4886 0.1095
2.6333 0.4757 0.0849
2.6000 0.4504 0.0827
2.6133 0.4409 0.0626
2.5467 0.4218 0.0581
2.5067 0.4066 0.0413
2.4267 0.3847 0.0402
2.3533 0.3708 0.0235
2.2200 0.3513 0.0145
2.0867 0.3327 0.0011
1.9067 0.3093 0.0022
1.7600 0.2893 0.0000
1.5667 0.2679 0.0034
1.3667 0.2502 0.0022
1.1333 0.2264 0.0101
0.9000 0.2035 0.0168
0.6067 0.1821 0.0346
0.3867 0.1659 0.0436
0.0600 0.1416 0.0682
-0.1400 0.1235 0.0804
-0.5200 0.1025 0.1140
-0.8267 0.0872 0.1330
-1.1800 0.0710 0.1609
-1.4867 0.0634 0.1855
-1.8733 0.0477 0.2179
-2.2000 0.0310 0.2547
-2.5800 0.0253 0.2883
-2.8867 0.0195 0.3263
-3.2533 0.0119 0.3631
-3.5867 0.0052 0.3955
-3.9267 0.0076 0.4324
-4.2133 0.0019 0.4670
-4.5800 0.0019 0.5084
-4.8733 -0.0000 0.5464
-5.1533 0.0133 0.5799
-5.3867 0.0143 0.6156
-5.7000 0.0262 0.6469
-5.9467 0.0272 0.6816
-6.1667 0.0410 0.7140
-6.3733 0.0434 0.7464
-6.5800 0.0567 0.7821
-6.7600 0.0677 0.8045
-6.9200 0.0744 0.8369
-7.0733 0.0867 0.8536
-7.2400 0.0963 0.8827
-7.3333 0.1130 0.8950
-7.4467 0.1187 0.9207
-7.5267 0.1354 0.9296
-7.6400 0.1349 0.9508
-7.6533 0.1497 0.9587
-7.7467 0.1587 0.9687
-7.7600 0.1735 0.9698
-7.8467 0.1702 0.9765
-7.8400 0.1787 0.9821
-7.8667 0.1787 0.9888
-7.8667 0.1864 0.9955
-7.8733 0.1868 1.0000
