0.0808 1.0000 1.0000
0.0000 0.9560 0.9707
0.1010 0.9304 0.9610
0.0505 0.9194 0.9463
0.1515 0.8718 0.9415
0.1212 0.8571 0.8976
0.2222 0.8352 0.9073
0.1818 0.7949 0.8683
0.2828 0.7802 0.8585
0.2424 0.7692 0.8293
0.3232 0.7253 0.8195
0.2626 0.7216 0.7951
0.3636 0.6923 0.7951
0.2929 0.6630 0.7659
0.3939 0.6630 0.7659
0.3434 0.6484 0.7366
0.4141 0.6410 0.7366
0.3434 0.6227 0.7024
0.4040 0.6007 0.6976
0.3636 0.5751 0.6732
0.4747 0.5604 0.6732
0.4242 0.5568 0.6439
0.5051 0.5238 0.6439
0.4444 0.5092 0.6195
0.5556 0.4872 0.6195
0.5354 0.4872 0.5805
0.5960 0.4615 0.5805
0.5657 0.4432 0.5561
0.6162 0.4322 0.5610
0.5859 0.4139 0.5268
0.6465 0.3883 0.5220
0.6061 0.3773 0.4976
0.7071 0.3700 0.5073
0.6465 0.3516 0.4829
0.6768 0.3187 0.4829
0.6263 0.3223 0.4488
0.6970 0.3114 0.4732
0.7071 0.3150 0.4244
0.6768 0.3004 0.4098
0.6263 0.2784 0.3854
0.6970 0.2894 0.3854
0.6364 0.2821 0.3610
0.7071 0.2564 0.3610
0.6566 0.2491 0.3268
0.7071 0.2308 0.3366
0.6869 0.2308 0.3122
0.7475 0.2088 0.3220
0.7475 0.1795 0.2780
0.7576 0.1722 0.2829
0.7374 0.1575 0.2683
0.8081 0.1612 0.2683
0.7576 0.1648 0.2439
0.8081 0.1429 0.2439
0.7778 0.1282 0.2098
0.8283 0.1319 0.2146
0.8283 0.1245 0.1854
0.8384 0.1245 0.1951
0.8384 0.1172 0.1707
0.8687 0.1062 0.1707
0.8485 0.0952 0.1512
0.8889 0.0769 0.1512
0.8586 0.0806 0.1366
0.8990 0.0623 0.1366
0.8788 0.0696 0.1268
0.8788 0.0696 0.1366
0.8687 0.0586 0.1073
0.8586 0.0549 0.1220
0.8687 0.0330 0.0976
0.8889 0.0330 0.1171
0.8586 0.0476 0.1122
0.8889 0.0440 0.1073
0.8586 0.0513 0.0878
0.8788 0.0403 0.0927
0.8586 0.0476 0.0732
0.8889 0.0366 0.0878
0.8788 0.0403 0.0683
0.8687 0.0330 0.0732
0.8889 0.0366 0.0537
0.9192 0.0220 0.0732
0.8687 0.0293 0.0439
0.9091 0.0220 0.0585
0.8990 0.0110 0.0390
0.9293 0.0000 0.0585
0.9394 0.0037 0.0390
0.9394 0.0110 0.0390
0.9495 0.0403 0.0293
0.9596 0.0476 0.0585
1.0000 0.0659 0.0293
0.9697 0.0586 0.0341
0.9293 0.0659 0.0146
0.9192 0.0769 0.0195
0.8788 0.0842 0.0098
0.8788 0.0916 0.0195
0.8990 0.0733 0.0049
0.8687 0.0733 0.0244
0.8687 0.0623 0.0146
0.8485 0.0659 0.0098
0.8485 0.0769 0.0000
0.8889 0.0659 0.0146
0.8687 0.0623 0.0049
