0.00000000 0.81818182 0.00000000
0.01639344 0.84118291 0.00122549
0.02263856 0.85651698 0.04289216
0.03434817 0.89594743 0.04901961
0.04683841 0.88061336 0.10906863
0.05386417 0.92990142 0.11151961
0.06791569 0.90580504 0.17156863
0.07728337 0.94852136 0.18504902
0.08508977 0.93318729 0.23406863
0.09367681 0.96385542 0.25122549
0.10772834 0.94304491 0.30637255
0.11241218 0.98247536 0.32598039
0.12490242 0.97480832 0.37009804
0.13505074 1.00000000 0.40441176
0.14832162 0.96933187 0.45465686
0.15612802 0.98904710 0.49019608
0.16315379 0.98685652 0.51715686
0.17798595 0.97809419 0.56985294
0.19047619 0.97809419 0.58700980
0.20374707 0.96166484 0.64705882
0.21389539 0.96056955 0.66789216
0.23185012 0.91018620 0.73529412
0.24277908 0.93647317 0.74509804
0.24980484 0.87951807 0.79289216
0.26385636 0.88170865 0.81985294
0.27946916 0.82584885 0.85049020
0.28649493 0.80613363 0.89705882
0.30054645 0.77327492 0.89950980
0.30835285 0.72398686 0.94852941
0.32630757 0.72289157 0.94117647
0.33255269 0.63307777 0.98529412
0.34660422 0.63855422 0.96691176
0.35987510 0.53450164 1.00000000
0.37002342 0.53340635 0.98897059
0.38485558 0.44797371 0.98039216
0.39344262 0.43154436 0.97426471
0.40671351 0.39211391 0.93750000
0.42154567 0.31544359 0.94730392
0.42622951 0.30339540 0.88970588
0.44028103 0.23110624 0.89215686
0.44886807 0.24424973 0.84313725
0.46370023 0.14567360 0.84558824
0.47775176 0.18291347 0.78553922
0.49258392 0.10186199 0.76348039
0.50039032 0.11062432 0.72426471
0.51678376 0.04490690 0.69730392
0.52927400 0.08543264 0.64583333
0.54879001 0.07009858 0.60171569
0.55737705 0.04162103 0.59681373
0.57455113 0.06790800 0.53186275
0.58391881 0.03943045 0.52450980
0.59797034 0.05695509 0.48651961
0.60811866 0.02409639 0.47794118
0.62295082 0.08652793 0.43504902
0.63153786 0.05695509 0.42769608
0.64480874 0.07667032 0.42524510
0.64949258 0.06024096 0.42647059
0.66198283 0.10076670 0.41421569
0.66744731 0.10405257 0.40073529
0.67291179 0.10624315 0.42156863
0.67993755 0.11281490 0.42034314
0.68384075 0.13472070 0.44240196
0.69008587 0.14895947 0.43504902
0.69711163 0.14786418 0.46568627
0.70023419 0.16867470 0.47058824
0.71038251 0.16100767 0.50122549
0.71038251 0.19824754 0.50367647
0.71740827 0.19058050 0.53553922
0.71896956 0.20920044 0.55147059
0.73224044 0.20372399 0.58210784
0.73224044 0.21577218 0.59926471
0.73692428 0.21358160 0.62867647
0.74238876 0.22124863 0.64583333
0.75565964 0.21029573 0.67156863
0.75800156 0.21686747 0.69117647
0.76658860 0.21467689 0.71691176
0.77439500 0.20810515 0.74387255
0.78688525 0.21139102 0.75857843
0.79000781 0.19934283 0.78553922
0.79859485 0.19605696 0.80024510
0.80952381 0.16976999 0.82843137
0.81576893 0.18948521 0.84068627
0.82591725 0.17196057 0.86274510
0.83294301 0.17853231 0.87622549
0.84543326 0.15881709 0.89215686
0.85792350 0.15443593 0.90686275
0.86182670 0.14567360 0.92279412
0.87900078 0.13033954 0.93750000
0.88212334 0.13253012 0.93872549
0.89929742 0.11062432 0.95588235
0.90320062 0.11719606 0.95465686
0.92193599 0.08433735 0.96813725
0.92740047 0.07886090 0.97181373
0.93754879 0.04600219 0.97671569
0.94379391 0.05366922 0.97794118
0.95940671 0.03504929 0.97671569
0.96565183 0.02190581 0.98774510
0.98204528 0.01642935 0.97794118
0.99141296 0.00000000 0.99019608
1.00000000 0.00985761 0.97426471
