0.8429 3.3182 0.0000
0.8600 3.3312 0.0262
0.8686 3.3896 0.0458
0.8871 3.4675 0.0668
0.8857 3.5065 0.0929
0.9029 3.5195 0.1217
0.9000 3.5390 0.1518
0.9129 3.5649 0.1715
0.9243 3.5779 0.2016
0.9357 3.6039 0.2225
0.9400 3.6169 0.2513
0.9514 3.5974 0.2827
0.9500 3.5584 0.3076
0.9643 3.5584 0.3377
0.9643 3.5649 0.3599
0.9786 3.5195 0.3901
0.9729 3.4935 0.4188
0.9829 3.4156 0.4450
0.9843 3.3571 0.4738
0.9843 3.3052 0.5000
0.9857 3.2468 0.5209
0.9929 3.1364 0.5471
0.9871 3.0195 0.5720
0.9957 2.9545 0.5929
0.9914 2.9026 0.6113
0.9943 2.8506 0.6335
0.9886 2.7662 0.6479
0.9957 2.5909 0.6623
0.9914 2.4481 0.6728
1.0000 2.4610 0.6859
0.9986 2.3506 0.7016
0.9971 2.3442 0.7147
0.9829 2.2273 0.7251
0.9886 2.1039 0.7356
0.9843 2.0000 0.7369
0.9814 1.9416 0.7435
0.9729 1.9805 0.7526
0.9814 1.9221 0.7565
0.9686 1.8766 0.7618
0.9729 1.8571 0.7670
0.9643 1.7857 0.7696
0.9600 1.7208 0.7749
0.9529 1.7338 0.7801
0.9543 1.7338 0.7866
0.9414 1.7143 0.7919
0.9357 1.7013 0.8024
0.9186 1.6623 0.8024
0.9157 1.6104 0.8037
0.9014 1.5779 0.8154
0.9014 1.6688 0.8220
0.8900 1.6039 0.8207
0.8829 1.6169 0.8298
0.8671 1.5909 0.8351
0.8571 1.5390 0.8416
0.8457 1.5325 0.8469
0.8357 1.5649 0.8586
0.8200 1.5974 0.8691
0.8114 1.5649 0.8691
0.7929 1.5584 0.8796
0.7771 1.5779 0.8861
0.7600 1.4545 0.8927
0.7500 1.4545 0.9005
0.7314 1.4740 0.9045
0.7257 1.4610 0.9123
0.7100 1.4545 0.9188
0.6886 1.3961 0.9306
0.6729 1.3831 0.9372
0.6629 1.2792 0.9476
0.6429 1.3117 0.9476
0.6314 1.3571 0.9568
0.6143 1.3052 0.9594
0.5871 1.2468 0.9673
0.5700 1.2078 0.9725
0.5543 1.1104 0.9738
0.5343 1.0649 0.9738
0.5200 1.0649 0.9856
0.5000 1.0390 0.9830
0.4857 1.0195 0.9869
0.4586 1.0000 0.9895
0.4386 0.8896 0.9935
0.4157 0.7857 0.9908
0.3929 0.7987 0.9908
0.3729 0.7662 0.9948
0.3486 0.7403 0.9961
0.3214 0.7273 1.0000
0.3071 0.6494 0.9974
0.2857 0.5065 0.9895
0.2614 0.4870 0.9908
0.2386 0.4740 0.9856
0.2271 0.4091 0.9856
0.2014 0.3896 0.9817
0.1814 0.3312 0.9777
0.1600 0.2013 0.9686
0.1314 0.0779 0.9673
0.1100 0.0584 0.9568
0.0900 0.0000 0.9529
0.0600 0.0260 0.9503
0.0386 -0.0260 0.9437
0.0157 -0.1883 0.9332
-0.0000 -0.2597 0.9241
