0.00000000 0.00000000 1.00000000
0.21089162 0.07371795 0.84224250
0.38547784 0.16145833 0.71751412
0.51841965 0.24959936 0.62146893
0.62733582 0.33133013 0.54845719
0.70421783 0.40865385 0.49109083
0.77042178 0.47756410 0.44763146
0.81847304 0.54286859 0.41242938
0.86011746 0.59455128 0.38722295
0.89108382 0.64302885 0.36505867
0.92044848 0.67948718 0.34550196
0.94020288 0.71314103 0.33159496
0.95621997 0.74118590 0.31421121
0.96689802 0.76762821 0.30160800
0.98184730 0.79487179 0.28552803
0.98344901 0.80288462 0.27857453
0.99038975 0.83173077 0.26292916
0.99466097 0.83373397 0.25336810
0.99786439 0.85416667 0.24424163
0.99786439 0.85697115 0.23120382
0.99733049 0.87099359 0.22294654
1.00000000 0.88141026 0.20643199
0.99679658 0.88421474 0.20469361
0.99466097 0.90544872 0.18644068
0.99679658 0.89783654 0.18426771
0.99252536 0.91626603 0.17122990
0.98932194 0.90625000 0.17079531
0.98398292 0.92908654 0.15428075
0.98398292 0.92067308 0.14732725
0.97330486 0.93469551 0.14167753
0.97223705 0.93790064 0.13168188
0.96903364 0.93830128 0.12950891
0.97063534 0.94991987 0.11690569
0.96155900 0.94591346 0.12038244
0.95728777 0.96674679 0.10430248
0.95515216 0.95472756 0.10604085
0.95408436 0.97315705 0.09734898
0.94874533 0.95913462 0.10082573
0.94607581 0.98157051 0.08996089
0.94233849 0.97315705 0.08691873
0.93860117 0.98197115 0.08648414
0.93166044 0.97956731 0.08083442
0.93059263 0.97956731 0.08213820
0.92685531 0.98076923 0.07561930
0.92418580 0.98357372 0.08083442
0.91938067 0.99158654 0.07040417
0.91884677 0.98477564 0.07605389
0.91404164 0.99118590 0.07214255
0.91030432 0.97756410 0.08083442
0.90389749 0.98557692 0.07214255
0.90549920 0.97956731 0.07779226
0.89909237 0.99078526 0.07301173
0.90122798 0.97796474 0.07692308
0.89161773 0.98036859 0.07518470
0.89428724 0.97235577 0.07605389
0.88627870 0.97916667 0.07301173
0.88734650 0.97155449 0.07170795
0.88040577 0.97956731 0.06692742
0.88414309 0.97315705 0.06605824
0.87880406 0.97235577 0.06736202
0.87880406 0.97235577 0.06214689
0.87453284 0.97235577 0.06171230
0.87666845 0.97275641 0.05693177
0.87346503 0.97235577 0.05606258
0.87346503 0.97475962 0.05345502
0.87186332 0.97315705 0.05171664
0.87560064 0.97275641 0.04954368
0.87132942 0.96995192 0.04693611
0.87186332 0.97435897 0.04302477
0.87026161 0.97395833 0.03998262
0.87293113 0.97836538 0.03867884
0.86865990 0.98157051 0.03780965
0.87132942 0.97996795 0.03302912
0.86759210 0.98397436 0.03259452
0.87346503 0.98157051 0.02911777
0.86438868 0.98517628 0.02781399
0.87346503 0.98357372 0.02607562
0.86759210 0.99038462 0.02172968
0.87186332 0.98958333 0.02086050
0.86705820 0.99158654 0.01825293
0.87613454 0.99038462 0.01651456
0.86865990 0.99118590 0.01607997
0.87293113 0.99118590 0.01521078
0.86652429 0.99559295 0.01086484
0.87399893 0.99639423 0.00999565
0.86705820 0.99639423 0.00999565
0.87293113 0.98998397 0.01129944
0.86865990 0.99679487 0.00782269
0.87720235 0.99719551 0.00869187
0.86759210 0.99679487 0.00782269
0.87399893 0.99879808 0.00651890
0.86865990 0.99639423 0.00391134
0.87773625 0.99959936 0.00391134
0.86865990 0.99318910 0.00564972
0.87933796 1.00000000 0.00130378
0.87026161 0.99599359 0.00173837
0.87933796 0.99839744 0.00130378
0.86812600 0.98557692 0.00304216
0.87773625 0.99519231 0.00043459
0.87293113 0.98838141 0.00000000
