0.0000 0.1514 1.0000
0.0075 0.1554 0.9951
0.0168 0.1514 0.9817
0.0261 0.1419 0.9670
0.0352 0.1324 0.9523
0.0440 0.1297 0.9431
0.0525 0.1243 0.9278
0.0600 0.1284 0.9223
0.0691 0.1270 0.9070
0.0776 0.1135 0.8948
0.0869 0.1095 0.8813
0.0968 0.1108 0.8697
0.1061 0.0905 0.8538
0.1155 0.0973 0.8453
0.1253 0.0865 0.8312
0.1349 0.0811 0.8177
0.1451 0.0770 0.8012
0.1552 0.0662 0.7914
0.1651 0.0662 0.7780
0.1752 0.0568 0.7645
0.1848 0.0473 0.7505
0.1960 0.0432 0.7376
0.2069 0.0378 0.7217
0.2179 0.0311 0.7107
0.2291 0.0270 0.6960
0.2403 0.0230 0.6838
0.2517 0.0149 0.6685
0.2632 0.0149 0.6587
0.2755 0.0081 0.6446
0.2877 0.0108 0.6336
0.3003 0.0095 0.6177
0.3128 0.0054 0.6104
0.3243 0.0068 0.5963
0.3376 0.0054 0.5865
0.3507 0.0000 0.5743
0.3637 0.0041 0.5615
0.3752 0.0068 0.5492
0.3875 0.0081 0.5388
0.3987 0.0108 0.5284
0.4112 0.0203 0.5193
0.4224 0.0243 0.5125
0.4333 0.0351 0.5040
0.4440 0.0446 0.4930
0.4552 0.0527 0.4881
0.4659 0.0568 0.4795
0.4757 0.0676 0.4709
0.4869 0.0743 0.4599
0.4971 0.0811 0.4550
0.5072 0.0919 0.4434
0.5171 0.0959 0.4373
0.5269 0.1095 0.4312
0.5376 0.1230 0.4239
0.5475 0.1284 0.4135
0.5592 0.1351 0.4067
0.5696 0.1500 0.4012
0.5821 0.1635 0.3939
0.5920 0.1703 0.3841
0.6043 0.1838 0.3786
0.6147 0.1946 0.3688
0.6272 0.2054 0.3615
0.6373 0.2122 0.3505
0.6488 0.2270 0.3456
0.6587 0.2378 0.3364
0.6696 0.2554 0.3297
0.6787 0.2676 0.3205
0.6893 0.2865 0.3144
0.6981 0.2959 0.3015
0.7080 0.3135 0.2985
0.7176 0.3297 0.2881
0.7275 0.3527 0.2832
0.7360 0.3581 0.2709
0.7456 0.3824 0.2654
0.7544 0.3905 0.2532
0.7640 0.4108 0.2489
0.7725 0.4216 0.2349
0.7829 0.4500 0.2312
0.7912 0.4649 0.2177
0.8013 0.4892 0.2135
0.8101 0.5000 0.2006
0.8195 0.5270 0.1969
0.8285 0.5419 0.1835
0.8365 0.5676 0.1792
0.8461 0.5824 0.1651
0.8555 0.6108 0.1633
0.8637 0.6270 0.1505
0.8739 0.6554 0.1450
0.8816 0.6730 0.1303
0.8904 0.7000 0.1254
0.8981 0.7149 0.1089
0.9080 0.7405 0.1046
0.9165 0.7608 0.0875
0.9256 0.7919 0.0838
0.9339 0.8122 0.0685
0.9424 0.8392 0.0636
0.9517 0.8635 0.0465
0.9611 0.8932 0.0422
0.9701 0.9095 0.0263
0.9789 0.9459 0.0232
0.9896 0.9730 0.0043
1.0000 1.0000 0.0000
