0.0088 -19.9444 0.9600
0.0118 -19.9444 0.9360
0.0206 -19.7222 0.9520
0.0176 -19.8333 0.9360
0.0235 -19.8333 0.9600
0.0088 -19.6667 0.9360
0.0235 -19.7778 0.9280
0.0294 -19.7778 0.9520
0.0235 -19.7778 0.9440
0.0265 -19.7222 0.9440
0.0265 -19.7778 0.9520
0.0206 -19.9444 0.9440
0.0176 -19.7778 0.9680
0.0147 -19.8889 0.9600
0.0088 -20.0000 0.9760
0.0059 -19.8889 0.9840
0.0029 -19.8889 0.9840
0.0029 -19.9444 1.0000
-0.0000 -19.8889 0.9760
-0.0000 -19.9444 0.9920
0.0088 -19.8333 0.9840
0.0059 -19.7222 0.9840
0.0059 -19.6111 0.9840
0.0118 -19.6111 0.9520
0.0147 -19.7222 0.9520
0.0235 -19.5000 0.9440
0.0265 -19.7222 0.9280
0.0265 -19.6111 0.9440
0.0324 -19.5556 0.9040
0.0324 -19.7222 0.8880
0.0471 -19.5000 0.8640
0.0471 -19.7778 0.8640
0.0471 -19.7222 0.8400
0.0500 -19.6111 0.8240
0.0618 -19.7778 0.8080
0.0618 -19.5556 0.7840
0.0676 -19.7222 0.7760
0.0706 -19.6111 0.7600
0.0765 -19.5556 0.7280
0.0765 -19.7778 0.7280
0.0853 -19.7222 0.6880
0.0853 -19.8333 0.6800
0.1000 -19.7222 0.6640
0.1000 -19.8333 0.6640
0.1088 -19.8889 0.6480
0.1088 -19.7778 0.6160
0.1176 -19.8333 0.6160
0.1206 -19.7222 0.5920
0.1294 -19.5556 0.5840
0.1294 -19.6667 0.5680
0.1441 -19.6111 0.5520
0.1353 -19.5556 0.5200
0.1529 -19.6111 0.5040
0.1618 -19.7222 0.4800
0.1706 -19.8333 0.5120
0.1676 -19.6111 0.4320
0.1912 -19.6667 0.4240
0.1882 -19.3889 0.3840
0.2118 -19.4444 0.3600
0.2088 -19.4444 0.3440
0.2265 -19.4444 0.3200
0.2324 -19.2222 0.3040
0.2441 -18.9444 0.2880
0.2471 -18.7222 0.2640
0.2588 -18.4444 0.2480
0.2647 -18.5000 0.2400
0.2912 -18.2778 0.2160
0.2941 -17.9444 0.2160
0.3147 -17.6667 0.2000
0.3176 -17.3333 0.1840
0.3500 -17.0000 0.1760
0.3618 -16.6667 0.1680
0.3941 -16.1667 0.1520
0.4029 -15.8333 0.1520
0.4235 -15.2222 0.1440
0.4382 -14.8333 0.1280
0.4765 -14.4444 0.1200
0.4912 -13.7222 0.1280
0.5235 -12.8889 0.1040
0.5382 -12.3889 0.1280
0.5765 -11.7222 0.1280
0.5941 -11.1111 0.0880
0.6235 -10.3889 0.1120
0.6324 -10.0000 0.0880
0.6647 -9.4444 0.1040
0.6706 -8.7778 0.0960
0.7029 -8.1667 0.0880
0.7118 -7.6111 0.0480
0.7471 -6.9444 0.0480
0.7471 -6.3333 0.0480
0.7941 -5.4444 0.0320
0.7971 -5.0000 0.0320
0.8382 -4.2222 0.0240
0.8471 -3.4444 0.0400
0.8882 -2.5000 0.0240
0.9059 -1.8889 0.0240
0.9412 -0.6667 0.0160
0.9500 0.0000 0.0000
0.9882 1.0000 0.0000
1.0000 2.0000 0.0000
