0.0000 0.9065 0.1250
0.0048 0.9103 0.0417
0.0048 0.9103 0.2083
0.0096 0.9122 0.2083
0.0144 0.9198 0.1250
0.0192 0.9294 0.2083
0.0312 0.9256 0.1667
0.0216 0.9275 0.2500
0.0361 0.9313 0.1250
0.0312 0.9408 0.1667
0.0457 0.9389 0.2083
0.0481 0.9447 0.1250
0.0553 0.9504 0.2083
0.0577 0.9580 0.2083
0.0697 0.9542 0.2500
0.0769 0.9523 0.2083
0.0841 0.9561 0.1667
0.0889 0.9618 0.1250
0.0962 0.9676 0.0833
0.1010 0.9656 0.1250
0.1178 0.9714 0.0833
0.1226 0.9790 0.1250
0.1322 0.9809 0.2500
0.1346 0.9885 0.0417
0.1514 0.9924 0.2917
0.1562 1.0000 0.1667
0.1562 0.9866 0.2500
0.1611 0.9943 0.0833
0.1755 0.9905 0.1667
0.1827 0.9885 0.0417
0.1995 0.9809 0.1250
0.2091 0.9733 0.0000
0.2139 0.9561 0.2083
0.2308 0.9485 0.0417
0.2380 0.9294 0.1667
0.2476 0.9122 0.0833
0.2620 0.8950 0.1667
0.2740 0.8836 0.1667
0.2885 0.8683 0.2083
0.2981 0.8588 0.1250
0.3101 0.8321 0.1250
0.3197 0.8244 0.0833
0.3413 0.8034 0.0417
0.3486 0.7901 0.0833
0.3606 0.7748 0.1667
0.3702 0.7634 0.0833
0.3894 0.7424 0.1667
0.3990 0.7405 0.0000
0.4183 0.7176 0.2917
0.4231 0.7042 0.1250
0.4375 0.6851 0.2500
0.4447 0.6756 0.1250
0.4639 0.6622 0.2500
0.4736 0.6469 0.2500
0.4832 0.6317 0.2500
0.4976 0.6260 0.2500
0.5120 0.6126 0.2917
0.5264 0.6050 0.2083
0.5433 0.5897 0.2500
0.5505 0.5802 0.2500
0.5649 0.5553 0.2083
0.5721 0.5573 0.1250
0.5865 0.5324 0.2500
0.5986 0.5286 0.2500
0.6130 0.5057 0.3750
0.6274 0.4943 0.2500
0.6442 0.4809 0.3750
0.6562 0.4580 0.3750
0.6635 0.4427 0.3333
0.6827 0.4294 0.3333
0.6899 0.4008 0.3333
0.7091 0.3874 0.3750
0.7188 0.3607 0.4167
0.7332 0.3416 0.5417
0.7452 0.3092 0.6667
0.7692 0.2939 0.5000
0.7764 0.2691 0.5417
0.7909 0.2443 0.5000
0.8101 0.2214 0.6667
0.8149 0.2004 0.7083
0.8365 0.1718 0.7500
0.8462 0.1546 0.7917
0.8582 0.1279 0.7500
0.8726 0.1069 0.7083
0.8822 0.0821 0.8750
0.8990 0.0630 0.9167
0.9087 0.0439 0.8333
0.9231 0.0363 0.8750
0.9279 0.0210 0.8750
0.9447 0.0191 0.9583
0.9495 0.0019 0.8750
0.9567 0.0000 0.9583
0.9663 0.0019 0.8750
0.9760 0.0134 0.9167
0.9808 0.0057 0.9167
0.9808 0.0153 0.9583
0.9928 0.0191 1.0000
0.9952 0.0363 0.9583
1.0000 0.0382 1.0000
1.0000 0.0439 1.0000
