25.3825 2.3019 2.5689
25.3775 2.2936 2.5707
25.3925 2.2858 2.5750
25.4226 2.2727 2.5800
25.4426 2.2715 2.5769
25.4727 2.2715 2.5763
25.4727 2.2655 2.5787
25.5077 2.2560 2.5836
25.5077 2.2458 2.5879
25.4877 2.2536 2.5781
25.5027 2.2470 2.5781
25.5027 2.2440 2.5781
25.5227 2.2327 2.5830
25.5327 2.2339 2.5763
25.5227 2.2339 2.5750
25.5277 2.2327 2.5744
25.5277 2.2226 2.5787
25.5027 2.2184 2.5775
25.4827 2.2255 2.5670
25.4576 2.2232 2.5664
25.4526 2.2208 2.5670
25.4626 2.2148 2.5677
25.4827 2.2124 2.5670
25.4526 2.2136 2.5621
25.4476 2.2160 2.5578
25.4326 2.2148 2.5554
25.4426 2.2112 2.5578
25.4426 2.2112 2.5547
25.4226 2.2136 2.5517
25.4576 2.2136 2.5480
25.4526 2.2130 2.5455
25.4727 2.2154 2.5449
25.4576 2.2196 2.5449
25.4626 2.2160 2.5394
25.4526 2.2178 2.5394
25.4526 2.2196 2.5351
25.4226 2.2226 2.5332
25.4476 2.2243 2.5326
25.4326 2.2267 2.5338
25.4376 2.2243 2.5357
25.4376 2.2261 2.5326
25.4576 2.2309 2.5301
25.4176 2.2351 2.5320
25.4326 2.2297 2.5357
25.4076 2.2345 2.5351
25.3875 2.2381 2.5326
25.3625 2.2387 2.5369
25.3825 2.2393 2.5387
25.3725 2.2434 2.5394
25.3424 2.2422 2.5387
25.3074 2.2434 2.5412
25.3124 2.2422 2.5437
25.2874 2.2405 2.5480
25.2723 2.2405 2.5480
25.2573 2.2428 2.5504
25.2523 2.2357 2.5547
25.2573 2.2309 2.5609
25.2373 2.2261 2.5633
25.2022 2.2190 2.5658
25.1772 2.2094 2.5732
25.1822 2.2047 2.5775
25.1972 2.1957 2.5824
25.1672 2.1856 2.5886
25.1872 2.1754 2.5966
25.1722 2.1647 2.6021
25.1822 2.1504 2.6082
25.1371 2.1360 2.6138
25.1371 2.1229 2.6193
25.1071 2.1008 2.6279
25.0921 2.0800 2.6341
25.0570 2.0615 2.6402
25.0320 2.0382 2.6464
24.9769 2.0048 2.6562
24.9068 1.9684 2.6642
24.8166 1.9338 2.6691
24.6814 1.8902 2.6747
24.5362 1.8347 2.6839
24.3810 1.7774 2.6907
24.1356 1.7094 2.6888
23.8652 1.6295 2.6851
23.4746 1.5292 2.6784
22.9888 1.4141 2.6605
22.3829 1.2780 2.6298
21.6117 1.1217 2.5830
20.6052 0.9374 2.5068
19.3733 0.7279 2.3979
17.8459 0.4994 2.2478
15.9430 0.2512 2.0406
13.5794 0.0000 1.7712
10.7650 -0.2321 1.4225
7.6152 -0.4027 1.0000
4.2700 -0.4708 0.5135
1.0000 -0.3825 0.0000
-1.8606 -0.1110 -0.4975
-3.8675 0.3622 -0.9071
-4.8652 1.0000 -1.1827
-4.4877 1.7482 -1.2595
-2.7042 2.5119 -1.1248
-0.0000 3.1784 -0.8235
3.4237 3.6915 -0.3967
