0.00000000 0.19142259 0.84249084
0.01792574 0.17782427 0.86080586
0.03457106 0.16945607 0.87545788
0.04865557 0.14853556 0.88888889
0.06274008 0.13284519 0.90109890
0.07938540 0.12343096 0.91452991
0.09475032 0.10983264 0.92796093
0.10883483 0.10669456 0.94139194
0.11523688 0.09309623 0.94383394
0.12035851 0.08054393 0.95360195
0.12804097 0.07008368 0.96092796
0.13572343 0.05962343 0.96703297
0.14084507 0.05962343 0.97313797
0.14468630 0.05125523 0.97680098
0.14724712 0.04079498 0.97924298
0.15108835 0.03451883 0.98290598
0.15620999 0.02301255 0.99023199
0.16005122 0.02510460 0.99389499
0.16133163 0.01882845 0.99023199
0.16133163 0.01464435 0.99145299
0.16389245 0.00523013 0.99267399
0.16773367 0.00000000 0.99877900
0.16773367 0.00209205 1.00000000
0.16645327 0.00209205 0.99877900
0.17029449 0.00732218 0.99755800
0.17157490 0.00523013 0.99633700
0.17285531 0.00627615 0.99511600
0.17541613 0.00627615 0.99755800
0.17669654 0.01359833 0.99877900
0.18181818 0.02196653 0.99511600
0.17925736 0.02719665 0.99633700
0.18181818 0.03138075 0.99389499
0.18437900 0.03347280 0.99389499
0.19334187 0.04497908 0.99267399
0.19846351 0.05543933 0.99023199
0.19974392 0.06485356 0.99145299
0.20614597 0.07322176 0.98778999
0.20998720 0.07635983 0.98656899
0.21895006 0.08158996 0.98412698
0.22407170 0.08577406 0.98168498
0.23047375 0.09205021 0.97802198
0.23815621 0.10146444 0.97680098
0.24327785 0.10983264 0.97069597
0.24967990 0.11820084 0.96459096
0.25992318 0.12761506 0.96092796
0.27144686 0.14016736 0.95848596
0.28425096 0.15376569 0.95604396
0.29705506 0.16108787 0.95604396
0.31241997 0.17782427 0.94383394
0.32394366 0.18514644 0.93894994
0.33546735 0.19246862 0.93162393
0.34571063 0.20188285 0.92307692
0.35851472 0.21234310 0.91330891
0.37387964 0.22698745 0.90598291
0.38924456 0.23430962 0.89743590
0.40588988 0.25104603 0.88278388
0.41869398 0.26046025 0.86813187
0.43790013 0.27615063 0.85347985
0.44942382 0.28974895 0.83760684
0.47247119 0.30543933 0.82417582
0.48655570 0.31380753 0.80830281
0.50448143 0.33472803 0.79242979
0.52368758 0.34937238 0.77411477
0.54033291 0.37447699 0.75091575
0.55569782 0.39330544 0.73260073
0.57106274 0.41317992 0.71306471
0.58130602 0.42573222 0.69352869
0.59795134 0.44560669 0.67277167
0.61203585 0.45606695 0.65323565
0.62996159 0.47384937 0.63003663
0.64020487 0.48221757 0.61050061
0.65813060 0.49686192 0.58974359
0.66837388 0.50732218 0.56654457
0.68501921 0.52405858 0.54578755
0.69526248 0.53765690 0.52258852
0.71318822 0.55439331 0.50305250
0.72855314 0.57217573 0.47863248
0.74519846 0.59309623 0.45299145
0.75544174 0.60460251 0.43467643
0.77464789 0.62866109 0.40415140
0.78617157 0.64853556 0.38217338
0.80921895 0.67677824 0.35531136
0.81177977 0.70397490 0.32844933
0.82586428 0.72280335 0.30769231
0.83610755 0.73012552 0.29181929
0.84635083 0.74267782 0.27350427
0.85787452 0.75313808 0.25641026
0.86939821 0.77196653 0.23565324
0.87836108 0.78242678 0.21855922
0.89244558 0.80125523 0.19902320
0.89628681 0.81380753 0.17826618
0.90781050 0.83472803 0.15750916
0.91677337 0.85355649 0.13919414
0.92957746 0.87238494 0.12087912
0.93725992 0.88807531 0.10012210
0.95006402 0.90794979 0.08180708
0.95902689 0.92677824 0.05860806
0.97567222 0.94874477 0.04273504
0.98591549 0.96652720 0.01587302
1.00000000 1.00000000 0.00000000
