0.1816 -5.6505 0.9776
0.2008 -4.8544 0.9933
0.2271 -4.1505 1.0000
0.2591 -3.1311 0.9994
0.2993 -2.1505 0.9848
0.3491 -1.0631 0.9607
0.4115 -0.0000 0.9164
0.4841 1.0000 0.8547
0.5680 1.8883 0.7649
0.6594 2.4223 0.6554
0.7528 2.6893 0.5208
0.8442 2.1505 0.3810
0.9196 1.1699 0.2458
0.9794 -0.6311 0.1291
1.0000 -2.8350 0.0415
0.9867 -5.4126 0.0000
0.9381 -7.9320 0.0000
0.8631 -10.0631 0.0522
0.7756 -11.8010 0.1178
0.6792 -12.7524 0.2172
0.5917 -13.3592 0.2963
0.5045 -13.1748 0.3855
0.4281 -12.7961 0.4523
0.3623 -12.1214 0.5079
0.3114 -11.5146 0.5511
0.2684 -10.8058 0.5791
0.2328 -10.1311 0.6055
0.2056 -9.6117 0.6077
0.1828 -8.9175 0.6139
0.1638 -8.3447 0.6094
0.1467 -7.7718 0.6061
0.1357 -7.3835 0.5909
0.1245 -6.9369 0.5797
0.1142 -6.5631 0.5673
0.1060 -6.2379 0.5449
0.1001 -5.9417 0.5275
0.0946 -5.7039 0.5062
0.0880 -5.3981 0.4921
0.0852 -5.2913 0.4635
0.0806 -5.1456 0.4444
0.0772 -4.9806 0.4254
0.0740 -4.7718 0.4097
0.0731 -4.7282 0.3850
0.0685 -4.6650 0.3659
0.0656 -4.6019 0.3507
0.0637 -4.4709 0.3333
0.0617 -4.5146 0.3154
0.0601 -4.4612 0.3002
0.0578 -4.4029 0.2884
0.0562 -4.4126 0.2722
0.0553 -4.4709 0.2587
0.0528 -4.4806 0.2458
0.0500 -4.4320 0.2368
0.0487 -4.4806 0.2228
0.0473 -4.4757 0.2132
0.0448 -4.5146 0.2015
0.0434 -4.4612 0.1953
0.0414 -4.5340 0.1824
0.0404 -4.4903 0.1768
0.0370 -4.5097 0.1672
0.0350 -4.4515 0.1650
0.0343 -4.5534 0.1526
0.0334 -4.4612 0.1504
0.0304 -4.5049 0.1453
0.0288 -4.4854 0.1392
0.0267 -4.5146 0.1369
0.0256 -4.5000 0.1296
0.0228 -4.4903 0.1330
0.0222 -4.5437 0.1246
0.0206 -4.4951 0.1246
0.0190 -4.5631 0.1223
0.0164 -4.4806 0.1218
0.0153 -4.5437 0.1173
0.0149 -4.4612 0.1145
0.0126 -4.5000 0.1139
0.0123 -4.5340 0.1061
0.0128 -4.4854 0.1077
0.0114 -4.5291 0.1016
0.0105 -4.4126 0.1033
0.0091 -4.5583 0.0920
0.0101 -4.4417 0.0926
0.0071 -4.5146 0.0870
0.0075 -4.4563 0.0825
0.0075 -4.5194 0.0808
0.0075 -4.5049 0.0724
0.0046 -4.4660 0.0746
0.0057 -4.5728 0.0617
0.0043 -4.5631 0.0612
0.0048 -4.5922 0.0561
0.0018 -4.5097 0.0589
0.0032 -4.6019 0.0483
0.0016 -4.5728 0.0466
0.0025 -4.5922 0.0449
0.0000 -4.5437 0.0421
0.0014 -4.6262 0.0348
0.0002 -4.6214 0.0297
0.0005 -4.6117 0.0314
0.0007 -4.5680 0.0275
0.0011 -4.6505 0.0236
0.0007 -4.6699 0.0157
