0.9672 0.0000 0.9652
0.9637 0.0362 0.9043
0.9701 0.0226 0.9696
0.9687 0.0724 0.9261
0.9808 0.0633 0.9870
0.9765 0.1086 0.9565
0.9858 0.0498 0.9957
0.9786 0.1267 0.9696
0.9915 0.0950 0.9826
0.9850 0.1584 0.9783
0.9943 0.1041 1.0000
0.9879 0.1538 0.9913
1.0000 0.1312 0.9826
0.9929 0.1584 0.9783
0.9979 0.0950 0.9696
0.9865 0.1493 0.9478
0.9936 0.1086 0.9043
0.9822 0.1810 0.8913
0.9808 0.1357 0.8609
0.9665 0.1357 0.8565
0.9665 0.1448 0.7783
0.9523 0.1900 0.7522
0.9480 0.1765 0.7087
0.9295 0.1765 0.6957
0.9181 0.1810 0.6261
0.9038 0.2353 0.5826
0.8939 0.2579 0.5348
0.8746 0.2624 0.5435
0.8654 0.2579 0.4739
0.8462 0.2941 0.4217
0.8348 0.3529 0.3522
0.8141 0.4027 0.3174
0.8013 0.3937 0.2870
0.7771 0.4027 0.2609
0.7642 0.4525 0.1913
0.7450 0.5385 0.1522
0.7358 0.5520 0.1261
0.7115 0.5792 0.1174
0.6987 0.5792 0.1000
0.6795 0.6833 0.0435
0.6681 0.7059 0.0304
0.6425 0.7511 0.0348
0.6282 0.7783 0.0174
0.6040 0.8100 0.0261
0.5976 0.8597 0.0000
0.5712 0.9095 0.0174
0.5620 0.9140 0.0087
0.5370 0.9548 0.0261
0.5285 0.9593 0.0261
0.5064 0.9910 0.0435
0.4936 0.9910 0.0565
0.4722 0.9955 0.0696
0.4558 0.9955 0.1087
0.4387 1.0000 0.1043
0.4281 1.0000 0.1522
0.4088 0.9729 0.1696
0.3946 0.9321 0.2130
0.3739 0.9005 0.2478
0.3668 0.9005 0.2522
0.3433 0.8733 0.2826
0.3326 0.8235 0.3087
0.3091 0.7964 0.3391
0.3027 0.7647 0.3478
0.2877 0.7783 0.3696
0.2799 0.7376 0.3870
0.2614 0.6968 0.4130
0.2500 0.6652 0.4304
0.2322 0.6561 0.4435
0.2286 0.6471 0.4478
0.2144 0.6018 0.4565
0.2044 0.5882 0.4739
0.1887 0.5656 0.4913
0.1852 0.5339 0.4913
0.1738 0.5294 0.5087
0.1709 0.4842 0.5130
0.1567 0.4706 0.5217
0.1524 0.4570 0.5261
0.1403 0.4525 0.5261
0.1389 0.4661 0.5130
0.1239 0.4163 0.5217
0.1204 0.4072 0.5304
0.1068 0.4163 0.5130
0.1054 0.4163 0.5130
0.0983 0.4163 0.4957
0.0976 0.3529 0.5261
0.0855 0.3213 0.5174
0.0819 0.3756 0.4913
0.0712 0.3439 0.4870
0.0684 0.3710 0.4739
0.0598 0.3575 0.4826
0.0556 0.3122 0.5043
0.0449 0.3258 0.4739
0.0427 0.3167 0.4739
0.0342 0.3348 0.4696
0.0363 0.3439 0.4391
0.0242 0.3032 0.4522
0.0214 0.2715 0.4696
0.0114 0.2986 0.4348
0.0085 0.3032 0.4348
0.0000 0.3620 0.4000
