0.24725275 0.99463807 0.56569343
0.23626374 1.00000000 0.57664234
0.21978022 0.98927614 0.61313869
0.20054945 0.97319035 0.62043796
0.18681319 0.98123324 0.63868613
0.18131868 0.98659517 0.63503650
0.17307692 0.98659517 0.66788321
0.16208791 0.96246649 0.68613139
0.14835165 0.95442359 0.70072993
0.14560440 0.96514745 0.70802920
0.13186813 0.97050938 0.74087591
0.14285714 0.95174263 0.74087591
0.13186813 0.93833780 0.76642336
0.12912088 0.93565684 0.77372263
0.11538462 0.95442359 0.79562044
0.11538462 0.94101877 0.78467153
0.09615385 0.93029491 0.81021898
0.10439560 0.90348525 0.81751825
0.08791209 0.90616622 0.84306569
0.08791209 0.89544236 0.83576642
0.07967033 0.89812332 0.84671533
0.07692308 0.87935657 0.86131387
0.07142857 0.86058981 0.88321168
0.06043956 0.84182306 0.88686131
0.04945055 0.84718499 0.89051095
0.04945055 0.84450402 0.89416058
0.05219780 0.84182306 0.90875912
0.05769231 0.81501340 0.93430657
0.05769231 0.81769437 0.93430657
0.04945055 0.79892761 0.92335766
0.03296703 0.80160858 0.94525547
0.04120879 0.78820375 0.94890511
0.03846154 0.79088472 0.96350365
0.03846154 0.76407507 0.94890511
0.01923077 0.74262735 0.98175182
0.02747253 0.72654155 0.97810219
0.00824176 0.72117962 0.98175182
0.01648352 0.71581769 0.96350365
0.01098901 0.69705094 0.98540146
0.01373626 0.66219839 0.97810219
0.00824176 0.63806971 1.00000000
0.01923077 0.62466488 0.98175182
0.01098901 0.63270777 0.97810219
0.01648352 0.61930295 0.96715328
0.00274725 0.58981233 0.97445255
0.01373626 0.55764075 0.96350365
0.00000000 0.55227882 0.97080292
0.00824176 0.54959786 0.94160584
0.00824176 0.53351206 0.94525547
0.01648352 0.51474531 0.92700730
0.01923077 0.49061662 0.93065693
0.01373626 0.46916890 0.91605839
0.00824176 0.45040214 0.90875912
0.01923077 0.44235925 0.88321168
0.01923077 0.45308311 0.86861314
0.03571429 0.42895442 0.85036496
0.03571429 0.41286863 0.85036496
0.05219780 0.39946381 0.82481752
0.05494505 0.39410188 0.82116788
0.07967033 0.40750670 0.79197080
0.08516484 0.39410188 0.79562044
0.10439560 0.38069705 0.76642336
0.11538462 0.35656836 0.75547445
0.14010989 0.34316354 0.73357664
0.16208791 0.33780161 0.72992701
0.19780220 0.32975871 0.70802920
0.21703297 0.31367292 0.69343066
0.25274725 0.28954424 0.67153285
0.27747253 0.29490617 0.66423358
0.31318681 0.27613941 0.63868613
0.32142857 0.26273458 0.63138686
0.35714286 0.24664879 0.59854015
0.38186813 0.23324397 0.59124088
0.41483516 0.22788204 0.56569343
0.43681319 0.21983914 0.55839416
0.46428571 0.20107239 0.52919708
0.49175824 0.17962466 0.51094891
0.52747253 0.17694370 0.51094891
0.56043956 0.17158177 0.48905109
0.57692308 0.15817694 0.46350365
0.59615385 0.15549598 0.43795620
0.62087912 0.13672922 0.41970803
0.63736264 0.12868633 0.39781022
0.66758242 0.11796247 0.37956204
0.67582418 0.10455764 0.35766423
0.69780220 0.08310992 0.32481752
0.71703297 0.08847185 0.31021898
0.74175824 0.08310992 0.28467153
0.75549451 0.06702413 0.27007299
0.78571429 0.05630027 0.22627737
0.79395604 0.05630027 0.22262774
0.82142857 0.04021448 0.18248175
0.83516484 0.04021448 0.16788321
0.86263736 0.03217158 0.14233577
0.88186813 0.01340483 0.11313869
0.90659341 0.01608579 0.09489051
0.92582418 0.01876676 0.06934307
0.95879121 0.01340483 0.05474453
0.97527473 0.01072386 0.02919708
1.00000000 0.00000000 0.00000000
