1.0000 1.0000 0.0246
0.9922 0.9737 0.0231
0.9836 0.9518 0.0200
0.9740 0.9270 0.0200
0.9637 0.9051 0.0154
0.9542 0.8832 0.0169
0.9464 0.8642 0.0123
0.9343 0.8380 0.0185
0.9247 0.8219 0.0092
0.9152 0.7927 0.0138
0.9083 0.7737 0.0062
0.8997 0.7504 0.0046
0.8884 0.7314 0.0046
0.8772 0.7080 0.0046
0.8694 0.6905 0.0031
0.8547 0.6657 0.0015
0.8426 0.6482 0.0031
0.8304 0.6234 0.0000
0.8166 0.6058 0.0000
0.8045 0.5810 0.0031
0.7889 0.5650 0.0031
0.7725 0.5372 0.0108
0.7587 0.5226 0.0138
0.7431 0.4920 0.0185
0.7249 0.4759 0.0200
0.7085 0.4599 0.0292
0.6938 0.4423 0.0308
0.6791 0.4190 0.0492
0.6678 0.4044 0.0446
0.6462 0.3752 0.0569
0.6315 0.3650 0.0662
0.6107 0.3343 0.0754
0.5969 0.3241 0.0846
0.5761 0.3007 0.0954
0.5580 0.2891 0.1062
0.5381 0.2686 0.1169
0.5216 0.2628 0.1323
0.4991 0.2438 0.1508
0.4810 0.2365 0.1646
0.4611 0.2175 0.1831
0.4438 0.2088 0.1969
0.4239 0.1883 0.2154
0.4048 0.1869 0.2292
0.3875 0.1635 0.2446
0.3737 0.1606 0.2600
0.3581 0.1372 0.2785
0.3426 0.1372 0.2954
0.3279 0.1182 0.3154
0.3123 0.1124 0.3338
0.2984 0.1022 0.3569
0.2829 0.1007 0.3723
0.2664 0.0876 0.3969
0.2561 0.0920 0.4200
0.2413 0.0715 0.4431
0.2284 0.0774 0.4662
0.2128 0.0657 0.4908
0.1990 0.0686 0.5092
0.1851 0.0569 0.5338
0.1747 0.0584 0.5508
0.1644 0.0423 0.5754
0.1540 0.0482 0.5969
0.1453 0.0321 0.6200
0.1401 0.0336 0.6400
0.1324 0.0204 0.6646
0.1263 0.0204 0.6815
0.1202 0.0117 0.7077
0.1151 0.0248 0.7246
0.1064 0.0131 0.7492
0.1012 0.0263 0.7708
0.0960 0.0190 0.7938
0.0908 0.0175 0.8108
0.0848 0.0161 0.8277
0.0804 0.0204 0.8446
0.0735 0.0146 0.8646
0.0701 0.0234 0.8723
0.0640 0.0073 0.8862
0.0614 0.0161 0.8938
0.0588 0.0088 0.9154
0.0588 0.0117 0.9154
0.0554 0.0073 0.9277
0.0536 0.0102 0.9354
0.0502 0.0000 0.9446
0.0476 0.0102 0.9492
0.0458 0.0015 0.9569
0.0441 0.0102 0.9646
0.0424 0.0117 0.9754
0.0398 0.0204 0.9800
0.0372 0.0161 0.9892
0.0363 0.0234 0.9923
0.0329 0.0161 1.0000
0.0294 0.0277 0.9969
0.0268 0.0248 1.0000
0.0234 0.0277 0.9938
0.0199 0.0307 0.9985
0.0147 0.0336 0.9954
0.0112 0.0409 1.0000
0.0087 0.0438 0.9954
0.0069 0.0423 0.9938
0.0035 0.0511 0.9862
0.0000 0.0555 0.9877
