0.0000 0.5294 0.0500
0.1313 0.2353 0.0000
0.0808 0.3529 0.1000
0.2222 0.3529 0.0000
0.1414 0.3529 0.1000
0.2727 0.0588 0.2000
0.1818 0.0588 0.1500
0.3030 0.2941 0.2000
0.2323 0.4706 0.2500
0.3535 0.3529 0.2500
0.2828 0.5294 0.3500
0.4040 0.4118 0.4500
0.3535 0.7647 0.4500
0.4444 0.7059 0.3500
0.3838 1.0000 0.6000
0.4848 0.8824 0.5000
0.4545 1.0000 0.6000
0.5354 0.7059 0.6000
0.4848 0.7647 0.5500
0.5657 0.5294 0.5500
0.5051 0.7647 0.7000
0.6162 0.5294 0.5500
0.5354 0.7059 0.6500
0.6566 0.4706 0.7000
0.5657 0.6471 0.5500
0.6970 0.4118 0.6000
0.6162 0.3529 0.6500
0.7172 0.1765 0.6000
0.6566 0.2353 0.6000
0.7374 0.1176 0.7000
0.7071 0.3529 0.7000
0.7879 0.1176 0.7500
0.7374 0.4706 0.6500
0.8081 0.0000 0.6000
0.7677 0.3529 0.8500
0.8485 0.1176 0.7500
0.7879 0.2941 0.8000
0.8788 0.1176 0.8500
0.8687 0.1176 0.9000
0.8889 0.1176 0.9000
0.8485 0.2941 0.8000
0.9293 0.0588 0.9500
0.8586 0.4118 0.8000
0.9293 0.2941 1.0000
0.8687 0.2941 0.9000
0.9495 0.2353 0.8500
0.8889 0.4706 0.9000
0.9596 0.3529 0.9000
0.8889 0.4706 0.9000
0.9394 0.2941 0.8500
0.8990 0.3529 1.0000
0.9697 0.2941 0.9000
0.9192 0.3529 1.0000
0.9798 0.0588 1.0000
0.9192 0.2353 0.9000
0.9798 0.1765 0.9000
0.9394 0.4118 0.9000
1.0000 0.0588 0.8500
0.9293 0.3529 0.9000
0.9798 0.0588 0.9500
0.9495 0.3529 1.0000
0.9798 0.1176 0.9000
0.9394 0.2353 0.9500
0.9899 0.1765 0.9500
0.9394 0.2353 0.9500
0.9899 0.2941 0.9000
0.9495 0.3529 0.9000
0.9798 0.0588 0.9000
0.9293 0.2353 0.8500
0.9697 0.0588 0.9000
0.9192 0.4118 0.8000
0.9798 0.1765 0.9000
0.9293 0.4118 1.0000
0.9495 0.2353 0.8500
0.8990 0.2353 0.8500
0.9495 0.2353 0.9000
0.9091 0.4118 0.8000
0.9394 0.2353 0.9500
0.8990 0.3529 0.8500
0.9293 0.1765 0.9000
0.9091 0.4706 0.9500
0.9293 0.2941 0.8500
0.8990 0.5294 0.9000
0.9192 0.2353 0.8500
0.8990 0.3529 0.8500
0.9192 0.2353 0.9500
0.8788 0.3529 0.8500
0.9091 0.3529 1.0000
0.8990 0.3529 0.8000
0.8990 0.2941 0.9000
0.8586 0.5294 0.8000
0.8687 0.2941 0.8000
0.8586 0.3529 0.7500
0.8788 0.2941 0.7500
0.8384 0.4706 0.9000
0.8788 0.2941 0.9000
0.8485 0.5294 0.8000
0.8788 0.1765 0.7500
0.8586 0.4706 0.9000
0.8788 0.4118 0.7500
