0.70742358 0.85093168 0.01608579
0.68558952 1.00000000 0.00000000
0.73799127 0.79503106 0.05630027
0.71615721 0.93167702 0.03753351
0.76855895 0.75155280 0.09115282
0.74235808 0.96894410 0.07238606
0.78602620 0.72670807 0.12600536
0.76855895 0.89440994 0.11528150
0.82096070 0.67701863 0.15549598
0.79912664 0.92546584 0.14745308
0.84279476 0.68944099 0.17426273
0.82532751 0.88198758 0.17962466
0.85152838 0.63354037 0.20375335
0.84716157 0.84472050 0.21447721
0.87772926 0.64596273 0.22252011
0.87336245 0.83850932 0.25469169
0.89082969 0.58385093 0.24128686
0.89956332 0.80745342 0.28686327
0.89956332 0.63975155 0.25737265
0.89082969 0.81987578 0.31099196
0.89519651 0.59006211 0.28150134
0.90829694 0.71428571 0.35120643
0.93013100 0.54037267 0.30026810
0.93013100 0.69565217 0.38069705
0.93013100 0.52173913 0.31903485
0.96069869 0.65838509 0.40482574
0.95633188 0.50310559 0.32975871
0.95633188 0.65217391 0.43163539
0.94323144 0.47826087 0.34316354
0.96069869 0.57142857 0.46380697
0.96069869 0.45962733 0.35924933
0.97816594 0.47826087 0.47721180
0.95196507 0.41614907 0.37801609
0.96943231 0.47204969 0.50134048
0.96506550 0.41614907 0.38873995
0.98689956 0.39130435 0.52546917
0.96069869 0.38509317 0.40214477
0.97816594 0.38509317 0.53887399
0.94759825 0.37267081 0.42627346
0.96069869 0.32919255 0.55495979
0.96506550 0.33540373 0.45040214
0.99563319 0.30434783 0.57104558
0.97379913 0.33540373 0.46648794
0.98689956 0.23602484 0.58445040
0.97816594 0.29813665 0.48257373
1.00000000 0.26708075 0.59785523
0.96069869 0.32919255 0.50134048
0.93886463 0.22360248 0.60589812
0.94759825 0.27950311 0.51206434
0.94759825 0.17391304 0.61394102
0.94759825 0.22981366 0.53887399
0.94759825 0.14906832 0.61394102
0.92576419 0.22360248 0.54691689
0.93886463 0.13664596 0.63270777
0.93013100 0.19875776 0.56568365
0.91703057 0.08695652 0.62734584
0.88209607 0.21118012 0.57908847
0.88646288 0.13043478 0.63270777
0.88646288 0.15527950 0.59249330
0.88209607 0.00621118 0.63806971
0.86899563 0.09316770 0.60857909
0.85589520 0.07453416 0.64879357
0.84716157 0.14285714 0.61662198
0.81659389 0.04968944 0.65415550
0.78602620 0.10559006 0.63270777
0.76419214 0.01863354 0.65951743
0.76419214 0.06211180 0.64879357
0.74235808 0.02484472 0.67292225
0.71615721 0.08695652 0.67024129
0.68122271 0.01242236 0.68364611
0.66812227 0.08695652 0.68096515
0.63318777 0.03726708 0.69973190
0.62008734 0.08695652 0.70241287
0.58078603 0.04347826 0.71581769
0.55895197 0.12422360 0.72386059
0.52401747 0.08695652 0.73726542
0.51965066 0.08695652 0.74530831
0.48034934 0.00000000 0.75335121
0.45851528 0.12422360 0.76943700
0.42358079 0.08074534 0.76943700
0.40174672 0.06832298 0.78552279
0.36681223 0.07453416 0.78016086
0.34934498 0.11180124 0.80697051
0.32314410 0.06832298 0.80965147
0.31877729 0.03105590 0.83646113
0.29694323 0.05590062 0.83378016
0.28820961 0.09937888 0.86058981
0.24017467 0.09937888 0.86058981
0.22707424 0.08695652 0.87935657
0.20087336 0.09937888 0.88739946
0.19650655 0.11180124 0.90348525
0.16157205 0.09316770 0.91152815
0.15720524 0.09316770 0.93029491
0.12227074 0.09937888 0.93297587
0.11353712 0.16149068 0.94906166
0.06550218 0.14906832 0.95174263
0.06113537 0.13043478 0.97050938
0.02183406 0.13043478 0.98391421
0.03930131 0.14285714 0.99195710
0.00000000 0.15527950 1.00000000
