0.00000000 0.80166271 0.00000000
0.01825397 0.80522565 0.00159236
0.03412698 0.79334917 0.00955414
0.05079365 0.81235154 0.01433121
0.06904762 0.84560570 0.02707006
0.08730159 0.87410926 0.04140127
0.10238095 0.89073634 0.05732484
0.11428571 0.89429929 0.07643312
0.12777778 0.90498812 0.10031847
0.14682540 0.92874109 0.12579618
0.15793651 0.94893112 0.15445860
0.16746032 0.96199525 0.18312102
0.17698413 0.96437055 0.21496815
0.18888889 0.96555819 0.24681529
0.20079365 0.99168646 0.27707006
0.21269841 0.99406176 0.31687898
0.21984127 0.98574822 0.35350318
0.22619048 0.97862233 0.39968153
0.23968254 0.98931116 0.43630573
0.24841270 1.00000000 0.47770701
0.25317460 0.97980998 0.51433121
0.25873016 0.96318290 0.54936306
0.26269841 0.94893112 0.58757962
0.27222222 0.95011876 0.62261146
0.28174603 0.94893112 0.66242038
0.28492063 0.92992874 0.69426752
0.28730159 0.90973872 0.72611465
0.29365079 0.87054632 0.75955414
0.29761905 0.86342043 0.78662420
0.30634921 0.84085511 0.81687898
0.30714286 0.80641330 0.83757962
0.31269841 0.78028504 0.86305732
0.31269841 0.74109264 0.88375796
0.32698413 0.72446556 0.90605096
0.32936508 0.69477435 0.92834395
0.33015873 0.66152019 0.94267516
0.33253968 0.62470309 0.96019108
0.34126984 0.58313539 0.97611465
0.34285714 0.57125891 0.98566879
0.35158730 0.54038005 0.98726115
0.35000000 0.50118765 0.99203822
0.35873016 0.45486936 0.99522293
0.36349206 0.43111639 0.99681529
0.37222222 0.42517815 1.00000000
0.37857143 0.40380048 1.00000000
0.38412698 0.36698337 0.99840764
0.39047619 0.32779097 0.99522293
0.40000000 0.28384798 0.98566879
0.40952381 0.29216152 0.97611465
0.42063492 0.26840855 0.96496815
0.42619048 0.23752969 0.95541401
0.43730159 0.20783848 0.93949045
0.44920635 0.17220903 0.93630573
0.46031746 0.17695962 0.92197452
0.46904762 0.16627078 0.90923567
0.47857143 0.13776722 0.89171975
0.49126984 0.11045131 0.87579618
0.50396825 0.08551069 0.85191083
0.51269841 0.08788599 0.82961783
0.52619048 0.07482185 0.80732484
0.53412698 0.05463183 0.78503185
0.54682540 0.03800475 0.75796178
0.55079365 0.04038005 0.73885350
0.56349206 0.03087886 0.71019108
0.56984127 0.01781473 0.68312102
0.58174603 0.00831354 0.64968153
0.58650794 0.00237530 0.61624204
0.59761905 0.00000000 0.58598726
0.60634921 0.00475059 0.55095541
0.61269841 0.00118765 0.51592357
0.61746032 0.00237530 0.48407643
0.62857143 0.02256532 0.45541401
0.63492063 0.02256532 0.42356688
0.65158730 0.02850356 0.38853503
0.65793651 0.02375297 0.36146497
0.66666667 0.03681710 0.32961783
0.67539683 0.07244656 0.30254777
0.69444444 0.08313539 0.28025478
0.70000000 0.10807601 0.26114650
0.71269841 0.11520190 0.24044586
0.72063492 0.15795724 0.22770701
0.73333333 0.16983373 0.20382166
0.74920635 0.19239905 0.19267516
0.76269841 0.20308789 0.17675159
0.77301587 0.22684086 0.16878981
0.78650794 0.25415677 0.16242038
0.80000000 0.28622328 0.15923567
0.81984127 0.31353919 0.15286624
0.83015873 0.32066508 0.15286624
0.84285714 0.35748219 0.16082803
0.85793651 0.38123515 0.16242038
0.87857143 0.39311164 0.16560510
0.89365079 0.42636580 0.17356688
0.90952381 0.44536817 0.18471338
0.92301587 0.47505938 0.18949045
0.93968254 0.49524941 0.20063694
0.95317460 0.50118765 0.21337580
0.96904762 0.52731591 0.22929936
0.98174603 0.54631829 0.24203822
1.00000000 0.57125891 0.25955414
