0.0000 0.1645 0.7284
0.0211 0.1674 0.7370
0.0561 0.1630 0.7284
0.0789 0.1667 0.7266
0.1088 0.1703 0.7353
0.1368 0.1755 0.7422
0.1772 0.1689 0.7526
0.2105 0.1791 0.7751
0.2421 0.1865 0.7924
0.2702 0.1865 0.8045
0.3105 0.1806 0.8166
0.3386 0.1858 0.8426
0.3702 0.1902 0.8668
0.3965 0.1843 0.8875
0.4175 0.1777 0.9083
0.4281 0.1755 0.9325
0.4526 0.1681 0.9481
0.4614 0.1542 0.9602
0.4737 0.1483 0.9810
0.4842 0.1336 0.9879
0.4842 0.1248 0.9983
0.4772 0.1028 1.0000
0.4702 0.1035 1.0000
0.4702 0.0764 0.9827
0.4614 0.0609 0.9516
0.4544 0.0404 0.9273
0.4439 0.0367 0.9066
0.4368 0.0330 0.8910
0.4316 1.0000 0.8478
0.4211 0.0095 0.8166
0.4211 0.0000 0.7734
0.4105 0.0059 0.7388
0.4105 0.0059 0.7388
0.9544 0.4816 0.0692
0.9544 0.4963 0.0779
0.9702 0.4860 0.0744
0.9754 0.4860 0.0727
0.9842 0.4890 0.0761
0.9877 0.4927 0.0813
0.9947 0.4971 0.0848
0.9895 0.4927 0.0934
0.9982 0.5044 0.1003
0.9930 0.4927 0.1021
1.0000 0.4919 0.1125
0.9877 0.4875 0.1246
0.9947 0.4971 0.1349
0.9842 0.4949 0.1540
0.9930 0.4905 0.1644
0.9772 0.4853 0.1782
0.9754 0.4846 0.1886
0.9737 0.4736 0.2007
0.9649 0.4714 0.2076
0.9579 0.4714 0.2370
0.9579 0.4706 0.2388
0.9474 0.4677 0.2578
0.9421 0.4581 0.2561
0.9368 0.4626 0.2751
0.9386 0.4559 0.2768
0.9404 0.4537 0.2941
0.9404 0.4471 0.3010
0.9333 0.4559 0.3183
0.9404 0.4523 0.3270
0.9298 0.4457 0.3322
0.9351 0.4310 0.3356
0.9368 0.4383 0.3408
0.9386 0.4332 0.3512
0.9298 0.4302 0.3547
0.9333 0.4185 0.3599
0.9228 0.4068 0.3581
0.9298 0.4060 0.3581
0.9175 0.3957 0.3564
0.9175 0.4009 0.3529
0.9088 0.3847 0.3495
0.9105 0.3891 0.3426
0.8930 0.3744 0.3322
0.8947 0.3811 0.3253
0.8877 0.3700 0.3149
0.8877 0.3649 0.2872
0.8842 0.3634 0.2768
0.8860 0.3620 0.2526
0.8877 0.3612 0.2370
0.8719 0.3539 0.2059
0.8667 0.3693 0.1972
0.8684 0.3627 0.1696
0.8561 0.3686 0.1471
0.8632 0.3620 0.1228
0.8491 0.3722 0.1003
0.8561 0.3818 0.0882
0.8456 0.3833 0.0623
0.8456 0.4119 0.0623
0.8368 0.4104 0.0398
0.8404 0.4229 0.0225
0.8246 0.4141 0.0087
0.8158 0.4486 0.0052
0.8140 0.4493 0.0035
0.7912 0.4640 0.0000
0.7807 0.4692 0.0104
0.7702 0.4802 0.0052
0.7579 0.4860 0.0138
0.7439 0.4905 0.0225
