0.98611111 0.00373134 0.96666667
0.99074074 0.00000000 0.96666667
0.99537037 0.00000000 1.00000000
1.00000000 0.00000000 0.96666667
0.98148148 0.00746269 0.96666667
0.98611111 0.01492537 0.96111111
0.98148148 0.03358209 0.94444444
1.00000000 0.04477612 0.92777778
0.99074074 0.05970149 0.88888889
0.99537037 0.04850746 0.88888889
0.98611111 0.07089552 0.87222222
0.99537037 0.07089552 0.86111111
0.98148148 0.08582090 0.84444444
0.97685185 0.10447761 0.83888889
0.96296296 0.10447761 0.81666667
0.95370370 0.13805970 0.80000000
0.96759259 0.14179104 0.79444444
0.96759259 0.14179104 0.75555556
0.97685185 0.14552239 0.75555556
0.97222222 0.17537313 0.75000000
0.94444444 0.17537313 0.73333333
0.95370370 0.19402985 0.72222222
0.93981481 0.19776119 0.70000000
0.95370370 0.20149254 0.68333333
0.93981481 0.20895522 0.67777778
0.94907407 0.20895522 0.66666667
0.93981481 0.21641791 0.62222222
0.93055556 0.20522388 0.60000000
0.89814815 0.21268657 0.57777778
0.92592593 0.22014925 0.57222222
0.92129630 0.22388060 0.56111111
0.92129630 0.22761194 0.58333333
0.90740741 0.24626866 0.55555556
0.88888889 0.23507463 0.53888889
0.89814815 0.25000000 0.52777778
0.87962963 0.25746269 0.50555556
0.87500000 0.25373134 0.51111111
0.87037037 0.27611940 0.50000000
0.85648148 0.28358209 0.47222222
0.84722222 0.30223881 0.45555556
0.83333333 0.32835821 0.43333333
0.83333333 0.33955224 0.43333333
0.81481481 0.33582090 0.42222222
0.81481481 0.35820896 0.42222222
0.80092593 0.36940299 0.38888889
0.78703704 0.39925373 0.38333333
0.75925926 0.42164179 0.36111111
0.74074074 0.42910448 0.39444444
0.73148148 0.42537313 0.41111111
0.71296296 0.44029851 0.37777778
0.69907407 0.47014925 0.36111111
0.69444444 0.50000000 0.30555556
0.68518519 0.51119403 0.33333333
0.68518519 0.51492537 0.32777778
0.64814815 0.52238806 0.35000000
0.62962963 0.53358209 0.31111111
0.62962963 0.56716418 0.27777778
0.62500000 0.58955224 0.26666667
0.61574074 0.61194030 0.25555556
0.58796296 0.59701493 0.27777778
0.58333333 0.61940299 0.25000000
0.55555556 0.61940299 0.25000000
0.56018519 0.64179104 0.23333333
0.54629630 0.63805970 0.21666667
0.55555556 0.65298507 0.22222222
0.55555556 0.63805970 0.21666667
0.55555556 0.64552239 0.21666667
0.55555556 0.64925373 0.20555556
0.54166667 0.66044776 0.20000000
0.54166667 0.66417910 0.19444444
0.52777778 0.67164179 0.21111111
0.53703704 0.67164179 0.20555556
0.52314815 0.68283582 0.17222222
0.53240741 0.68283582 0.16666667
0.50925926 0.69402985 0.16111111
0.50000000 0.70522388 0.17777778
0.47222222 0.73134328 0.17222222
0.45370370 0.73134328 0.18333333
0.45370370 0.74253731 0.14444444
0.43055556 0.74626866 0.15000000
0.43055556 0.75373134 0.14444444
0.40740741 0.76119403 0.13888889
0.39814815 0.77238806 0.13888889
0.37500000 0.79850746 0.11111111
0.34722222 0.81343284 0.10555556
0.31944444 0.82835821 0.08333333
0.27777778 0.82462687 0.11111111
0.27314815 0.83955224 0.10000000
0.25462963 0.85820896 0.08888889
0.24537037 0.88059701 0.06666667
0.21759259 0.91417910 0.03888889
0.19444444 0.92164179 0.04444444
0.15277778 0.92537313 0.05555556
0.13888889 0.91417910 0.07777778
0.12037037 0.92164179 0.07777778
0.10648148 0.95149254 0.04444444
0.09722222 0.98134328 0.00555556
0.06018519 1.00000000 0.00000000
0.03240741 0.99253731 0.01111111
0.00000000 0.98507463 0.03333333
