1.00000000 0.00000000 1.00000000
0.99224806 0.00503778 0.99425287
0.98914729 0.01259446 0.99425287
0.98139535 0.03022670 0.96551724
0.97209302 0.04030227 0.95977011
0.96279070 0.05037783 0.93678161
0.94883721 0.04785894 0.96551724
0.94728682 0.05793451 0.95402299
0.94108527 0.07052897 0.94252874
0.93798450 0.08564232 0.91954023
0.92868217 0.10831234 0.89080460
0.92093023 0.11335013 0.89655172
0.90697674 0.11586902 0.90804598
0.90232558 0.10831234 0.93103448
0.89612403 0.11335013 0.93103448
0.89147287 0.13350126 0.89655172
0.88837209 0.15365239 0.85632184
0.87596899 0.16624685 0.85057471
0.86666667 0.16120907 0.86206897
0.85581395 0.15617128 0.88505747
0.84961240 0.16120907 0.87356322
0.84186047 0.17380353 0.85057471
0.83100775 0.19647355 0.83908046
0.83255814 0.20906801 0.81609195
0.80930233 0.21410579 0.82758621
0.80000000 0.20403023 0.84482759
0.78294574 0.21410579 0.83333333
0.77364341 0.22418136 0.79885057
0.76589147 0.25188917 0.77011494
0.75193798 0.25692695 0.78160920
0.74263566 0.26196474 0.78735632
0.72558140 0.27707809 0.77586207
0.70852713 0.28967254 0.77011494
0.69767442 0.30226700 0.74137931
0.68682171 0.31234257 0.73563218
0.66976744 0.30982368 0.74137931
0.64961240 0.32241814 0.74712644
0.63720930 0.33753149 0.70689655
0.61705426 0.36775819 0.64942529
0.60465116 0.38539043 0.65517241
0.57829457 0.37783375 0.66091954
0.56744186 0.38539043 0.65517241
0.54573643 0.40302267 0.63218391
0.53333333 0.41561713 0.59195402
0.51782946 0.44332494 0.56321839
0.49922481 0.44332494 0.54597701
0.47751938 0.46095718 0.54597701
0.45581395 0.47103275 0.52873563
0.44186047 0.49370277 0.48275862
0.42635659 0.49874055 0.46551724
0.40930233 0.51385390 0.46551724
0.39534884 0.51637280 0.44827586
0.38294574 0.53652393 0.43678161
0.37674419 0.54408060 0.40804598
0.36434109 0.55919395 0.39655172
0.35038760 0.54659950 0.38505747
0.33643411 0.55919395 0.41379310
0.33023256 0.56423174 0.37356322
0.31937984 0.58942065 0.33908046
0.31472868 0.59193955 0.31609195
0.30542636 0.59193955 0.31034483
0.29612403 0.58942065 0.29885057
0.28682171 0.59445844 0.29885057
0.28062016 0.61209068 0.27011494
0.27906977 0.61964736 0.24712644
0.27441860 0.62468514 0.22413793
0.26511628 0.62216625 0.21839080
0.25736434 0.63727960 0.21839080
0.24496124 0.63476071 0.22413793
0.23720930 0.65994962 0.17816092
0.22945736 0.65743073 0.17241379
0.22325581 0.67254408 0.14367816
0.21085271 0.67506297 0.16091954
0.20930233 0.69017632 0.14367816
0.19379845 0.70025189 0.14367816
0.18294574 0.71536524 0.12068966
0.17674419 0.72040302 0.10919540
0.17209302 0.72292191 0.09770115
0.16434109 0.74055416 0.09195402
0.15348837 0.74559194 0.08620690
0.14728682 0.77329975 0.09770115
0.13178295 0.77581864 0.06896552
0.12868217 0.78841310 0.08045977
0.12093023 0.79093199 0.05747126
0.10852713 0.80352645 0.05172414
0.10232558 0.82115869 0.03448276
0.09612403 0.83375315 0.02298851
0.08527132 0.84130982 0.04022989
0.08062016 0.85642317 0.02873563
0.07286822 0.86649874 0.03448276
0.06666667 0.87657431 0.04597701
0.05581395 0.89672544 0.02298851
0.04806202 0.91939547 0.00000000
0.04186047 0.92695214 0.00574713
0.03565891 0.92443325 0.04022989
0.02945736 0.93954660 0.06321839
0.02325581 0.94458438 0.08045977
0.02170543 0.96725441 0.06321839
0.00930233 0.99244332 0.04597701
0.00000000 1.00000000 0.05747126
