1.0000 0.2000 1.0000
0.8889 0.1739 0.9944
0.8889 0.1565 0.9763
0.8611 0.1536 0.9609
0.8194 0.1391 0.9470
0.6389 0.1217 0.9358
0.6389 0.1014 0.9205
0.5417 0.1014 0.9121
0.5139 0.0841 0.8982
0.4306 0.0725 0.8856
0.4444 0.0609 0.8689
0.4028 0.0638 0.8591
0.3611 0.0464 0.8424
0.3194 0.0290 0.8312
0.3056 0.0116 0.8173
0.2917 0.0145 0.8033
0.2917 0.0029 0.7908
0.2639 0.0116 0.7713
0.2778 0.0087 0.7573
0.2639 0.0087 0.7448
0.2222 0.0000 0.7294
0.1944 0.0000 0.7169
0.2222 0.0000 0.7015
0.0833 0.0116 0.6918
0.1250 0.0029 0.6764
0.1389 0.0174 0.6597
0.1944 0.0261 0.6485
0.1667 0.0319 0.6346
0.1944 0.0348 0.6220
0.1111 0.0464 0.6081
0.1806 0.0406 0.5914
0.1806 0.0580 0.5802
0.2222 0.0667 0.5718
0.1944 0.0696 0.5579
0.2500 0.0841 0.5439
0.2222 0.1014 0.5314
0.2361 0.1072 0.5258
0.1944 0.1130 0.5091
0.1389 0.1246 0.4993
0.0972 0.1333 0.4895
0.1528 0.1565 0.4714
0.0972 0.1652 0.4672
0.1389 0.1739 0.4589
0.1528 0.1942 0.4477
0.0833 0.2087 0.4365
0.0417 0.2145 0.4226
0.1250 0.2290 0.4142
0.0694 0.2406 0.4059
0.0972 0.2696 0.3961
0.0556 0.2609 0.3877
0.1250 0.2812 0.3780
0.0833 0.2957 0.3640
0.1111 0.3159 0.3612
0.0833 0.3362 0.3515
0.0833 0.3507 0.3417
0.0694 0.3768 0.3278
0.0972 0.3913 0.3236
0.0694 0.4174 0.3138
0.0694 0.4116 0.3068
0.0139 0.4406 0.2985
0.0833 0.4580 0.2859
0.0417 0.4957 0.2789
0.0972 0.4899 0.2692
0.0417 0.5043 0.2650
0.0556 0.5246 0.2552
0.0417 0.5536 0.2497
0.1111 0.5710 0.2469
0.0972 0.5768 0.2343
0.1528 0.5913 0.2287
0.0972 0.5942 0.2204
0.1667 0.6261 0.2134
0.0972 0.6348 0.2036
0.1528 0.6464 0.1939
0.1111 0.6609 0.1911
0.1528 0.6609 0.1841
0.0972 0.6812 0.1743
0.1389 0.6812 0.1660
0.0556 0.6986 0.1576
0.1111 0.7188 0.1506
0.0417 0.7217 0.1450
0.1250 0.7304 0.1395
0.0556 0.7420 0.1339
0.1111 0.7478 0.1269
0.0833 0.7652 0.1199
0.1250 0.7884 0.1074
0.0417 0.7826 0.1046
0.0694 0.7942 0.0990
0.0139 0.8145 0.0921
0.0694 0.8145 0.0837
0.0000 0.8522 0.0767
0.0972 0.8696 0.0669
0.0278 0.8725 0.0600
0.0694 0.8754 0.0697
0.1111 0.8928 0.0488
0.1250 0.9217 0.0404
0.1250 0.9333 0.0321
0.2083 0.9478 0.0321
0.2083 0.9536 0.0195
0.3194 0.9797 0.0112
0.3194 1.0000 0.0000
