0.8889 0.9583 0.0526
0.7556 0.9583 0.0789
0.9333 0.8750 0.1053
0.8889 0.8333 0.0789
0.9556 0.7917 0.0395
0.8000 0.7500 0.0526
0.9556 0.7917 0.0263
0.8222 0.7500 0.0658
0.9111 0.7917 0.0263
0.8222 0.7083 0.0526
0.9111 0.8333 0.0395
0.8222 0.7083 0.0395
0.9333 0.7500 0.0526
0.8222 0.8333 0.0526
0.9333 1.0000 0.0526
0.8444 0.9167 0.0132
0.9556 0.8333 0.0263
0.8444 0.8750 0.0395
0.9778 0.8750 0.0000
0.8889 0.9167 0.0263
0.9778 0.8750 0.0132
0.9111 0.7917 0.0526
0.9778 0.9167 0.0526
0.8889 0.8333 0.0395
0.9778 0.9167 0.0263
0.9111 0.9167 0.0395
0.9778 0.9167 0.0395
0.9111 0.8333 0.0395
1.0000 0.8333 0.0263
0.8889 0.7083 0.0263
0.9556 0.7917 0.0263
0.8667 0.7917 0.0526
0.9333 0.8333 0.0658
0.8444 0.8333 0.0658
0.9333 0.8333 0.0526
0.8222 0.9583 0.0789
0.9111 0.8750 0.0395
0.8222 0.8750 0.0921
0.9333 0.8333 0.0658
0.8444 0.8333 0.0658
0.8889 0.7083 0.0789
0.8222 0.7917 0.0921
0.9111 0.6667 0.0921
0.8222 0.7083 0.1053
0.9111 0.5833 0.1316
0.8000 0.5833 0.1184
0.8889 0.6667 0.1316
0.8222 0.7083 0.1711
0.9111 0.5833 0.1316
0.7778 0.5833 0.1711
0.8667 0.7083 0.1579
0.7556 0.7500 0.1974
0.8444 0.5833 0.2368
0.8444 0.5000 0.2105
0.8000 0.5000 0.1842
0.7556 0.4167 0.2368
0.7778 0.4583 0.2368
0.8000 0.4167 0.2500
0.7778 0.5417 0.2500
0.7556 0.5833 0.2500
0.8000 0.5000 0.2632
0.7556 0.6250 0.2632
0.7778 0.4583 0.2895
0.7556 0.5000 0.2763
0.7778 0.3750 0.2763
0.7111 0.3333 0.3026
0.7333 0.3333 0.3026
0.6889 0.3750 0.3158
0.6889 0.4583 0.3158
0.6000 0.5000 0.3553
0.6444 0.4583 0.3553
0.5778 0.3750 0.3816
0.6222 0.4167 0.4079
0.5556 0.3750 0.4474
0.5556 0.4167 0.4474
0.4889 0.3750 0.4605
0.5111 0.1667 0.4868
0.4444 0.1667 0.5132
0.4222 0.0000 0.5263
0.3778 0.1667 0.5526
0.4444 0.1667 0.5526
0.3556 0.2083 0.5789
0.3778 0.0000 0.5658
0.3556 0.3333 0.6184
0.3556 0.3750 0.6447
0.2889 0.4167 0.6842
0.2444 0.3333 0.7105
0.2222 0.3333 0.7368
0.2444 0.4167 0.7632
0.2222 0.4583 0.7895
0.1556 0.3333 0.8158
0.1333 0.3750 0.8158
0.1556 0.3750 0.8289
0.1556 0.5417 0.8684
0.0667 0.5000 0.8684
0.1111 0.6250 0.9079
0.0667 0.5833 0.9079
0.0889 0.8750 0.9605
0.0667 0.7917 0.9737
0.0000 1.0000 1.0000
