0.9466 0.2632 0.9250
0.9847 0.2105 0.8250
0.9313 -0.0000 1.0000
1.0000 -0.0000 0.8000
0.9160 0.2105 0.8500
0.9466 0.1053 0.8250
0.9008 0.1579 0.8500
0.9237 0.0526 0.7500
0.8626 0.2105 0.8250
0.8855 0.1053 0.8000
0.8397 0.2632 0.7500
0.8855 0.1053 0.7250
0.8321 0.2105 0.7000
0.8550 -0.0000 0.7250
0.8015 0.1053 0.6500
0.8397 0.0526 0.6500
0.7786 0.2632 0.7000
0.8015 0.2105 0.6750
0.7405 0.2105 0.6500
0.7863 0.2632 0.6250
0.7252 0.3684 0.6750
0.7786 0.5789 0.6000
0.7252 0.2105 0.6000
0.7557 0.4737 0.5250
0.7099 0.4737 0.5500
0.7557 0.4211 0.5000
0.7023 0.3684 0.5500
0.7328 0.4737 0.5000
0.6947 0.5263 0.5250
0.7176 0.3684 0.5000
0.6794 0.5263 0.5000
0.7099 0.3684 0.4750
0.6565 0.4737 0.4250
0.6870 0.3684 0.4250
0.6412 0.5263 0.3750
0.6718 0.6842 0.3750
0.6183 0.4211 0.3750
0.6489 0.4737 0.3250
0.5802 0.4211 0.3750
0.6031 0.5789 0.3000
0.5420 0.4211 0.3250
0.5725 0.6316 0.2750
0.5115 0.5263 0.3000
0.5496 0.4211 0.2500
0.4962 0.4737 0.2500
0.5038 0.4211 0.1500
0.4580 0.4211 0.2250
0.4885 0.5263 0.1750
0.4275 0.3684 0.1750
0.4656 0.4211 0.2500
0.4122 0.4211 0.1750
0.4580 0.4737 0.1750
0.4122 0.4211 0.2750
0.4885 0.3158 0.1250
0.4122 0.3158 0.1500
0.4275 0.5263 0.1000
0.3893 0.5263 0.2000
0.4351 0.3684 0.1250
0.3817 0.4737 0.1250
0.4122 0.3684 0.1000
0.3893 0.5263 0.1500
0.3893 0.6316 0.1000
0.3588 0.8421 0.0500
0.3893 0.6842 0.0500
0.3206 0.6842 0.0500
0.3435 0.7368 0.1000
0.3130 0.6316 0.0750
0.3130 0.7368 0.0750
0.2824 0.5789 0.1250
0.3130 0.3684 0.1000
0.2595 0.5263 0.1000
0.2977 0.5263 0.0000
0.2672 0.5789 0.0750
0.2824 0.5789 0.0000
0.2366 0.4737 0.0750
0.2595 0.4737 0.1000
0.2214 0.6316 0.0750
0.2519 0.5263 0.1250
0.2137 0.6316 0.0750
0.2214 0.6316 0.0500
0.1832 0.4737 0.0500
0.1832 0.6316 0.0500
0.1527 0.7368 0.1250
0.1908 0.5263 0.0750
0.1374 0.5263 0.1250
0.1374 0.5263 0.1750
0.0992 0.5789 0.1500
0.1145 0.4737 0.1250
0.0763 0.5789 0.1750
0.1069 0.5789 0.1000
0.0611 0.7368 0.2250
0.0916 0.4211 0.2000
0.0763 0.6842 0.2750
0.0305 0.3684 0.2750
0.0458 0.5263 0.3500
0.0305 0.6842 0.2750
0.0382 0.8947 0.3250
0.0458 0.8421 0.3250
0.0000 1.0000 0.3750
0.0153 0.7895 0.3750
