0.0000 0.0000 1.0000
0.0048 0.0128 0.9916
0.0024 0.0169 0.9812
0.0048 0.0270 0.9739
0.0145 0.0378 0.9645
0.0145 0.0459 0.9572
0.0145 0.0506 0.9457
0.0218 0.0648 0.9383
0.0266 0.0695 0.9269
0.0291 0.0777 0.9164
0.0339 0.0864 0.9080
0.0436 0.0966 0.9007
0.0412 0.0993 0.8871
0.0412 0.1094 0.8788
0.0533 0.1168 0.8652
0.0460 0.1249 0.8537
0.0581 0.1337 0.8422
0.0654 0.1465 0.8286
0.0605 0.1499 0.8192
0.0775 0.1573 0.8036
0.0799 0.1648 0.7879
0.0799 0.1729 0.7753
0.0872 0.1776 0.7607
0.0920 0.1884 0.7482
0.0993 0.1951 0.7346
0.1065 0.2019 0.7210
0.1186 0.2107 0.7053
0.1356 0.2181 0.6907
0.1453 0.2235 0.6813
0.1622 0.2343 0.6667
0.1671 0.2384 0.6520
0.1768 0.2438 0.6395
0.1937 0.2539 0.6228
0.2058 0.2633 0.6092
0.2179 0.2694 0.5956
0.2324 0.2809 0.5810
0.2470 0.2910 0.5695
0.2663 0.2957 0.5528
0.2809 0.3038 0.5392
0.3027 0.3147 0.5277
0.3172 0.3180 0.5120
0.3366 0.3288 0.4995
0.3535 0.3396 0.4869
0.3729 0.3457 0.4713
0.3898 0.3552 0.4629
0.4189 0.3673 0.4483
0.4407 0.3747 0.4347
0.4600 0.3828 0.4242
0.4843 0.3923 0.4138
0.5012 0.4038 0.3981
0.5182 0.4105 0.3877
0.5351 0.4234 0.3772
0.5545 0.4335 0.3657
0.5666 0.4436 0.3563
0.5884 0.4564 0.3448
0.6150 0.4673 0.3344
0.6320 0.4747 0.3260
0.6538 0.4841 0.3166
0.6707 0.4976 0.3083
0.6901 0.5057 0.2989
0.7022 0.5159 0.2915
0.7215 0.5287 0.2811
0.7433 0.5388 0.2717
0.7530 0.5476 0.2623
0.7700 0.5625 0.2529
0.7918 0.5753 0.2424
0.8063 0.5847 0.2362
0.8208 0.5982 0.2278
0.8354 0.6084 0.2247
0.8644 0.6192 0.2100
0.8644 0.6327 0.2048
0.8765 0.6469 0.1923
0.8910 0.6577 0.1860
0.9056 0.6705 0.1755
0.9104 0.6887 0.1703
0.9274 0.7002 0.1599
0.9322 0.7083 0.1546
0.9492 0.7225 0.1505
0.9540 0.7326 0.1432
0.9564 0.7448 0.1369
0.9637 0.7569 0.1317
0.9709 0.7725 0.1212
0.9709 0.7819 0.1202
0.9758 0.7968 0.1108
0.9831 0.8096 0.1055
0.9855 0.8217 0.0940
0.9879 0.8346 0.0899
1.0000 0.8474 0.0846
0.9879 0.8575 0.0825
0.9927 0.8697 0.0731
0.9952 0.8852 0.0679
1.0000 0.8980 0.0585
0.9903 0.9088 0.0512
0.9927 0.9278 0.0418
0.9903 0.9392 0.0334
0.9855 0.9514 0.0261
0.9758 0.9656 0.0188
0.9685 0.9770 0.0125
0.9588 0.9851 0.0094
0.9516 1.0000 0.0000
