0.1193 0.3903 0.8329
0.1305 0.3714 0.8354
0.1442 0.3522 0.8372
0.1601 0.3266 0.8365
0.1807 0.3006 0.8343
0.2048 0.2677 0.8276
0.2361 0.2326 0.8165
0.2745 0.1933 0.7991
0.3226 0.1529 0.7720
0.3782 0.1107 0.7346
0.4454 0.0698 0.6847
0.5211 0.0342 0.6195
0.6067 0.0087 0.5401
0.6976 0.0000 0.4475
0.7905 0.0148 0.3477
0.8748 0.0600 0.2419
0.9416 0.1363 0.1461
0.9861 0.2436 0.0652
1.0000 0.3750 0.0143
0.9822 0.5184 0.0000
0.9365 0.6597 0.0135
0.8675 0.7852 0.0581
0.7809 0.8845 0.1283
0.6876 0.9521 0.2095
0.5949 0.9884 0.2918
0.5077 1.0000 0.3723
0.4323 0.9934 0.4475
0.3655 0.9760 0.5066
0.3100 0.9493 0.5579
0.2626 0.9194 0.5999
0.2252 0.8868 0.6348
0.1930 0.8596 0.6566
0.1683 0.8327 0.6783
0.1470 0.8083 0.6890
0.1301 0.7845 0.7015
0.1142 0.7651 0.7061
0.1017 0.7471 0.7132
0.0903 0.7302 0.7136
0.0821 0.7158 0.7175
0.0741 0.7035 0.7143
0.0680 0.6939 0.7168
0.0613 0.6859 0.7125
0.0570 0.6779 0.7150
0.0519 0.6720 0.7100
0.0476 0.6667 0.7143
0.0433 0.6624 0.7104
0.0408 0.6601 0.7104
0.0378 0.6576 0.7057
0.0355 0.6562 0.7111
0.0317 0.6549 0.7107
0.0302 0.6553 0.7132
0.0280 0.6556 0.7132
0.0255 0.6562 0.7207
0.0233 0.6576 0.7196
0.0221 0.6588 0.7246
0.0204 0.6606 0.7264
0.0194 0.6615 0.7357
0.0178 0.6638 0.7396
0.0157 0.6665 0.7439
0.0145 0.6679 0.7496
0.0135 0.6681 0.7577
0.0110 0.6697 0.7624
0.0102 0.6699 0.7681
0.0090 0.6702 0.7745
0.0074 0.6727 0.7809
0.0057 0.6743 0.7834
0.0047 0.6750 0.7887
0.0027 0.6738 0.7952
0.0018 0.6727 0.8012
0.0010 0.6745 0.8016
0.0010 0.6772 0.8048
0.0004 0.6779 0.8076
0.0010 0.6777 0.8155
0.0000 0.6772 0.8183
0.0004 0.6804 0.8208
0.0008 0.6798 0.8233
0.0025 0.6823 0.8279
0.0025 0.6841 0.8294
0.0041 0.6871 0.8340
0.0051 0.6891 0.8365
0.0061 0.6903 0.8450
0.0071 0.6950 0.8454
0.0096 0.6973 0.8546
0.0120 0.7035 0.8543
0.0139 0.7019 0.8657
0.0155 0.7062 0.8703
0.0188 0.7094 0.8785
0.0214 0.7144 0.8831
0.0231 0.7142 0.8970
0.0253 0.7192 0.9010
0.0284 0.7186 0.9141
0.0304 0.7211 0.9206
0.0329 0.7208 0.9337
0.0351 0.7240 0.9394
0.0378 0.7252 0.9505
0.0394 0.7272 0.9601
0.0410 0.7240 0.9761
0.0417 0.7252 0.9804
0.0447 0.7243 0.9939
0.0472 0.7247 1.0000
