0.8066 0.4510 0.9758
0.8087 0.4391 0.9832
0.8162 0.4147 0.9910
0.8162 0.4021 0.9944
0.8300 0.3813 0.9974
0.8278 0.3589 1.0000
0.8300 0.3358 1.0000
0.8247 0.3143 0.9970
0.8278 0.2895 0.9925
0.8236 0.2641 0.9862
0.8108 0.2400 0.9758
0.7991 0.2162 0.9623
0.7938 0.1918 0.9463
0.7811 0.1680 0.9299
0.7556 0.1486 0.9086
0.7396 0.1278 0.8844
0.7109 0.1050 0.8586
0.6961 0.0839 0.8284
0.6684 0.0667 0.7978
0.6493 0.0515 0.7646
0.6227 0.0393 0.7303
0.5972 0.0277 0.6930
0.5664 0.0142 0.6591
0.5484 0.0050 0.6195
0.5143 0.0036 0.5793
0.4867 0.0000 0.5390
0.4612 0.0007 0.4991
0.4346 0.0040 0.4584
0.4028 0.0069 0.4211
0.3698 0.0155 0.3819
0.3486 0.0244 0.3439
0.3199 0.0393 0.3073
0.2954 0.0512 0.2715
0.2689 0.0680 0.2391
0.2508 0.0862 0.2066
0.2200 0.1073 0.1753
0.1987 0.1304 0.1499
0.1753 0.1499 0.1238
0.1520 0.1746 0.1022
0.1371 0.1984 0.0821
0.1158 0.2228 0.0664
0.0978 0.2502 0.0444
0.0818 0.2757 0.0366
0.0616 0.3024 0.0242
0.0468 0.3245 0.0231
0.0383 0.3523 0.0056
0.0255 0.3767 0.0052
0.0170 0.4031 0.0000
0.0117 0.4226 0.0048
0.0043 0.4493 0.0026
0.0000 0.4685 0.0063
0.0000 0.4893 0.0142
0.0043 0.5074 0.0168
0.0053 0.5302 0.0213
0.0117 0.5477 0.0239
0.0213 0.5626 0.0418
0.0351 0.5791 0.0418
0.0457 0.5933 0.0642
0.0584 0.6088 0.0645
0.0840 0.6167 0.0888
0.1010 0.6362 0.0836
0.1286 0.6434 0.1033
0.1498 0.6560 0.1126
0.1764 0.6629 0.1276
0.1987 0.6781 0.1320
0.2264 0.6860 0.1414
0.2550 0.6963 0.1529
0.2933 0.7052 0.1589
0.3231 0.7151 0.1720
0.3549 0.7247 0.1772
0.3868 0.7309 0.1899
0.4155 0.7431 0.1917
0.4516 0.7481 0.2029
0.4920 0.7547 0.2104
0.5250 0.7603 0.2178
0.5590 0.7686 0.2242
0.5930 0.7729 0.2309
0.6249 0.7785 0.2376
0.6589 0.7831 0.2402
0.6918 0.7877 0.2495
0.7216 0.7927 0.2477
0.7588 0.7966 0.2566
0.7875 0.8069 0.2477
0.8204 0.8085 0.2607
0.8438 0.8191 0.2566
0.8735 0.8244 0.2607
0.8959 0.8382 0.2559
0.9203 0.8448 0.2570
0.9416 0.8557 0.2641
0.9681 0.8686 0.2574
0.9745 0.8821 0.2682
0.9862 0.8996 0.2630
0.9926 0.9056 0.2846
0.9968 0.9260 0.2760
1.0000 0.9356 0.2962
0.9989 0.9521 0.3021
0.9979 0.9620 0.3137
0.9936 0.9805 0.3249
0.9809 0.9891 0.3368
0.9745 1.0000 0.3611
