0.09315119 0.66495275 0.95537190
0.09465363 0.65147304 0.96578512
0.09886046 0.64424680 0.97223140
0.10306729 0.62604225 0.98082645
0.10847606 0.61089494 0.98743802
0.11478631 0.58740967 0.99338843
0.12410143 0.56142301 0.99768595
0.13672191 0.53001668 1.00000000
0.15294825 0.49249583 0.99983471
0.17518434 0.45233463 0.99338843
0.20448189 0.39813785 0.97933884
0.24399602 0.33879933 0.95421488
0.29297552 0.27098388 0.91504132
0.35788087 0.20025014 0.85719008
0.43871206 0.12715397 0.77834711
0.53847398 0.06211784 0.67652893
0.65280956 0.01250695 0.54942149
0.77266949 0.00000000 0.40297521
0.87922705 0.03849361 0.25338843
0.95631371 0.13576987 0.12710744
1.00000000 0.27737632 0.03223140
0.98994522 0.45678155 0.00000000
0.93631972 0.63743747 0.02876033
0.84282181 0.79502501 0.11041322
0.73591753 0.91078377 0.21950413
0.61915494 0.97623680 0.34330579
0.51263204 1.00000000 0.46214876
0.42143402 0.99291273 0.56545455
0.34856575 0.97123402 0.64793388
0.28967016 0.93704836 0.71338843
0.24414627 0.89980545 0.76314050
0.20718628 0.86103391 0.80033058
0.17879019 0.82615342 0.82677686
0.15595312 0.79280156 0.84528926
0.13762337 0.76486937 0.85685950
0.12304972 0.73804892 0.86446281
0.11133070 0.71289605 0.86892562
0.10111412 0.69052251 0.87057851
0.09270046 0.67356865 0.86925620
0.08623997 0.65536409 0.86694215
0.07947900 0.64160645 0.86446281
0.07452095 0.62798777 0.85966942
0.06971315 0.61909394 0.85504132
0.06775998 0.60755976 0.84826446
0.06385364 0.59936076 0.84380165
0.06084876 0.59310728 0.83636364
0.05874535 0.58699277 0.83157025
0.05574047 0.58435242 0.82363636
0.05423803 0.57657032 0.82016529
0.05123316 0.57893274 0.81140496
0.05138340 0.57059477 0.80776860
0.04958047 0.57281823 0.80148760
0.04837852 0.56753752 0.79636364
0.04522340 0.57087271 0.79041322
0.04432194 0.57017788 0.78429752
0.04236877 0.56573096 0.78347107
0.04161755 0.56698166 0.77636364
0.04026535 0.56739855 0.77371901
0.03936389 0.56962201 0.76859504
0.03801170 0.56642579 0.76644628
0.03635901 0.57156754 0.76214876
0.03560779 0.56906615 0.75933884
0.03410536 0.57017788 0.75801653
0.03320389 0.56475820 0.75586777
0.03125072 0.57434686 0.74991736
0.03019902 0.57267927 0.74710744
0.02914731 0.57073374 0.74710744
0.02674341 0.57351306 0.74231405
0.02614243 0.57087271 0.74297521
0.02418926 0.57365203 0.74049587
0.02358829 0.57017788 0.73983471
0.02133463 0.57518066 0.73603306
0.02163512 0.57295720 0.73553719
0.01953170 0.57323513 0.73520661
0.01863024 0.56989994 0.73537190
0.01637658 0.57323513 0.73322314
0.01547512 0.57198444 0.73190083
0.01487414 0.56948305 0.73355372
0.01412292 0.56948305 0.73107438
0.01307122 0.56948305 0.73173554
0.01262048 0.57017788 0.72925620
0.01111805 0.56712062 0.73074380
0.01021658 0.56878822 0.72793388
0.00886439 0.56698166 0.72876033
0.00841366 0.56906615 0.72528926
0.00736195 0.56656476 0.72578512
0.00796292 0.56851028 0.72380165
0.00676097 0.56628683 0.72314050
0.00600975 0.56892718 0.72132231
0.00480780 0.56767649 0.72082645
0.00405658 0.57031684 0.71900826
0.00390634 0.56837132 0.71851240
0.00360585 0.56934408 0.71801653
0.00300488 0.57017788 0.71570248
0.00315512 0.57031684 0.71487603
0.00225366 0.57045581 0.71338843
0.00180293 0.57128961 0.71338843
0.00045073 0.57170650 0.71190083
0.00105171 0.57059477 0.71123967
0.00000000 0.57281823 0.70859504
