1.00000000 0.01190476 0.81773399
0.97233607 0.05952381 0.87192118
0.94262295 0.11904762 0.87192118
0.91598361 0.23809524 0.88669951
0.89241803 0.33333333 0.88177340
0.86577869 0.38095238 0.90147783
0.83606557 0.45238095 0.90147783
0.81147541 0.42857143 0.94088670
0.78278689 0.48809524 0.92610837
0.76331967 0.54761905 0.96551724
0.73975410 0.57142857 0.95073892
0.72336066 0.61904762 0.98522167
0.70696721 0.69047619 0.97044335
0.68954918 0.67857143 1.00000000
0.67725410 0.72619048 0.97536946
0.65881148 0.72619048 0.99507389
0.64446721 0.65476190 0.99014778
0.63114754 0.64285714 0.98522167
0.61372951 0.61904762 0.96551724
0.60655738 0.70238095 0.96551724
0.59323770 0.69047619 0.95566502
0.59016393 0.63095238 0.98029557
0.57684426 0.59523810 0.96059113
0.57274590 0.60714286 0.96059113
0.56557377 0.52380952 0.94088670
0.56045082 0.54761905 0.94581281
0.55225410 0.47619048 0.94088670
0.54815574 0.48809524 0.94581281
0.54200820 0.51190476 0.93103448
0.54098361 0.46428571 0.92610837
0.53073770 0.46428571 0.91133005
0.52561475 0.40476190 0.91625616
0.51331967 0.35714286 0.90147783
0.50922131 0.32142857 0.90640394
0.50204918 0.30952381 0.88177340
0.49385246 0.33333333 0.90640394
0.48463115 0.26190476 0.89162562
0.47848361 0.30952381 0.89162562
0.46721311 0.25000000 0.90147783
0.46516393 0.23809524 0.88177340
0.45286885 0.21428571 0.86699507
0.44877049 0.20238095 0.88669951
0.44057377 0.20238095 0.87192118
0.43750000 0.21428571 0.87684729
0.43032787 0.19047619 0.85221675
0.42418033 0.16666667 0.85714286
0.41598361 0.14285714 0.83251232
0.40983607 0.13095238 0.83251232
0.40163934 0.07142857 0.83743842
0.39754098 0.04761905 0.83743842
0.38627049 0.08333333 0.81773399
0.38217213 0.09523810 0.81280788
0.36987705 0.05952381 0.78817734
0.36577869 0.08333333 0.77339901
0.35143443 0.03571429 0.75369458
0.34426230 0.01190476 0.78325123
0.33401639 0.07142857 0.74384236
0.32684426 0.07142857 0.74876847
0.31557377 0.07142857 0.71921182
0.31250000 0.00000000 0.70443350
0.30122951 0.01190476 0.68965517
0.29405738 0.01190476 0.67980296
0.28483607 0.04761905 0.66995074
0.27868852 0.08333333 0.66502463
0.26946721 0.07142857 0.63546798
0.26024590 0.07142857 0.61083744
0.24897541 0.07142857 0.58620690
0.24590164 0.08333333 0.56650246
0.23463115 0.11904762 0.54187192
0.22950820 0.10714286 0.53694581
0.21823770 0.17857143 0.50738916
0.21311475 0.16666667 0.51724138
0.20389344 0.17857143 0.47783251
0.19979508 0.20238095 0.47290640
0.19057377 0.22619048 0.43349754
0.18545082 0.28571429 0.42857143
0.17418033 0.28571429 0.40886700
0.16803279 0.29761905 0.40886700
0.15778689 0.26190476 0.38423645
0.15573770 0.32142857 0.34975369
0.14446721 0.40476190 0.31034483
0.13831967 0.46428571 0.30049261
0.12397541 0.47619048 0.28571429
0.12090164 0.50000000 0.27586207
0.11168033 0.48809524 0.25123153
0.10655738 0.52380952 0.24137931
0.09938525 0.51190476 0.21674877
0.09323770 0.61904762 0.19704433
0.08196721 0.61904762 0.18226601
0.07581967 0.65476190 0.17241379
0.06352459 0.67857143 0.15763547
0.06045082 0.72619048 0.13300493
0.04815574 0.76190476 0.10344828
0.04405738 0.82142857 0.08866995
0.03278689 0.86904762 0.07389163
0.02561475 0.85714286 0.06896552
0.01741803 0.85714286 0.04926108
0.01127049 0.90476190 0.02955665
0.00307377 0.91666667 0.00985222
0.00000000 1.00000000 0.00000000
