0.4188 1.0000 0.0855
0.3636 0.9167 0.1026
0.3149 0.8143 0.1496
0.2662 0.7286 0.1453
0.2240 0.6643 0.1453
0.1883 0.5929 0.1282
0.1721 0.5310 0.1239
0.1396 0.4762 0.1068
0.1201 0.4190 0.1453
0.0779 0.3548 0.1410
0.0779 0.3119 0.1154
0.0455 0.2881 0.1111
0.0455 0.2619 0.0897
0.0390 0.2214 0.0598
0.0357 0.1810 0.1325
0.0195 0.1381 0.1496
0.0227 0.1071 0.1282
0.0130 0.1095 0.0769
0.0162 0.1024 0.0726
0.0130 0.0738 0.0556
0.0227 0.0619 0.0598
0.0000 0.0452 0.0983
0.0130 0.0214 0.0769
0.0032 0.0214 0.0385
0.0032 0.0405 0.0299
0.0032 0.0238 0.0085
0.0227 0.0119 0.0214
0.0195 0.0167 0.0299
0.0357 0.0048 0.0598
0.0325 0.0000 0.0556
0.0584 0.0071 0.0214
0.0552 0.0262 0.0128
0.0617 0.0167 0.0214
0.0812 0.0095 0.0427
0.0942 0.0143 0.0385
0.0877 0.0071 0.0427
0.0974 0.0238 0.0470
0.1201 0.0405 0.0043
0.1299 0.0452 0.0128
0.1364 0.0500 0.0256
0.1623 0.0500 0.0256
0.1623 0.0524 0.0342
0.1818 0.0595 0.0385
0.1883 0.0786 0.0256
0.2045 0.0881 0.0171
0.1883 0.1024 0.0214
0.2110 0.1071 0.0214
0.2110 0.1095 0.0299
0.2370 0.1262 0.0427
0.2273 0.1571 0.0000
0.2370 0.1667 0.0043
0.2338 0.1881 0.0085
0.2565 0.2119 0.0299
0.2597 0.2214 0.0043
0.2760 0.2452 0.0171
0.2857 0.2643 0.0128
0.2955 0.2786 0.0342
0.2987 0.3048 0.0214
0.3182 0.3452 0.0043
0.3344 0.3571 0.0000
0.3409 0.3881 0.0299
0.3409 0.4119 0.0342
0.3604 0.4262 0.0769
0.3766 0.4571 0.0513
0.4058 0.4833 0.0641
0.4286 0.4976 0.0769
0.4545 0.5310 0.0983
0.4448 0.5429 0.1282
0.4675 0.5643 0.1453
0.4773 0.5905 0.1453
0.5065 0.6071 0.1581
0.5390 0.6310 0.1624
0.5584 0.6595 0.2094
0.5519 0.6714 0.2393
0.5714 0.6833 0.2991
0.6104 0.7000 0.3248
0.6461 0.7238 0.3248
0.6656 0.7429 0.3419
0.7045 0.7595 0.3889
0.7045 0.7714 0.4231
0.7175 0.7881 0.4487
0.7468 0.8000 0.4829
0.7662 0.8238 0.4872
0.7955 0.8405 0.5214
0.8312 0.8548 0.5470
0.8247 0.8643 0.5812
0.8409 0.8762 0.6154
0.8506 0.8786 0.6538
0.8734 0.8857 0.6709
0.8994 0.9048 0.6923
0.9351 0.9167 0.7051
0.9253 0.9095 0.7521
0.9351 0.9262 0.7949
0.9318 0.9286 0.8333
0.9545 0.9262 0.8632
0.9545 0.9524 0.8632
0.9740 0.9524 0.8932
0.9870 0.9548 0.9444
0.9968 0.9810 0.9786
1.0000 0.9857 1.0000
