0.00000000 0.00000000 0.00000000
0.05102041 0.03496503 0.00112740
0.08163265 0.07692308 0.01352875
0.07142857 0.09440559 0.02142052
0.10204082 0.11188811 0.03720406
0.16326531 0.13636364 0.04396843
0.21938776 0.17132867 0.04396843
0.25000000 0.19930070 0.04847802
0.31122449 0.22377622 0.06087937
0.31122449 0.24125874 0.06989853
0.33163265 0.26573427 0.07666291
0.37755102 0.28321678 0.08568207
0.40816327 0.31818182 0.08680947
0.45408163 0.34265734 0.09582864
0.51020408 0.36363636 0.10259301
0.50000000 0.37762238 0.11161218
0.52551020 0.39510490 0.12063134
0.54081633 0.39860140 0.13077790
0.57653061 0.40909091 0.13528749
0.61734694 0.43706294 0.14092446
0.67346939 0.45454545 0.14430665
0.65816327 0.44405594 0.15670800
0.67346939 0.46853147 0.16798196
0.66836735 0.47202797 0.17812852
0.70408163 0.46853147 0.18602029
0.70408163 0.50699301 0.18602029
0.73469388 0.50699301 0.19391206
0.75510204 0.51048951 0.20744081
0.77040816 0.54895105 0.21645998
0.77551020 0.55594406 0.22209696
0.80102041 0.56643357 0.22773393
0.81632653 0.58391608 0.23224352
0.83673469 0.57692308 0.24464487
0.83673469 0.57342657 0.26042841
0.84693878 0.59440559 0.26832018
0.84183673 0.59440559 0.27733935
0.86734694 0.62237762 0.28072153
0.87755102 0.62937063 0.28861330
0.90306122 0.63286713 0.29988726
0.90306122 0.61888112 0.31905299
0.92346939 0.62937063 0.33483653
0.93367347 0.64335664 0.34047351
0.95918367 0.66083916 0.34723788
0.94897959 0.68881119 0.35287486
0.99489796 0.68181818 0.36527621
0.98469388 0.70279720 0.37767756
0.96938776 0.70279720 0.39120631
0.97959184 0.72027972 0.39797069
0.95918367 0.76223776 0.40022548
0.97959184 0.76573427 0.40924464
1.00000000 0.79370629 0.42728298
0.97959184 0.79020979 0.45434047
0.97448980 0.80419580 0.46335964
0.98469388 0.81468531 0.47688839
0.96938776 0.87762238 0.47463360
0.96428571 0.89160839 0.48928974
0.97448980 0.88811189 0.50732807
0.91836735 0.86013986 0.53551297
0.92346939 0.88811189 0.54791432
0.92346939 0.90909091 0.55016911
0.91836735 0.95454545 0.55467869
0.92346939 0.97202797 0.57158963
0.94387755 0.95804196 0.59075536
0.91326531 0.95104895 0.61894025
0.92346939 0.97202797 0.62570462
0.90306122 0.97552448 0.63359639
0.89285714 1.00000000 0.64374295
0.87755102 0.97552448 0.65727170
0.86734694 0.93706294 0.68545660
0.84183673 0.93356643 0.70462232
0.82653061 0.91958042 0.71927847
0.83163265 0.93006993 0.72942503
0.82142857 0.94405594 0.74182638
0.83163265 0.90559441 0.75760992
0.81122449 0.88461538 0.78128523
0.80102041 0.82867133 0.79819617
0.79591837 0.80419580 0.81397971
0.79591837 0.83566434 0.80721533
0.79591837 0.80769231 0.82299887
0.80612245 0.75524476 0.84329200
0.77040816 0.70279720 0.86583991
0.74489796 0.67482517 0.87373168
0.76020408 0.65034965 0.88049605
0.77551020 0.63286713 0.88951522
0.80102041 0.59440559 0.89740699
0.78061224 0.54545455 0.91319053
0.75000000 0.48951049 0.92333709
0.72448980 0.43356643 0.93799324
0.74489796 0.43356643 0.93010147
0.73469388 0.37412587 0.93799324
0.73979592 0.35664336 0.94588501
0.68367347 0.30069930 0.96279594
0.66836735 0.25524476 0.97068771
0.66836735 0.20629371 0.97519729
0.66836735 0.18531469 0.97294250
0.69387755 0.15734266 0.97294250
0.68367347 0.11888112 0.98196167
0.65816327 0.07692308 0.98985344
0.64285714 0.02447552 1.00000000
0.64795918 0.00000000 0.98985344
