0.71460177 0.88054830 0.25348542
0.68362832 0.86488251 0.25602028
0.63274336 0.85835509 0.25095057
0.60840708 0.85182768 0.25411914
0.56415929 0.84399478 0.25221800
0.55088496 0.84073107 0.25855513
0.51769912 0.84268930 0.25538657
0.49336283 0.84334204 0.26045627
0.46017699 0.84334204 0.26172370
0.44911504 0.84921671 0.26806084
0.42035398 0.85900783 0.26679341
0.40707965 0.86488251 0.27820025
0.38274336 0.86684073 0.28200253
0.37168142 0.87140992 0.29784537
0.36061947 0.87924282 0.29721166
0.34292035 0.88772846 0.30735108
0.32079646 0.89295039 0.31178707
0.30752212 0.90013055 0.32509506
0.28539823 0.90404700 0.33206591
0.28097345 0.90731070 0.34600760
0.26991150 0.90861619 0.35487959
0.25221239 0.91775457 0.35868188
0.23008850 0.92101828 0.36692015
0.22123894 0.92167102 0.37705957
0.20796460 0.91840731 0.38339670
0.18805310 0.92558747 0.39226869
0.17477876 0.92232376 0.39733840
0.17699115 0.92493473 0.40430925
0.17035398 0.92493473 0.41001267
0.18141593 0.92689295 0.41381496
0.16814159 0.92362924 0.42078580
0.16814159 0.92885117 0.42268695
0.16371681 0.92428198 0.43092522
0.17477876 0.92754569 0.43282636
0.17035398 0.92885117 0.44043093
0.17699115 0.93342037 0.43979721
0.18805310 0.93733681 0.44740177
0.20575221 0.93864230 0.44740177
0.20132743 0.93798956 0.45944233
0.21460177 0.94516971 0.45944233
0.22787611 0.95169713 0.46641318
0.25663717 0.95691906 0.47338403
0.26327434 0.96279373 0.48669202
0.28982301 0.97258486 0.48922687
0.31194690 0.97454308 0.50316857
0.33407080 0.97454308 0.51837769
0.34070796 0.97454308 0.53802281
0.36725664 0.97911227 0.54689480
0.39823009 0.98629243 0.56527250
0.43141593 0.99608355 0.57541191
0.44911504 0.99216710 0.59885932
0.49115044 0.98694517 0.61977186
0.52654867 0.99477807 0.63054499
0.56194690 0.99738903 0.64702155
0.58407080 0.99477807 0.66666667
0.62168142 0.99543081 0.68314322
0.64159292 0.99869452 0.70025349
0.68362832 1.00000000 0.71736375
0.71238938 0.99543081 0.73574144
0.74557522 0.99020888 0.75665399
0.76327434 0.99281984 0.76742712
0.79424779 0.98368146 0.78960710
0.80973451 0.97976501 0.80861850
0.83849558 0.96083551 0.83396705
0.86061947 0.96605744 0.84347275
0.88495575 0.94908616 0.86818758
0.90929204 0.93864230 0.88403042
0.93141593 0.92036554 0.90177440
0.94247788 0.90926893 0.91571610
0.96017699 0.88250653 0.93662864
0.96681416 0.87075718 0.94740177
0.97787611 0.83942559 0.96514575
0.98451327 0.82114883 0.97465146
1.00000000 0.78198433 0.98986058
0.99778761 0.75718016 0.99366286
0.99336283 0.71018277 1.00000000
0.98451327 0.68407311 0.99556401
0.98893805 0.63120104 0.99556401
0.97123894 0.59791123 0.98859316
0.95575221 0.54112272 0.97782003
0.94247788 0.50195822 0.96007605
0.93805310 0.45104439 0.93726236
0.89159292 0.40861619 0.91254753
0.86504425 0.36357702 0.87959442
0.82964602 0.31853786 0.84727503
0.79203540 0.28263708 0.80164766
0.74115044 0.23237598 0.76932826
0.69690265 0.20169713 0.71356147
0.65265487 0.16187990 0.67300380
0.61061947 0.13772846 0.61026616
0.55088496 0.10248042 0.56400507
0.48893805 0.08812010 0.49556401
0.43805310 0.05287206 0.44613435
0.37831858 0.04242820 0.37705957
0.31415929 0.02023499 0.32572877
0.25000000 0.01892950 0.25095057
0.19911504 0.00261097 0.19581749
0.13716814 0.01044386 0.12484157
0.06858407 0.00000000 0.07287706
0.00000000 0.01501305 0.00000000
