0.0000 0.2883 0.8071
0.0088 0.2600 0.7855
0.0264 0.2312 0.7599
0.0506 0.1984 0.7312
0.0759 0.1665 0.6986
0.1133 0.1345 0.6643
0.1540 0.1057 0.6257
0.2101 0.0786 0.5836
0.2673 0.0551 0.5387
0.3454 0.0325 0.4891
0.4312 0.0122 0.4339
0.5127 0.0000 0.3776
0.5963 0.0006 0.3228
0.6777 0.0124 0.2693
0.7591 0.0331 0.2164
0.8361 0.0633 0.1661
0.9076 0.1043 0.1187
0.9681 0.1557 0.0770
0.9956 0.2162 0.0421
1.0000 0.2869 0.0181
0.9956 0.3632 0.0026
0.9769 0.4432 0.0000
0.9208 0.5252 0.0114
0.8559 0.6032 0.0352
0.7877 0.6767 0.0617
0.7173 0.7442 0.0917
0.6282 0.8055 0.1279
0.5402 0.8592 0.1726
0.4543 0.9036 0.2186
0.3795 0.9373 0.2721
0.3036 0.9618 0.3275
0.2464 0.9788 0.3819
0.2013 0.9912 0.4304
0.1595 0.9980 0.4770
0.1232 1.0000 0.5230
0.1045 0.9969 0.5655
0.0880 0.9912 0.6047
0.0880 0.9813 0.6425
0.0924 0.9712 0.6759
0.1023 0.9610 0.7064
0.1177 0.9497 0.7338
0.1375 0.9375 0.7605
0.1573 0.9245 0.7845
0.1826 0.9121 0.8050
0.2079 0.9028 0.8229
0.2321 0.8920 0.8399
0.2596 0.8810 0.8563
0.2838 0.8689 0.8706
0.3047 0.8595 0.8831
0.3344 0.8488 0.8947
0.3597 0.8389 0.9051
0.3861 0.8315 0.9128
0.4103 0.8239 0.9213
0.4356 0.8143 0.9292
0.4576 0.8058 0.9376
0.4785 0.7999 0.9433
0.5017 0.7942 0.9484
0.5237 0.7883 0.9530
0.5402 0.7838 0.9573
0.5633 0.7793 0.9614
0.5809 0.7742 0.9648
0.5985 0.7694 0.9687
0.6150 0.7668 0.9720
0.6293 0.7634 0.9741
0.6469 0.7600 0.9767
0.6612 0.7581 0.9776
0.6766 0.7558 0.9795
0.6942 0.7524 0.9814
0.7052 0.7484 0.9849
0.7195 0.7482 0.9858
0.7316 0.7473 0.9858
0.7437 0.7467 0.9871
0.7536 0.7476 0.9883
0.7657 0.7453 0.9890
0.7756 0.7428 0.9920
0.7844 0.7414 0.9942
0.7888 0.7428 0.9929
0.8031 0.7425 0.9931
0.8075 0.7431 0.9942
0.8130 0.7425 0.9946
0.8251 0.7414 0.9946
0.8372 0.7400 0.9965
0.8416 0.7400 0.9981
0.8471 0.7417 0.9965
0.8515 0.7419 0.9972
0.8647 0.7439 0.9974
0.8691 0.7434 0.9970
0.8746 0.7428 0.9974
0.8812 0.7431 0.9987
0.8867 0.7414 0.9998
0.8922 0.7431 0.9989
0.8977 0.7448 0.9983
0.9065 0.7448 0.9994
0.9131 0.7445 0.9974
0.9186 0.7445 0.9981
0.9274 0.7453 0.9987
0.9296 0.7445 1.0000
0.9362 0.7456 0.9987
0.9417 0.7487 0.9978
0.9439 0.7484 0.9987
