0.0000 0.4135 1.8446
0.0064 0.3986 1.8282
0.0116 0.3821 1.8032
0.0200 0.3663 1.7808
0.0264 0.3489 1.7558
0.0348 0.3296 1.7255
0.0458 0.3091 1.6919
0.0587 0.2883 1.6544
0.0735 0.2665 1.6142
0.0928 0.2432 1.5668
0.1141 0.2175 1.5128
0.1431 0.1920 1.4569
0.1728 0.1668 1.3871
0.2025 0.1407 1.3153
0.2360 0.1162 1.2383
0.2772 0.0932 1.1540
0.3217 0.0693 1.0619
0.3765 0.0469 0.9585
0.4358 0.0258 0.8479
0.5023 0.0103 0.7307
0.5622 0.0022 0.6116
0.6248 0.0000 0.4891
0.6899 0.0043 0.3621
0.7544 0.0162 0.2377
0.8150 0.0370 0.1152
0.8736 0.0665 0.0000
0.9239 0.1053 -0.1086
0.9626 0.1525 -0.2028
0.9787 0.2084 -0.2791
0.9948 0.2715 -0.3443
1.0000 0.3383 -0.3924
0.9890 0.4104 -0.4121
0.9587 0.4859 -0.4068
0.9201 0.5604 -0.3799
0.8769 0.6316 -0.3430
0.8233 0.6987 -0.2778
0.7550 0.7599 -0.1935
0.6879 0.8158 -0.1001
0.6235 0.8624 -0.0007
0.5603 0.9009 0.1126
0.4952 0.9341 0.2311
0.4404 0.9609 0.3456
0.3868 0.9795 0.4549
0.3404 0.9904 0.5747
0.2914 0.9975 0.6899
0.2534 1.0000 0.7972
0.2231 0.9975 0.8980
0.1966 0.9913 1.0000
0.1754 0.9848 1.0882
0.1618 0.9761 1.1725
0.1502 0.9661 1.2495
0.1406 0.9531 1.3272
0.1348 0.9413 1.3943
0.1315 0.9292 1.4542
0.1309 0.9174 1.5069
0.1335 0.9059 1.5642
0.1360 0.8938 1.6090
0.1418 0.8813 1.6511
0.1451 0.8714 1.6899
0.1541 0.8605 1.7255
0.1580 0.8500 1.7571
0.1676 0.8394 1.7867
0.1767 0.8307 1.8137
0.1831 0.8198 1.8394
0.1921 0.8105 1.8604
0.1999 0.8024 1.8789
0.2108 0.7950 1.8940
0.2173 0.7872 1.9124
0.2250 0.7794 1.9289
0.2340 0.7738 1.9408
0.2418 0.7673 1.9533
0.2476 0.7617 1.9638
0.2547 0.7558 1.9717
0.2637 0.7505 1.9803
0.2682 0.7446 1.9901
0.2760 0.7412 1.9934
0.2837 0.7372 1.9993
0.2921 0.7328 2.0072
0.2972 0.7285 2.0145
0.3050 0.7257 2.0191
0.3101 0.7223 2.0211
0.3166 0.7179 2.0270
0.3217 0.7173 2.0270
0.3288 0.7142 2.0316
0.3340 0.7120 2.0375
0.3359 0.7086 2.0441
0.3411 0.7080 2.0474
0.3462 0.7046 2.0487
0.3507 0.7043 2.0513
0.3553 0.7033 2.0520
0.3630 0.7008 2.0553
0.3688 0.6990 2.0573
0.3707 0.6962 2.0671
0.3746 0.6968 2.0678
0.3817 0.6959 2.0665
0.3862 0.6965 2.0678
0.3881 0.6977 2.0678
0.3952 0.6959 2.0704
0.4004 0.6959 2.0744
0.4017 0.6959 2.0816
