0.7166 -0.0308 0.0095
0.8128 -0.0166 0.0110
0.9037 0.0000 0.0115
1.0214 -0.0012 0.0115
1.1337 0.0237 0.0125
1.2406 0.0367 0.0110
1.3476 0.0521 0.0100
1.4599 0.0711 0.0085
1.5668 0.0912 0.0085
1.6684 0.1043 0.0075
1.7861 0.1197 0.0055
1.9358 0.1528 0.0035
2.0588 0.1789 0.0040
2.1979 0.2109 0.0025
2.3262 0.2121 0.0015
2.4759 0.2488 0.0000
2.6364 0.3104 0.0020
2.8021 0.3531 0.0050
2.9412 0.3886 0.0105
3.1070 0.4313 0.0181
3.2888 0.4941 0.0251
3.5348 0.5533 0.0346
3.7380 0.6209 0.0492
3.9679 0.6671 0.0647
4.2032 0.7239 0.0848
4.4759 0.7903 0.1084
4.7380 0.8590 0.1365
5.0374 0.9005 0.1696
5.3155 0.9538 0.2072
5.6738 0.9929 0.2464
6.0481 1.0462 0.2915
6.4278 1.0723 0.3417
6.7807 1.0699 0.3969
7.1604 1.0533 0.4556
7.5668 1.0438 0.5183
7.9412 1.0000 0.5855
8.2513 0.9064 0.6503
8.4866 0.7855 0.7170
8.6952 0.6327 0.7812
8.8182 0.4953 0.8414
8.7754 0.2844 0.8951
8.5187 0.0332 0.9393
8.1176 -0.2453 0.9719
7.5615 -0.4787 0.9955
6.8075 -0.7512 1.0000
5.8449 -1.0071 0.9885
4.7487 -1.2844 0.9589
3.6364 -1.4929 0.9212
2.5134 -1.6209 0.8771
1.4225 -1.7121 0.8234
0.4225 -1.7879 0.7612
-0.4118 -1.8246 0.7045
-1.0588 -1.7832 0.6618
-1.5134 -1.6943 0.6242
-1.7861 -1.6244 0.5906
-1.8289 -1.5746 0.5655
-1.7701 -1.5296 0.5469
-1.5882 -1.4502 0.5449
-1.3316 -1.4171 0.5409
-1.0214 -1.4206 0.5409
-0.6898 -1.4242 0.5459
-0.3422 -1.4491 0.5519
0.0000 -1.4597 0.5590
0.3155 -1.4964 0.5620
0.6096 -1.5521 0.5640
0.9037 -1.6232 0.5635
1.1604 -1.6505 0.5665
1.3850 -1.7050 0.5660
1.5775 -1.7654 0.5620
1.7540 -1.8246 0.5585
1.9037 -1.8827 0.5529
2.0695 -1.9609 0.5439
2.1711 -2.0059 0.5359
2.2567 -2.0557 0.5283
2.3155 -2.0948 0.5178
2.3690 -2.1647 0.5073
2.3529 -2.2002 0.4957
2.3422 -2.2524 0.4837
2.3155 -2.2915 0.4737
2.3102 -2.3329 0.4631
2.2620 -2.3472 0.4536
2.2032 -2.3898 0.4420
2.1230 -2.4182 0.4305
2.0695 -2.4656 0.4170
1.9786 -2.4680 0.4119
1.8770 -2.5036 0.4044
1.7914 -2.5071 0.3944
1.6952 -2.5450 0.3833
1.5882 -2.5438 0.3793
1.4866 -2.5664 0.3698
1.3636 -2.5735 0.3618
1.2567 -2.5936 0.3527
1.1230 -2.5995 0.3482
1.0000 -2.6232 0.3397
0.8396 -2.6363 0.3317
0.7166 -2.6493 0.3261
0.6096 -2.6647 0.3191
0.4920 -2.6730 0.3101
0.3316 -2.6848 0.3011
0.1872 -2.7038 0.2920
