0.1155 -54.2308 0.6236
0.1213 -53.6923 0.6190
0.1272 -55.3077 0.6148
0.1304 -53.5385 0.6127
0.1324 -53.3077 0.6112
0.1363 -51.9231 0.6088
0.1408 -52.7692 0.6049
0.1460 -52.0769 0.6007
0.1447 -51.3846 0.5982
0.1499 -51.2308 0.5926
0.1486 -51.9231 0.5891
0.1486 -50.3846 0.5849
0.1441 -50.1538 0.5807
0.1512 -51.9231 0.5694
0.1467 -50.0769 0.5663
0.1460 -51.0769 0.5561
0.1421 -48.3846 0.5511
0.1447 -50.2308 0.5413
0.1395 -47.5385 0.5353
0.1395 -46.2308 0.5293
0.1402 -45.7692 0.5192
0.1434 -42.1538 0.5153
0.1402 -41.6154 0.5065
0.1434 -36.9231 0.5030
0.1434 -36.5385 0.4974
0.1480 -32.8462 0.4921
0.1499 -31.1538 0.4893
0.1596 -28.0000 0.4851
0.1655 -23.8462 0.4865
0.1759 -21.5385 0.4837
0.1862 -16.0000 0.4875
0.2018 -16.0000 0.4875
0.2187 -9.3846 0.4956
0.2401 -8.3846 0.4991
0.2641 -0.2308 0.5111
0.2985 1.6154 0.5206
0.3323 6.0000 0.5343
0.3718 10.2308 0.5508
0.4140 13.1538 0.5726
0.4646 18.6923 0.5989
0.5230 18.6154 0.6281
0.5912 22.2308 0.6640
0.6665 22.1538 0.7033
0.7456 21.6923 0.7490
0.8202 16.6154 0.8000
0.8929 9.1538 0.8517
0.9520 -3.1538 0.9058
0.9916 -21.7692 0.9487
1.0000 -42.9231 0.9880
0.9578 -70.4615 1.0000
0.8553 -99.0000 0.9891
0.6853 -131.0769 0.9406
0.4575 -160.0769 0.8636
0.1973 -183.7692 0.7536
-0.0883 -197.8462 0.6281
-0.3628 -202.2308 0.4861
-0.6074 -196.0000 0.3466
-0.7865 -179.8462 0.2225
-0.9137 -157.1538 0.1244
-0.9753 -130.4615 0.0538
-0.9838 -102.3846 0.0162
-0.9384 -76.6154 0.0000
-0.8689 -54.7692 0.0074
-0.7878 -35.7692 0.0246
-0.7028 -21.3846 0.0545
-0.6197 -9.4615 0.0889
-0.5451 -1.3077 0.1258
-0.4770 5.1538 0.1624
-0.4134 8.7692 0.1982
-0.3621 11.7692 0.2302
-0.3141 13.0000 0.2601
-0.2764 14.0000 0.2875
-0.2427 13.7692 0.3118
-0.2135 12.2308 0.3332
-0.1914 12.5385 0.3540
-0.1674 10.3846 0.3705
-0.1486 8.9231 0.3859
-0.1324 7.0000 0.3989
-0.1207 6.3077 0.4120
-0.1071 5.0000 0.4214
-0.1006 2.3846 0.4306
-0.0928 1.0000 0.4373
-0.0850 0.0000 0.4457
-0.0785 -0.7692 0.4503
-0.0727 -3.7692 0.4541
-0.0681 -3.9231 0.4580
-0.0623 -5.5385 0.4615
-0.0565 -7.0000 0.4622
-0.0500 -8.1538 0.4647
-0.0422 -7.9231 0.4661
-0.0363 -8.0769 0.4668
-0.0311 -9.2308 0.4664
-0.0279 -9.5385 0.4675
-0.0234 -9.5385 0.4685
-0.0227 -9.9231 0.4689
-0.0162 -10.7692 0.4682
-0.0123 -10.8462 0.4685
-0.0045 -10.6923 0.4685
-0.0039 -10.4615 0.4682
0.0000 -11.6154 0.4682
