1.0440 1.0000 1.0000
1.0220 0.8961 0.9789
0.9780 0.9091 0.9789
1.0000 0.8961 0.9577
0.9560 0.8831 0.9789
0.9560 0.9610 0.9437
0.9121 0.8831 0.9577
0.9231 0.8831 0.9155
0.8681 0.8571 0.9225
0.8352 0.8052 0.9014
0.7363 0.7532 0.8944
0.7253 0.7662 0.8592
0.6484 0.7403 0.8662
0.6374 0.6883 0.8239
0.5714 0.6623 0.8169
0.5495 0.6883 0.7958
0.4945 0.5974 0.7887
0.4505 0.5455 0.7394
0.3846 0.4805 0.7324
0.3297 0.4675 0.7113
0.2308 0.4156 0.6690
0.2198 0.4545 0.6338
0.1538 0.3896 0.6197
0.0989 0.3896 0.5845
0.0000 0.3766 0.5423
-0.0440 0.3636 0.5141
-0.0989 0.3506 0.4930
-0.1538 0.3377 0.4366
-0.2527 0.2597 0.4225
-0.3077 0.2338 0.3592
-0.3516 0.1688 0.3380
-0.3736 0.1688 0.2746
-0.4505 0.1558 0.2606
-0.5055 0.1818 0.2113
-0.5495 0.1688 0.1901
-0.5714 0.1818 0.1268
-0.6703 0.1169 0.1197
-0.7253 0.0909 0.0704
-0.8022 -0.0000 0.0493
-0.8352 0.0909 0.0000
