1.0000 0.9200 1.0000
1.0000 0.9200 0.9831
0.9756 1.0000 0.9492
0.9268 0.8000 0.9322
0.9756 0.7200 0.9322
0.9268 0.6000 0.9831
0.8780 0.1200 0.9661
0.9512 0.3200 0.9153
0.9512 -0.0000 0.9153
0.9024 0.2000 0.8475
0.8293 0.3600 0.8475
0.7317 0.3200 0.7458
0.6341 0.6000 0.7288
0.5854 0.5600 0.6441
0.5854 0.5200 0.6780
0.5366 0.6400 0.6271
0.4634 0.4800 0.6102
0.3659 0.8400 0.5254
0.3171 0.7600 0.5593
0.3415 0.7600 0.4746
0.3659 0.7200 0.5593
0.3659 0.5600 0.4576
0.3659 0.4000 0.5085
0.3171 0.2800 0.4746
0.3902 0.2400 0.4746
0.2439 0.3200 0.4068
0.2683 0.4000 0.3898
0.2439 0.4400 0.3559
0.2195 0.6800 0.3390
0.2195 0.6000 0.2881
0.1463 0.5200 0.2881
0.1220 0.7200 0.2203
0.0732 0.6800 0.2203
0.0244 0.8800 0.1695
0.0244 0.8800 0.1525
-0.0000 0.7600 0.1356
0.0244 0.6000 0.1017
-0.0000 0.3600 0.0508
0.0244 0.3200 0.0169
-0.0976 0.4800 0.0000
