0.2373 -0.7000 0.0000
0.2712 -0.4308 0.0079
0.2034 -0.2538 0.0198
0.1356 -0.1615 0.0330
0.0339 -0.2077 0.0436
0.1186 0.0000 0.0515
-0.0000 0.3231 0.0634
0.1525 0.5923 0.0779
0.0678 0.7846 0.0911
0.0339 0.8846 0.1149
0.0169 0.9231 0.1295
0.1356 1.0000 0.1453
0.0847 1.4077 0.1678
0.1864 1.6615 0.1889
0.1017 1.7385 0.2127
0.1525 1.8692 0.2404
0.1017 1.8692 0.2523
0.2881 2.0462 0.2801
0.3390 2.2923 0.3052
0.4068 2.5385 0.3329
0.3559 2.5923 0.3646
0.4407 2.6923 0.3950
0.4746 2.6077 0.4240
0.4746 2.6846 0.4557
0.5932 2.9154 0.4875
0.6441 3.0769 0.5192
0.5424 3.1615 0.5535
0.6441 3.1385 0.5852
0.6441 2.9923 0.6209
0.7458 3.0231 0.6552
0.7458 3.2846 0.6909
0.8644 3.3769 0.7279
0.7966 3.4692 0.7649
0.9153 3.3385 0.8005
0.8814 3.1077 0.8336
0.9661 3.1846 0.8705
0.9831 3.2923 0.9049
0.9831 3.3231 0.9379
1.0000 3.3231 0.9683
0.9831 3.1154 1.0000
