0.9851 1.0000 0.3000
1.0000 0.9851 0.2000
0.9701 0.9701 0.2500
1.0000 0.9104 0.2500
0.9552 0.8955 0.2000
0.9552 0.9403 0.4000
0.8657 0.8358 0.3500
0.9104 0.7015 0.5000
0.8507 0.6716 0.6500
0.8507 0.5821 0.7500
0.7910 0.4627 0.9000
0.7910 0.3582 1.0000
0.7612 0.4030 1.0000
0.7910 0.3731 0.7500
0.7463 0.4627 0.5500
0.7164 0.5522 0.3500
0.6866 0.7015 0.1500
0.7313 0.6866 0.0000
0.6866 0.7015 0.1000
0.7015 0.7313 0.0000
0.6716 0.6716 0.1000
0.6716 0.5821 0.0000
0.6567 0.6269 0.2000
0.6716 0.5373 0.1000
0.6418 0.5075 0.1000
0.5970 0.4925 0.1500
0.5522 0.4776 0.3000
0.5075 0.3731 0.3000
0.4925 0.2985 0.5000
0.4478 0.2239 0.6500
0.3731 0.1343 0.8000
0.3433 0.0448 0.8000
0.2985 0.0299 0.9000
0.2239 -0.0000 0.8500
0.1791 0.0448 0.8000
0.1493 0.1343 0.5500
0.0896 0.2836 0.3500
0.0746 0.2687 0.2500
0.0448 0.3881 0.1500
-0.0000 0.3731 0.1000
