1.0000 0.0000 0.0000
0.9714 0.0230 0.0204
0.9714 0.0590 0.0204
0.8857 0.0623 0.0000
0.9429 0.0754 0.0408
0.8571 0.1082 0.0000
0.8571 0.1311 0.0816
0.8000 0.1279 0.1429
0.8286 0.1508 0.2245
0.7429 0.1607 0.2449
0.7714 0.2033 0.3265
0.6857 0.2033 0.3265
0.6857 0.2361 0.3673
0.6571 0.2656 0.3469
0.5714 0.2918 0.3469
0.5143 0.3016 0.4898
0.5714 0.3475 0.4082
0.3714 0.3705 0.3673
0.2857 0.4197 0.3469
0.2857 0.4393 0.3265
0.2571 0.4820 0.3469
0.2857 0.5148 0.3469
0.2571 0.5344 0.3265
0.2857 0.5639 0.3878
0.2286 0.5803 0.4286
0.2857 0.6033 0.4898
0.2571 0.6295 0.4898
0.3714 0.6459 0.5510
0.3714 0.6623 0.5510
0.4286 0.6918 0.6122
0.3714 0.7246 0.6735
0.4000 0.7541 0.7347
0.3429 0.7836 0.7551
0.3143 0.8033 0.8163
0.2857 0.8525 0.7959
0.2857 0.8623 0.8367
0.2571 0.8918 0.8980
0.1714 0.9115 0.9184
0.1143 0.9738 0.9388
0.0000 1.0000 1.0000
