0.0000 1.0000 1.0000
0.0000 0.9759 0.9846
0.0160 0.9414 0.9590
0.0640 0.9103 0.9436
0.0960 0.8759 0.9051
0.1120 0.8690 0.8872
0.1040 0.8345 0.8590
0.1280 0.8138 0.8513
0.1600 0.7759 0.8154
0.1840 0.7793 0.7795
0.2080 0.7621 0.7462
0.2000 0.7379 0.7333
0.2240 0.6966 0.7154
0.2640 0.6552 0.6949
0.2880 0.6586 0.6462
0.2960 0.6276 0.6308
0.3120 0.6069 0.6103
0.3360 0.5276 0.6051
0.3200 0.5034 0.5615
0.3680 0.5379 0.5154
0.3600 0.5207 0.4872
0.4160 0.4724 0.4744
0.4240 0.4241 0.4538
0.4720 0.3862 0.4333
0.5360 0.3724 0.3872
0.5840 0.3448 0.3692
0.6240 0.3103 0.3333
0.6560 0.2690 0.3282
0.6880 0.2207 0.3000
0.7040 0.2379 0.2641
0.7680 0.2000 0.2333
0.8000 0.1897 0.2103
0.8240 0.1655 0.1846
0.8400 0.1207 0.1590
0.8720 0.1241 0.1128
0.9360 0.1000 0.0897
0.9360 0.0724 0.0718
0.9680 0.0379 0.0564
0.9680 0.0000 0.0308
1.0000 0.0069 0.0000
