0.0000 1.0000 1.0000
0.0090 0.9707 0.9818
0.0270 0.9511 0.9531
0.0631 0.9088 0.9375
0.1081 0.8860 0.8984
0.1351 0.8664 0.8828
0.1532 0.8306 0.8516
0.1261 0.7980 0.8333
0.1532 0.7655 0.8125
0.1892 0.7329 0.7839
0.2072 0.7362 0.7474
0.2072 0.7134 0.7318
0.2252 0.6808 0.7057
0.2793 0.6515 0.6901
0.3153 0.6189 0.6510
0.3333 0.6124 0.6328
0.3243 0.5798 0.6042
0.3514 0.5603 0.5964
0.3874 0.5244 0.5599
0.4144 0.5277 0.5234
0.4414 0.5114 0.4896
0.4324 0.4886 0.4766
0.4595 0.4495 0.4583
0.5045 0.4104 0.4375
0.5315 0.4137 0.3880
0.5405 0.3844 0.3724
0.5586 0.3648 0.3516
0.5856 0.2899 0.3464
0.5676 0.2671 0.3021
0.6216 0.2997 0.2552
0.6126 0.2834 0.2266
0.6757 0.2378 0.2135
0.6847 0.1922 0.1927
0.7387 0.1564 0.1719
0.8108 0.1433 0.1250
0.8649 0.1173 0.1068
0.9099 0.0847 0.0703
0.9459 0.0456 0.0651
0.9820 0.0000 0.0365
1.0000 0.0163 0.0000
