1.0000 1.0000 0.8993
0.9464 0.9657 0.9254
0.9107 0.9249 0.9478
0.9107 0.8927 0.9701
0.9464 0.8455 0.9701
0.9107 0.8240 0.9851
0.9286 0.7747 0.9851
0.8571 0.7403 1.0000
0.8214 0.6910 0.9925
0.8571 0.6738 0.9963
0.7857 0.6524 0.9776
0.7500 0.6030 1.0000
0.7321 0.5644 0.9813
0.7500 0.5129 0.9888
0.7321 0.4871 0.9291
0.6786 0.4592 0.9328
0.6250 0.4013 0.9179
0.5893 0.3712 0.8918
0.6429 0.3433 0.8433
0.6071 0.3305 0.7948
0.5893 0.2983 0.7761
0.6607 0.2403 0.7649
0.5714 0.2189 0.7201
0.6250 0.1803 0.6642
0.6250 0.1695 0.5896
0.5179 0.1288 0.5933
0.5179 0.1052 0.5336
0.4464 0.0837 0.5075
0.3750 0.0622 0.4478
0.4286 0.0751 0.3806
0.3214 0.0558 0.3507
0.3214 0.0408 0.3172
0.1964 0.0021 0.2985
0.2321 0.0000 0.2425
0.1071 0.0258 0.1754
0.0893 0.0193 0.1530
0.0000 0.0279 0.0970
0.0000 0.0193 0.0858
0.0714 0.0107 0.0410
0.0714 0.0429 0.0000
