0.0000 0.9366 0.7222
0.0264 0.9512 0.4444
0.0569 0.9561 0.4444
0.0793 1.0000 0.4444
0.1138 0.9415 0.5556
0.1423 0.9415 0.3889
0.1667 0.9561 0.5000
0.1951 0.9610 0.0556
0.2276 0.9951 0.0556
0.2480 0.9951 0.1111
0.2805 0.9463 0.3333
0.3150 0.9073 0.1667
0.3435 0.9317 0.2778
0.3699 0.9317 0.0000
0.3923 0.8829 0.1667
0.4268 0.8683 0.1667
0.4472 0.8098 0.4444
0.4776 0.7854 0.3333
0.5041 0.7659 0.2778
0.5244 0.7756 0.2222
0.5549 0.7073 0.3889
0.5813 0.6976 0.2778
0.6077 0.6683 0.3889
0.6260 0.6537 0.3889
0.6626 0.6000 0.5000
0.6870 0.5854 0.3889
0.7093 0.5512 0.5000
0.7317 0.4976 0.4444
0.7581 0.4439 0.6667
0.7825 0.4341 0.3889
0.7967 0.3805 0.6111
0.8232 0.3561 0.4444
0.8476 0.2780 0.8333
0.8699 0.2634 0.5556
0.8923 0.2049 0.6111
0.9146 0.1707 0.6667
0.9390 0.1073 0.8889
0.9553 0.0976 0.6667
0.9776 0.0341 0.9444
1.0000 0.0000 1.0000
