0.0000 1.0000 0.5000
0.8000 0.8125 0.6250
0.6000 0.3750 0.2500
1.0000 0.3125 0.2500
0.2000 0.3750 0.3750
0.8000 0.2500 0.6250
0.2000 0.2500 0.3750
0.4000 0.0000 0.6250
0.0000 0.1250 0.5000
0.4000 0.0000 0.3750
0.2000 0.0625 0.5000
0.0000 0.0625 0.6250
0.0000 0.1250 0.1250
0.2000 0.0625 0.5000
0.0000 0.1250 0.3750
0.6000 0.0000 0.6250
0.2000 0.1250 0.3750
0.4000 0.1250 0.5000
0.4000 0.1250 0.3750
0.6000 0.1250 0.6250
0.2000 0.4375 0.2500
0.4000 0.3125 0.6250
0.2000 0.3125 0.1250
0.4000 0.3125 0.6250
0.4000 0.3750 0.1250
0.6000 0.1875 1.0000
1.0000 0.3125 0.3750
0.6000 0.0625 0.3750
0.2000 0.1875 0.2500
0.4000 0.1250 0.6250
0.0000 0.1250 0.0000
0.2000 0.0000 0.2500
0.2000 0.1875 0.2500
0.4000 0.2500 0.5000
0.0000 0.3125 0.2500
0.4000 0.3125 0.5000
0.0000 0.3125 0.1250
0.2000 0.3750 0.3750
0.2000 0.5625 0.3750
0.4000 0.4375 0.3750
