2.6364 0.7327 1.0000
4.0909 1.0000 0.9791
3.3636 0.9406 0.9443
2.8182 0.7822 0.9756
1.0000 0.5842 0.9477
-0.0000 0.5743 0.9582
-2.0909 0.4455 0.9199
-3.0000 0.4950 0.9164
-4.5455 0.6040 0.8467
-4.5455 0.7921 0.8397
-5.7273 0.7921 0.7840
-5.8182 0.9208 0.7700
-7.1818 0.9010 0.7247
-7.9091 0.7525 0.7282
-8.7273 0.5446 0.6864
-8.3636 0.5743 0.6725
-8.7273 0.4356 0.6167
-8.0909 0.4257 0.6132
-8.8182 0.2673 0.5610
-8.1818 0.2079 0.5540
-8.8182 0.1188 0.5122
-7.9091 0.0594 0.5087
-7.5455 0.1485 0.4355
-6.0909 0.2673 0.4146
-5.5455 0.3960 0.3554
-4.4545 0.4257 0.3519
-4.8182 0.4158 0.2892
-4.3636 0.4059 0.2997
-5.4545 0.3366 0.2474
-5.3636 0.2475 0.2509
-6.0000 0.1980 0.2021
-5.3636 0.2079 0.2021
-5.6364 0.1881 0.1394
-5.1818 0.1683 0.1394
-6.1818 0.1386 0.0871
-6.5455 0.2277 0.0871
-7.8182 0.2277 0.0418
-8.5455 0.1683 0.0523
-10.1818 0.0792 0.0000
-11.2727 0.0000 0.0070
