1.0000 0.3426 0.9724
0.9856 0.4120 0.9252
0.9856 0.5231 0.8543
0.9798 0.5648 0.8071
0.9539 0.6204 0.7520
0.9164 0.5602 0.7126
0.9020 0.6759 0.6496
0.8991 0.7315 0.5906
0.8934 0.7824 0.5315
0.8588 0.7917 0.4803
0.8501 0.8704 0.4213
0.8588 0.9074 0.3622
0.8617 0.9213 0.3071
0.8415 1.0000 0.2559
0.8357 0.8796 0.2362
0.8184 0.9074 0.2008
0.8127 0.8565 0.1378
0.8098 0.9583 0.0906
0.7867 0.8750 0.0709
0.7723 0.8380 0.0394
0.7550 0.8056 0.0197
0.7378 0.7037 0.0000
0.6888 0.6574 0.0039
0.6427 0.5880 0.0079
0.6110 0.5185 0.0079
0.5821 0.4213 0.0197
0.5303 0.4398 0.0315
0.4957 0.2963 0.0630
0.4553 0.2639 0.0984
0.4207 0.2315 0.1575
0.3833 0.1852 0.2087
0.3343 0.1435 0.2795
0.2795 0.0463 0.3543
0.2363 0.1019 0.4331
0.2219 0.0370 0.5079
0.1643 0.0926 0.5945
0.1182 0.0046 0.6890
0.0778 0.0787 0.7874
0.0576 -0.0000 0.8937
-0.0000 0.1111 1.0000
