0.3600 0.0958 0.2696
0.2400 0.0599 0.3217
0.1800 0.0419 0.3739
0.1600 0.0479 0.4000
0.1400 0.0898 0.4348
0.0400 0.0599 0.5130
-0.0000 -0.0000 0.5652
0.0600 0.0120 0.6000
0.1400 0.1018 0.6348
0.0600 0.1018 0.6870
0.0800 0.0778 0.7391
0.1000 0.0539 0.7739
0.1600 0.1737 0.7913
0.1600 0.1916 0.8261
0.1400 0.2096 0.8609
0.1600 0.1617 0.9304
0.2200 0.2515 0.9304
0.2800 0.3054 0.9652
0.3000 0.3234 0.9826
0.3400 0.3054 1.0000
0.3800 0.4072 0.9565
0.5000 0.5389 0.9652
0.6000 0.5389 0.9652
0.6400 0.5689 1.0000
0.7000 0.6048 0.9739
0.7800 0.7665 0.9478
0.8600 0.8024 0.9043
0.8800 0.8144 0.9043
0.9600 0.8323 0.8783
0.9600 0.8922 0.8261
1.0000 0.8623 0.8087
0.9400 0.8743 0.7652
0.9200 0.9281 0.6696
0.8800 1.0000 0.5739
0.8800 0.9461 0.5130
0.8200 0.9401 0.4261
0.8600 0.9341 0.2870
0.8800 0.9341 0.1826
0.9000 0.9102 0.0783
0.9800 0.9162 0.0000
