1.0000 -0.0000 1.0000
0.9842 0.0198 0.9793
0.9790 0.0397 0.9635
0.9645 0.0616 0.9428
0.9553 0.0841 0.9318
0.9409 0.1040 0.9062
0.9304 0.1320 0.8867
0.9159 0.1471 0.8685
0.8988 0.1710 0.8477
0.8778 0.1990 0.8173
0.8594 0.2271 0.7929
0.8384 0.2510 0.7686
0.8200 0.2784 0.7467
0.7976 0.3051 0.7199
0.7740 0.3324 0.6967
0.7477 0.3646 0.6663
0.7254 0.3926 0.6431
0.6951 0.4186 0.6151
0.6754 0.4466 0.5932
0.6439 0.4726 0.5627
0.6137 0.4993 0.5396
0.5808 0.5267 0.5128
0.5558 0.5568 0.4860
0.5230 0.5828 0.4592
0.5007 0.6088 0.4373
0.4665 0.6341 0.4068
0.4376 0.6594 0.3825
0.4021 0.6854 0.3508
0.3719 0.7155 0.3216
0.3311 0.7401 0.2935
0.3022 0.7661 0.2704
0.2654 0.7927 0.2387
0.2339 0.8187 0.2144
0.1958 0.8447 0.1790
0.1682 0.8707 0.1535
0.1327 0.8967 0.1230
0.1051 0.9227 0.0962
0.0670 0.9508 0.0585
0.0355 0.9788 0.0329
-0.0000 1.0000 0.0000
