0.0000 0.7209 1.0000
0.0389 0.7209 0.9489
0.0700 0.4651 0.9148
0.0895 0.7442 0.8523
0.1245 0.9070 0.8125
0.1595 0.8372 0.7727
0.1829 0.6047 0.7386
0.1946 0.7442 0.6875
0.2374 0.6744 0.6534
0.2607 0.8372 0.6023
0.2918 0.6047 0.5852
0.2996 0.6047 0.5455
0.3346 0.6977 0.5170
0.3580 0.9535 0.4602
0.3930 0.7209 0.4659
0.4125 0.7907 0.4148
0.4514 0.8372 0.3977
0.4747 1.0000 0.3409
0.5097 0.7674 0.3466
0.5214 0.6047 0.3352
0.5525 0.6279 0.2955
0.5681 0.8605 0.2614
0.5953 0.7442 0.2557
0.6031 0.7907 0.2216
0.6381 0.7674 0.2045
0.6576 0.8140 0.1818
0.6809 0.5116 0.2045
0.6965 0.3256 0.1761
0.7354 0.5349 0.1591
0.7471 0.8605 0.1250
0.7899 0.6279 0.1364
0.8093 0.5349 0.1080
0.8444 0.3953 0.1080
0.8755 0.4884 0.0682
0.8988 0.2558 0.0852
0.9066 0.1395 0.0568
0.9377 0.0465 0.0455
0.9533 0.3023 0.0227
0.9844 0.0698 0.0284
1.0000 0.0000 0.0000
