1.0000 22.2308 0.0047
0.9802 21.0000 0.0000
0.9481 20.3077 0.0330
0.9358 19.8462 0.0425
0.9086 19.0000 0.0849
0.8889 18.1538 0.0896
0.8691 18.0000 0.1274
0.8469 17.0000 0.1321
0.8222 16.2308 0.1745
0.8000 15.2308 0.1792
0.7802 14.6923 0.2264
0.7506 14.1538 0.2358
0.7259 13.4615 0.2925
0.6988 12.7692 0.2925
0.6790 11.8462 0.3396
0.6469 10.8462 0.3585
0.6321 10.3846 0.3962
0.5951 9.2308 0.3962
0.5753 8.6154 0.4481
0.5432 7.8462 0.4528
0.5160 7.1538 0.5189
0.4840 6.2308 0.5094
0.4667 5.5385 0.5613
0.4395 5.2308 0.5613
0.4123 4.6154 0.6274
0.3877 3.5385 0.6038
0.3580 3.0769 0.6698
0.3383 2.5385 0.6604
0.3086 2.0769 0.7406
0.2765 1.4615 0.7217
0.2519 1.0000 0.7925
0.2272 0.0000 0.7642
0.2000 -0.1538 0.8396
0.1679 -0.8462 0.8255
0.1457 -1.8462 0.8726
0.1160 -2.4615 0.8585
0.0988 -2.9231 0.9198
0.0642 -3.1538 0.9245
0.0370 -3.7692 1.0000
0.0000 -4.0000 0.9858
