27.7778 0.0000 0.9808
27.1111 0.0000 0.9231
27.0000 0.1143 0.9615
26.3333 0.1143 0.8846
25.8889 0.1429 0.9423
25.5556 0.0286 0.9231
25.6667 0.0857 0.9808
25.0000 0.1714 0.9615
24.7778 0.2857 1.0000
24.2222 0.4571 0.9038
24.1111 0.8286 0.9423
23.3333 0.8000 0.9038
22.6667 0.8286 0.9231
22.3333 0.7143 0.9231
22.1111 0.7714 0.9231
21.3333 0.8000 0.9231
20.6667 0.9714 0.8654
20.1111 0.7714 0.8462
19.4444 0.6000 0.8846
18.3333 0.7429 0.8077
17.8889 1.0000 0.7692
16.7778 0.8286 0.6731
16.2222 0.7714 0.7115
15.1111 0.6000 0.6346
14.6667 0.8286 0.6538
13.5556 0.6571 0.6154
13.0000 0.7143 0.5577
11.3333 0.4571 0.4808
10.5556 0.7429 0.5000
9.6667 0.7429 0.4038
8.5556 0.9429 0.4038
7.7778 0.5429 0.4038
6.7778 0.7714 0.3269
6.1111 0.6286 0.3077
4.8889 0.7714 0.2308
3.8889 0.3429 0.2308
3.0000 0.6286 0.1346
2.1111 0.4571 0.1154
1.0000 0.6000 0.0769
0.0000 0.4571 0.0000
