1.0000 1.1519 0.9651
0.9741 1.1329 0.9651
0.9612 1.0000 0.9070
0.9191 0.8797 0.8953
0.9029 0.8481 0.9070
0.8706 0.9430 0.9302
0.8544 0.9430 0.9302
0.8382 0.8608 0.9186
0.8155 0.6519 0.9070
0.7735 0.5380 0.9302
0.7508 0.6266 0.9419
0.7217 0.6899 0.9651
0.6828 0.6139 0.9651
0.6667 0.5000 0.9419
0.6311 0.2785 0.9302
0.5955 0.2025 1.0000
0.5566 0.3987 1.0000
0.5437 0.3671 0.9884
0.5146 0.2215 0.9535
0.4822 -0.0506 0.9535
0.4498 -0.1456 0.8953
0.4207 -0.0063 0.9651
0.3883 0.0000 0.9070
0.3657 -0.1139 0.8488
0.3398 -0.3608 0.8023
0.3172 -0.4494 0.8023
0.3042 -0.5253 0.7558
0.2686 -0.5253 0.7674
0.2492 -0.5570 0.6977
0.2330 -0.6835 0.6512
0.2201 -0.7595 0.5814
0.1845 -0.9241 0.5581
0.1715 -0.9177 0.5000
0.1521 -0.9430 0.4651
0.1392 -1.0570 0.3721
0.1133 -1.0949 0.3256
0.0809 -1.1709 0.2326
0.0550 -1.2532 0.1860
0.0324 -1.3354 0.0814
-0.0000 -1.3418 0.0000
