0.9767 -0.0000 1.0000
1.0000 0.0383 0.9946
0.9612 0.1311 0.9838
0.9767 0.1803 0.9820
0.9535 0.2486 0.9568
0.9612 0.3224 0.9459
0.9457 0.3934 0.9171
0.8992 0.4508 0.9009
0.9225 0.5628 0.8595
0.8992 0.5656 0.8432
0.8915 0.6612 0.8180
0.8682 0.6831 0.7856
0.8372 0.6639 0.7712
0.8682 0.7514 0.7225
0.8217 0.7869 0.6937
0.8450 0.8115 0.6793
0.8372 0.8197 0.6396
0.8295 0.8224 0.6252
0.8062 0.8525 0.5856
0.7674 0.8770 0.5604
0.8295 0.9290 0.5189
0.7674 0.9126 0.4937
0.7364 0.9372 0.4631
0.7209 0.9126 0.4396
0.6744 0.9208 0.4144
0.6047 0.9098 0.4000
0.5736 0.9126 0.3640
0.5736 0.9180 0.3333
0.5271 0.9781 0.2865
0.4496 0.9536 0.2811
0.4186 0.9372 0.2577
0.4496 0.9016 0.2414
0.3256 0.9727 0.1982
0.3566 0.8907 0.1892
0.3178 0.9098 0.1514
0.2558 0.9481 0.1063
0.2016 0.9071 0.0973
0.1550 0.9481 0.0685
0.1163 0.9372 0.0342
-0.0000 1.0000 0.0000
