0.3889 0.9134 0.0000
0.4167 1.0000 0.0028
0.5000 0.9015 0.0358
0.5556 0.8418 0.0661
0.7222 0.9254 0.0606
0.6111 0.8657 0.0854
0.7222 0.8269 0.1019
0.6389 0.7761 0.1102
0.7222 0.8269 0.1129
0.6389 0.7881 0.1322
0.8333 0.7940 0.1625
0.8333 0.7851 0.1543
0.8333 0.8299 0.1570
0.6667 0.7881 0.1791
0.7500 0.7493 0.2011
0.7778 0.7761 0.2011
0.9167 0.8030 0.2066
0.8611 0.7642 0.2259
0.9722 0.7104 0.2672
0.9722 0.7134 0.2700
1.0000 0.6657 0.2975
0.9167 0.6567 0.3140
1.0000 0.5821 0.3526
0.9444 0.5672 0.3719
0.9444 0.5075 0.4105
0.7222 0.5224 0.4353
0.5556 0.4418 0.4573
0.5278 0.4149 0.4821
0.5000 0.3642 0.5069
0.2778 0.3433 0.5399
0.3611 0.2507 0.5813
0.3611 0.2418 0.6116
0.3333 0.2239 0.6474
0.2500 0.2090 0.6970
0.1389 0.1224 0.7410
0.1111 0.1284 0.7851
0.0833 0.0567 0.8347
0.0833 0.0418 0.8926
-0.0000 0.0209 0.9394
-0.0000 -0.0000 1.0000
