1.0000 0.0000 1.0000
0.9423 0.0638 0.9527
0.8910 0.1312 0.9243
0.7949 0.2128 0.8675
0.7564 0.2801 0.8360
0.6987 0.3156 0.8013
0.6218 0.3652 0.7855
0.5705 0.4043 0.7476
0.5064 0.4610 0.7161
0.4487 0.5142 0.6814
0.3846 0.5745 0.6435
0.3333 0.6028 0.6057
0.3077 0.6418 0.5868
0.2564 0.6525 0.5647
0.2179 0.6702 0.5363
0.1795 0.7340 0.5016
0.1923 0.7695 0.4511
0.1282 0.7979 0.4259
0.1026 0.7979 0.4196
0.0897 0.8156 0.3785
0.0962 0.8475 0.3502
0.0962 0.8475 0.3218
0.0897 0.8723 0.3186
0.0769 0.8546 0.3060
0.0705 0.8652 0.2776
0.1090 0.8652 0.2397
0.0962 0.9043 0.2208
0.0897 0.9078 0.1987
0.0833 0.9078 0.1924
0.0897 0.9007 0.1640
0.0897 0.9149 0.1388
0.0962 0.9326 0.1073
0.0705 0.9468 0.1041
0.0641 0.9291 0.0883
0.0577 0.9291 0.0820
0.0641 0.9291 0.0599
0.0641 0.9574 0.0347
0.0513 0.9823 0.0252
0.0000 0.9965 0.0126
0.0064 1.0000 0.0000
