1.0000 0.0000 1.0000
0.8873 0.0482 0.9535
0.8310 0.1145 0.9302
0.7183 0.1325 0.9031
0.6338 0.1627 0.8682
0.5493 0.2711 0.8256
0.5775 0.3313 0.7636
0.4366 0.3795 0.7326
0.3803 0.3795 0.7248
0.3521 0.4096 0.6744
0.3662 0.4639 0.6395
0.3662 0.4639 0.6047
0.3521 0.5060 0.6008
0.3239 0.4759 0.5853
0.3099 0.4940 0.5504
0.3944 0.4940 0.5039
0.3662 0.5602 0.4806
0.3521 0.5663 0.4535
0.3380 0.5663 0.4457
0.3521 0.5542 0.4109
0.3521 0.5783 0.3798
0.3662 0.6084 0.3411
0.3099 0.6325 0.3372
0.2958 0.6024 0.3178
0.2817 0.6024 0.3101
0.2958 0.6024 0.2829
0.2958 0.6506 0.2519
0.2676 0.6928 0.2403
0.1549 0.7169 0.2248
0.1690 0.7229 0.2093
0.1690 0.7470 0.1860
0.1831 0.7831 0.1550
0.1408 0.8253 0.1434
0.1408 0.8434 0.1279
0.0986 0.8313 0.1124
0.1127 0.8795 0.0853
0.0845 0.9277 0.0581
0.0423 0.9217 0.0310
0.0282 0.9578 0.0155
0.0000 1.0000 0.0000
