1.0000 1.0000 1.0000
0.9808 1.0000 0.9757
0.9295 0.9586 0.9635
0.8846 0.8757 0.9462
0.8397 0.8107 0.9340
0.8141 0.7396 0.9115
0.7949 0.6391 0.8993
0.7628 0.5680 0.8819
0.7308 0.5444 0.8559
0.7051 0.5444 0.8299
0.6795 0.5148 0.8125
0.6282 0.4734 0.7934
0.5833 0.4201 0.7726
0.5769 0.3787 0.7448
0.5641 0.3609 0.7170
0.5321 0.2899 0.6892
0.5192 0.2485 0.6701
0.4872 0.1834 0.6354
0.4679 0.1775 0.6076
0.4359 0.1657 0.5747
0.4103 0.1183 0.5556
0.3718 0.0710 0.5243
0.3782 0.0592 0.4948
0.3654 0.0592 0.4635
0.3526 0.0355 0.4444
0.3141 0.0000 0.4149
0.3397 0.0296 0.3819
0.2756 0.0710 0.3455
0.2692 0.0947 0.3194
0.2372 0.0355 0.2882
0.2372 0.0828 0.2622
0.2179 0.0651 0.2257
0.1987 0.0414 0.2031
0.1731 0.0355 0.1667
0.1410 0.1006 0.1389
0.1026 0.1243 0.1076
0.0705 0.1834 0.0885
0.0385 0.1361 0.0573
0.0192 0.1893 0.0312
0.0000 0.1953 0.0000
