0.9759 1.0000 0.0518
0.9518 0.9892 0.0052
1.0000 0.9910 0.0000
0.9157 0.9548 0.0725
0.8916 0.9259 0.1503
0.8193 0.8698 0.2280
0.8795 0.8843 0.1658
0.8072 0.8879 0.1295
0.7952 0.8481 0.2124
0.7470 0.8228 0.2746
0.7590 0.7758 0.3368
0.6988 0.7667 0.3057
0.7470 0.7523 0.3109
0.6747 0.7269 0.3627
0.6145 0.7016 0.4249
0.5301 0.6474 0.4870
0.5301 0.6383 0.5026
0.4819 0.6311 0.4974
0.4699 0.6148 0.5596
0.3735 0.5967 0.5907
0.3855 0.5533 0.6684
0.2410 0.5262 0.6943
0.2771 0.5118 0.6995
0.1807 0.4937 0.7461
0.1566 0.4720 0.7979
0.0964 0.4430 0.8290
0.0964 0.4051 0.9016
0.1687 0.3779 0.8964
0.1446 0.3707 0.9326
0.1687 0.3454 0.9119
0.1446 0.3146 0.9637
0.1325 0.2550 1.0000
0.1687 0.2188 0.9896
0.0964 0.1899 1.0000
0.0723 0.1609 0.9845
0.0241 0.1410 0.9845
0.1084 0.0778 0.9793
0.0482 0.0687 0.9430
0.0602 0.0217 0.9430
0.0000 0.0000 0.9067
