0.8889 0.0222 0.0690
1.0000 0.2000 0.0000
0.9630 0.2889 0.0460
0.9630 0.2222 0.0115
0.9259 0.0000 0.0805
0.8889 0.0222 0.0575
0.8148 0.1556 0.0805
0.8148 0.2889 0.0575
0.8148 0.2444 0.1034
0.5556 0.3333 0.1149
0.4444 0.1556 0.1609
0.4074 0.1111 0.1609
0.4815 0.1556 0.1379
0.4444 0.3556 0.1494
0.4444 0.3778 0.1724
0.4074 0.4444 0.1954
0.4444 0.5111 0.2299
0.3333 0.5333 0.2644
0.2963 0.2444 0.2989
0.2963 0.7778 0.2989
0.3333 0.7778 0.3218
0.3333 0.7556 0.3678
0.3333 0.8222 0.3908
0.2222 0.8667 0.4253
0.1111 0.7333 0.4368
0.1111 0.6000 0.4483
0.1852 0.7111 0.4943
0.2593 0.8667 0.5057
0.3704 0.8444 0.5287
0.1481 0.8889 0.5977
0.1852 0.8222 0.6322
0.0370 0.7556 0.6782
0.0741 0.5111 0.7126
0.0370 0.9556 0.7471
0.0741 0.9778 0.7586
0.2593 1.0000 0.8621
0.0741 0.9556 0.8736
-0.0000 0.8222 0.9310
0.0741 0.6000 0.9540
0.1481 0.6889 1.0000
