-0.0000 -0.0000 0.1045
0.0214 0.0276 0.1940
0.0856 0.0391 0.4179
0.1390 0.1116 0.3881
0.2193 0.1001 0.6269
0.2299 0.1726 0.6418
0.2567 0.1749 0.7463
0.3583 0.2290 0.7313
0.3797 0.2140 0.9104
0.3904 0.2957 0.8358
0.4332 0.3026 0.9104
0.4973 0.3648 0.8507
0.5668 0.3590 0.9104
0.5882 0.3890 0.9701
0.6417 0.4246 0.9403
0.6791 0.4396 1.0000
0.7273 0.4684 1.0000
0.7219 0.4891 0.9701
0.8182 0.5374 0.8507
0.8396 0.5282 0.8806
0.8556 0.6018 0.7761
0.8663 0.5846 0.8209
0.8930 0.6456 0.7761
0.8930 0.6364 0.7313
0.8984 0.6732 0.6866
0.9198 0.7089 0.5522
0.9465 0.7054 0.6866
0.9519 0.7319 0.5970
0.9412 0.7261 0.6119
0.9572 0.7756 0.4776
0.9840 0.7560 0.5373
0.9572 0.8044 0.4179
0.9893 0.8216 0.3433
0.9947 0.8700 0.2388
1.0000 0.8769 0.2090
0.9626 0.8918 0.2388
0.9840 0.9264 0.1343
0.9840 0.9344 0.1493
0.9840 0.9827 0.0149
0.9893 1.0000 0.0000
