3.8333 1.0000 1.0000
3.2500 0.9926 0.9625
2.5833 0.9870 0.9174
1.3333 0.9852 0.8649
1.0000 0.9852 0.8124
0.0000 0.9647 0.7880
-0.5000 0.9406 0.7448
-0.9167 0.9184 0.7129
-1.5000 0.9147 0.6679
-2.4167 0.9017 0.6360
-2.8333 0.8868 0.5929
-3.4167 0.8386 0.5835
-3.5833 0.8219 0.5403
-4.2500 0.7996 0.5141
-4.6667 0.7922 0.4690
-5.2500 0.7625 0.4428
-5.5000 0.7551 0.4034
-5.9167 0.7069 0.3884
-5.9167 0.6679 0.3677
-6.1667 0.6568 0.3358
-6.0833 0.6364 0.3058
-6.4167 0.6011 0.2871
-6.2500 0.5659 0.2702
-6.0833 0.5343 0.2514
-5.8333 0.5028 0.2233
-6.0833 0.4842 0.1989
-5.9167 0.4601 0.1764
-5.7500 0.4286 0.1576
-5.5833 0.3729 0.1463
-5.6667 0.3284 0.1370
-5.3333 0.3080 0.1088
-5.8333 0.2950 0.0882
-5.2500 0.2542 0.0863
-5.2500 0.2096 0.0769
-5.3333 0.1577 0.0657
-5.0833 0.1262 0.0619
-4.7500 0.1058 0.0375
-5.0833 0.0946 0.0113
-4.7500 0.0631 0.0000
-4.6667 -0.0000 0.0019
