0.0000 11.6667 1.0000
0.2000 9.3333 0.9758
0.0000 9.3333 0.9758
0.1333 7.6667 0.9515
0.0000 8.3333 0.9394
0.4000 6.0000 0.9394
0.4000 6.6667 0.9030
0.4667 6.6667 0.8788
0.5333 9.0000 0.8606
0.8667 5.6667 0.8364
0.8000 6.0000 0.8182
1.0000 5.3333 0.7818
0.9333 6.0000 0.7636
1.0000 3.3333 0.7273
0.8000 3.6667 0.7152
0.7333 2.6667 0.6848
0.4000 3.3333 0.6545
0.8667 1.0000 0.6303
0.6000 1.0000 0.6000
0.8000 0.0000 0.5758
0.4667 0.0000 0.5515
0.8000 -1.3333 0.5273
0.4667 0.0000 0.4970
0.8000 -1.3333 0.4606
0.4000 -2.6667 0.4303
0.8000 -4.6667 0.4061
0.7333 -4.6667 0.3879
0.9333 -5.3333 0.3273
0.6667 -4.6667 0.3152
0.8667 -7.0000 0.2727
0.5333 -6.0000 0.2485
0.6667 -6.3333 0.2000
0.3333 -9.0000 0.1818
0.6667 -10.6667 0.1455
0.6000 -9.6667 0.1333
0.8000 -11.3333 0.1030
0.4000 -12.3333 0.0848
0.9333 -13.3333 0.0424
0.6667 -11.3333 0.0303
0.8667 -11.3333 0.0000
