1.0000 0.2424 1.0000
0.9932 0.6061 0.9032
0.9456 0.7576 0.9032
0.9456 0.5758 0.8387
0.9048 0.6667 0.8065
0.8912 0.7273 0.7419
0.8435 0.8182 0.7097
0.8163 0.7879 0.7097
0.7687 0.5152 0.6774
0.7823 0.5758 0.6129
0.7279 0.6364 0.5806
0.7347 0.8788 0.5806
0.6599 1.0000 0.5161
0.6667 0.6364 0.4839
0.6463 0.5152 0.5161
0.6531 0.3333 0.4194
0.5986 0.3636 0.4194
0.5986 0.5455 0.4194
0.5374 0.3939 0.3871
0.5374 0.1818 0.3548
0.4966 -0.0000 0.3871
0.5102 0.0606 0.3226
0.4490 0.3030 0.3226
0.4422 0.4242 0.2258
0.3946 0.6061 0.1935
0.3878 0.6061 0.2581
0.3741 0.5152 0.0968
0.3537 0.7273 0.1613
0.2721 0.6970 0.1290
0.2721 0.8788 0.0000
0.2245 0.9091 0.0323
0.1905 0.6667 0.0645
0.1565 0.5758 0.1290
0.1429 0.4848 0.0968
0.1088 0.5152 0.1290
0.1020 0.7576 0.0968
0.0612 0.9091 0.0968
0.0408 0.8788 0.1290
0.0136 0.6364 0.1935
0.0000 0.6364 0.1290
