-14.2000 1.0000 1.0000
-14.1500 0.9622 0.9513
-13.9000 0.9184 0.9152
-13.7500 0.8755 0.8935
-13.4000 0.8418 0.8628
-13.2000 0.8051 0.8574
-12.7250 0.7582 0.8484
-12.2750 0.7224 0.8484
-11.7500 0.6878 0.8448
-11.4500 0.6612 0.8484
-10.7500 0.6439 0.8339
-10.4500 0.6194 0.8285
-9.9500 0.5939 0.8394
-9.6000 0.5765 0.8303
-8.8500 0.5551 0.8267
-8.4250 0.5459 0.8105
-7.8750 0.5204 0.8051
-7.4500 0.5071 0.7906
-6.9000 0.5020 0.7545
-6.4500 0.4694 0.7708
-5.9250 0.4745 0.7094
-5.3500 0.4408 0.7166
-4.7750 0.4388 0.6877
-4.4750 0.4082 0.6679
-3.9000 0.3878 0.6534
-3.4750 0.3827 0.5975
-2.9750 0.3429 0.6101
-2.7000 0.3337 0.5542
-2.1750 0.2878 0.5397
-1.8000 0.3112 0.4819
-1.3500 0.2571 0.4585
-1.1000 0.2592 0.4206
-0.6750 0.2357 0.3484
-0.4250 0.1827 0.3502
0.0000 0.1867 0.2527
0.2750 0.1245 0.2437
0.6500 0.1276 0.1552
0.8000 0.0653 0.1173
0.9500 0.0500 0.0632
1.0000 -0.0000 0.0000
