15.4545 0.0000 1.0000
13.9091 0.0080 0.9502
12.7273 0.0292 0.9186
11.4545 0.0491 0.8643
10.0909 0.0690 0.8281
8.7273 0.0796 0.8009
7.7273 0.1048 0.7511
6.3636 0.1220 0.7059
5.1818 0.1393 0.6787
4.0909 0.1552 0.6471
3.0000 0.1751 0.6199
2.1818 0.1844 0.5792
1.0000 0.2162 0.5430
0.0000 0.2374 0.5023
-1.1818 0.2533 0.4751
-2.3636 0.2785 0.4480
-3.0909 0.2984 0.4253
-4.3636 0.3210 0.3937
-5.5455 0.3488 0.3620
-6.5455 0.3647 0.3348
-7.5455 0.3912 0.3167
-8.6364 0.4204 0.2851
-9.5455 0.4469 0.2715
-10.8182 0.4708 0.2353
-11.6364 0.5000 0.2262
-12.5455 0.5239 0.1855
-13.1818 0.5623 0.1810
-14.3636 0.5862 0.1448
-14.8182 0.6180 0.1312
-15.5455 0.6446 0.1176
-16.1818 0.6737 0.1041
-16.9091 0.7069 0.0814
-17.2727 0.7454 0.0860
-18.1818 0.7812 0.0588
-18.5455 0.8143 0.0498
-19.0909 0.8488 0.0317
-19.6364 0.8899 0.0271
-19.8182 0.9271 0.0226
-20.2727 0.9682 0.0136
-20.6364 1.0000 0.0000
