1.0000 0.8421 0.0000
0.9621 0.8907 0.0209
0.9318 0.8988 0.0512
0.9015 0.8826 0.1025
0.8333 0.8421 0.1480
0.8030 0.9312 0.1575
0.7879 0.9595 0.1651
0.7273 0.9838 0.1954
0.6818 1.0000 0.2258
0.6667 0.9636 0.2694
0.5909 0.9393 0.3131
0.5682 0.9636 0.3302
0.5227 0.9717 0.3529
0.4924 0.9838 0.3909
0.4924 0.9798 0.4099
0.5076 0.9757 0.4573
0.4924 0.9231 0.4934
0.4697 0.9150 0.5161
0.5000 0.9028 0.5332
0.4470 0.9150 0.5541
0.4773 0.8745 0.5769
0.4621 0.8016 0.6186
0.4318 0.7409 0.6641
0.4394 0.7126 0.6736
0.3864 0.6802 0.6964
0.3712 0.6761 0.7249
0.3712 0.6235 0.7476
0.3712 0.5668 0.7780
0.3409 0.4696 0.8083
0.3258 0.4413 0.8292
0.2803 0.4049 0.8463
0.2424 0.3806 0.8615
0.2197 0.3198 0.8786
0.1894 0.2470 0.9089
0.1288 0.1984 0.9222
0.0758 0.1660 0.9469
0.0530 0.1538 0.9507
0.0379 0.1134 0.9602
0.0303 0.0486 0.9753
0.0000 0.0000 1.0000
