1.0000 1.0000 0.9257
0.9608 0.9670 0.9257
0.8922 0.9808 0.9020
0.9118 0.9286 0.9189
0.8333 0.8764 0.9662
0.8039 0.7995 0.9899
0.7745 0.7527 0.9966
0.7353 0.7473 1.0000
0.7745 0.7115 0.9831
0.7941 0.6813 0.9899
0.7647 0.6374 0.9865
0.7451 0.5852 0.9831
0.7353 0.5412 0.9797
0.7255 0.4863 0.9561
0.7255 0.4698 0.9358
0.6667 0.4231 0.9257
0.6176 0.3846 0.9223
0.6275 0.3407 0.8919
0.6078 0.2940 0.8750
0.6275 0.2665 0.8345
0.5882 0.2115 0.8176
0.5392 0.2033 0.7872
0.5000 0.1538 0.7432
0.4706 0.1154 0.7162
0.4608 0.0934 0.6655
0.4118 0.0659 0.6486
0.4216 0.0742 0.6014
0.3529 0.0440 0.5608
0.3922 0.0330 0.5169
0.3529 0.0220 0.4527
0.3431 0.0027 0.4223
0.2745 0.0082 0.3818
0.2451 0.0110 0.3311
0.1765 0.0137 0.2669
0.1863 0.0000 0.2365
0.1373 0.0110 0.1858
0.0784 0.0330 0.1588
0.0392 0.0549 0.0912
0.0294 0.0687 0.0574
0.0000 0.0604 0.0000
