0.9385 1.0000 0.0000
0.9692 0.9618 0.0345
0.9846 0.9506 0.1034
1.0000 0.9213 0.1517
0.9692 0.8921 0.2138
0.9077 0.8831 0.2414
0.9385 0.8562 0.2690
0.8462 0.8427 0.3310
0.8615 0.8022 0.3862
0.7846 0.7888 0.3931
0.8615 0.7618 0.4345
0.7846 0.7483 0.4276
0.7846 0.7326 0.4483
0.6769 0.7034 0.4483
0.6769 0.6831 0.4828
0.6615 0.6652 0.4897
0.6308 0.6427 0.5517
0.6462 0.6202 0.5793
0.6308 0.5955 0.5931
0.6308 0.5843 0.6207
0.6615 0.5393 0.6759
0.6000 0.5101 0.7172
0.5846 0.4809 0.7379
0.5231 0.4607 0.7586
0.5231 0.4382 0.7931
0.4615 0.4000 0.8069
0.4462 0.3730 0.8345
0.4154 0.3461 0.8276
0.3538 0.3258 0.8483
0.3385 0.3034 0.8552
0.2769 0.2764 0.8759
0.2615 0.2629 0.8621
0.2308 0.2202 0.8966
0.2308 0.1910 0.9103
0.2462 0.1618 0.9379
0.1692 0.1348 0.9517
0.1538 0.0921 0.9862
0.0923 0.0607 0.9793
0.0615 0.0360 0.9931
0.0000 0.0000 1.0000
