1.0000 1.0000 0.9636
1.0000 0.9474 1.0000
0.8833 0.9064 0.9273
0.8833 0.8538 0.9636
0.7833 0.8070 0.8727
0.8333 0.7895 0.8545
0.7500 0.7427 0.7455
0.7667 0.7018 0.7455
0.7333 0.6491 0.6364
0.7000 0.5906 0.6727
0.6333 0.5497 0.5455
0.6667 0.4854 0.5455
0.5333 0.4327 0.4727
0.5833 0.4152 0.4909
0.5167 0.3626 0.3818
0.5167 0.3041 0.3455
0.3833 0.2690 0.2727
0.3500 0.2281 0.2545
0.3000 0.1930 0.1818
0.2667 0.1637 0.1818
0.2167 0.1404 0.1091
0.1500 0.1170 0.1455
0.1333 0.1111 0.0364
0.1333 0.0936 0.0909
0.0500 0.0936 0.0000
0.0333 0.0585 0.0727
0.0333 0.0468 0.0182
0.0500 0.0234 0.0545
0.0000 0.0234 0.0000
0.0333 0.0117 0.0364
0.0333 0.0175 0.0364
0.0833 0.0117 0.0545
0.0500 -0.0000 0.0364
0.1167 0.0117 0.0364
0.0833 0.0175 0.0364
0.1000 0.0058 0.0364
0.0833 0.0117 0.0182
0.1000 0.0234 0.0545
0.0667 0.0351 0.0000
0.0833 0.0468 0.0364
