0.1860 -11.7778 0.0000
0.0233 -11.7778 0.0000
0.2093 -11.6667 0.0667
0.0698 -10.7778 0.0667
0.1860 -10.5556 0.0833
0.0465 -9.8889 0.0667
0.2791 -9.4444 0.1167
0.0698 -8.7778 0.1333
0.1628 -8.5556 0.2000
-0.0000 -8.5556 0.2000
0.1163 -8.3333 0.2500
-0.0000 -7.5556 0.2833
0.1628 -7.6667 0.3000
0.0465 -7.6667 0.3333
0.1628 -7.3333 0.3833
0.1628 -7.2222 0.4500
0.2558 -7.3333 0.3833
0.2791 -7.4444 0.4333
0.3256 -7.2222 0.4333
0.3023 -6.4444 0.5000
0.3953 -6.4444 0.5167
0.3488 -5.6667 0.5333
0.4884 -5.6667 0.5333
0.3953 -4.8889 0.5833
0.5116 -4.6667 0.6167
0.4651 -4.0000 0.6500
0.5814 -3.5556 0.6667
0.5116 -2.8889 0.6833
0.5814 -2.1111 0.7333
0.5581 -1.5556 0.7667
0.6047 -1.4444 0.7667
0.6279 -1.6667 0.7833
0.7209 -1.4444 0.8000
0.6977 -1.1111 0.8333
0.7674 -1.2222 0.8167
0.7907 -0.2222 0.8500
0.8605 0.0000 0.8667
0.8372 1.0000 0.9333
1.0000 1.5556 1.0000
1.0000 2.5556 0.9833
