0.0000 0.9798 0.0000
0.0165 1.0000 0.0300
0.0413 0.9798 0.0700
0.0579 0.9192 0.1100
0.1157 0.9293 0.1400
0.1240 0.9091 0.2000
0.2231 0.9192 0.1900
0.1653 0.8687 0.2300
0.2149 0.8182 0.2600
0.1983 0.7172 0.3400
0.2975 0.7677 0.3500
0.2893 0.7475 0.3900
0.3719 0.7980 0.4100
0.3471 0.7273 0.4300
0.3967 0.6970 0.4900
0.3967 0.6566 0.5200
0.4463 0.6465 0.5400
0.4628 0.6566 0.5800
0.4959 0.6162 0.6200
0.5041 0.5758 0.6400
0.5372 0.4646 0.6800
0.5537 0.3737 0.7300
0.6116 0.3838 0.7300
0.6198 0.4444 0.7400
0.6529 0.4545 0.7400
0.6694 0.4040 0.7800
0.7190 0.3636 0.8000
0.7025 0.2727 0.8300
0.7521 0.3030 0.8300
0.7521 0.2929 0.8400
0.8182 0.3131 0.8600
0.7934 0.2323 0.8800
0.8678 0.1717 0.8900
0.8512 0.0808 0.9200
0.9008 0.0303 0.9300
0.8843 0.0303 0.9600
0.9587 -0.0000 0.9600
0.9504 0.0101 1.0000
0.9917 0.0101 0.9900
1.0000 0.0303 1.0000
