0.0909 3.5000 0.0000
-0.0000 10.0000 0.0235
0.1273 10.5000 0.0176
0.0727 1.0000 0.0529
0.1091 -0.0000 0.0706
0.1636 -6.0000 0.0941
0.1636 -7.5000 0.1059
0.1455 -7.5000 0.1353
0.2000 -0.0000 0.1647
0.1818 -8.0000 0.1941
0.2364 -8.0000 0.2235
0.2000 -13.5000 0.2412
0.3273 -19.0000 0.2647
0.2727 -19.0000 0.2941
0.2909 -6.5000 0.3294
0.2545 -14.0000 0.3353
0.3818 -16.0000 0.3588
0.2727 -24.0000 0.3765
0.4364 -25.5000 0.3941
0.4909 -28.0000 0.4412
0.5455 -25.5000 0.4706
0.4909 -27.5000 0.5294
0.5636 -28.5000 0.5471
0.5091 -31.0000 0.5941
0.6182 -35.5000 0.6059
0.6727 -37.0000 0.6353
0.7455 -31.5000 0.6706
0.7455 -34.5000 0.7059
0.8545 -34.5000 0.7294
0.8545 -32.5000 0.7529
0.8727 -35.5000 0.7765
0.9091 -43.5000 0.8176
1.0000 -42.0000 0.8471
0.9273 -39.5000 0.8765
0.9636 -40.5000 0.9059
0.8727 -42.0000 0.9294
0.9636 -39.5000 0.9471
0.8364 -47.5000 0.9765
0.9455 -47.5000 0.9647
0.9455 -47.5000 1.0000
