0.9938 9.4545 0.0000
0.9979 8.4909 0.0130
1.0000 7.5455 0.0521
0.9959 6.6000 0.0629
0.9959 5.6545 0.0954
0.9896 4.7818 0.1063
0.9876 3.8182 0.1453
0.9751 2.8909 0.1562
0.9647 1.9091 0.1974
0.9481 1.0000 0.2169
0.9357 -0.0000 0.2560
0.9191 -0.8364 0.2777
0.9046 -1.8182 0.3145
0.8859 -2.6364 0.3362
0.8672 -3.5455 0.3731
0.8423 -4.3818 0.3948
0.8195 -5.3273 0.4317
0.7967 -6.1636 0.4469
0.7676 -7.1273 0.4902
0.7427 -7.9636 0.5098
0.7137 -8.8545 0.5466
0.6888 -9.6545 0.5597
0.6556 -10.5273 0.5987
0.6245 -11.4182 0.6182
0.5871 -12.2727 0.6508
0.5519 -13.1455 0.6703
0.5124 -14.0182 0.7050
0.4772 -14.8182 0.7267
0.4357 -15.6000 0.7549
0.4025 -16.3455 0.7744
0.3631 -17.1273 0.8134
0.3257 -17.8545 0.8243
0.2822 -18.6182 0.8590
0.2386 -19.2727 0.8764
0.1992 -20.0182 0.9132
0.1618 -20.6000 0.9306
0.1286 -21.3273 0.9588
0.0809 -21.9091 0.9696
0.0394 -22.5818 0.9978
0.0000 -23.1818 1.0000
