0.7500 1.0000 1.0000
0.5000 0.9344 0.9623
1.0000 0.8361 0.9245
0.4167 0.8852 0.8868
0.8333 0.8689 0.8679
0.4167 0.9180 0.8113
0.8333 0.8197 0.8302
0.3333 0.7869 0.7547
0.7500 0.7049 0.7547
0.4167 0.7869 0.6981
0.6667 0.7377 0.6792
0.2500 0.7213 0.6604
0.5000 0.6230 0.6604
-0.0000 0.5902 0.6038
0.4167 0.5902 0.6038
-0.0000 0.6393 0.5283
0.3333 0.6066 0.5472
-0.0000 0.5738 0.5472
0.3333 0.5246 0.5283
-0.0000 0.5246 0.4717
0.5000 0.5410 0.4528
0.1667 0.5082 0.4340
0.6667 0.4262 0.4340
0.1667 0.3934 0.3585
0.4167 0.3279 0.3774
0.1667 0.3607 0.3019
0.6667 0.2787 0.3396
0.2500 0.2787 0.2642
0.7500 0.2131 0.2642
0.2500 0.2295 0.2453
0.5833 0.2295 0.2453
0.1667 0.1967 0.1887
0.8333 0.1148 0.2075
0.3333 0.1148 0.1698
0.6667 0.1311 0.1509
0.3333 0.1475 0.1698
0.3333 0.0492 0.1132
0.1667 0.0328 0.0377
0.4167 0.0164 0.0566
-0.0000 -0.0000 0.0000
