-0.0000 1.0000 1.0000
0.1560 0.9438 0.7400
0.2110 0.8153 0.9400
0.3578 0.7871 0.6400
0.3945 0.6466 0.8600
0.5138 0.6185 0.5600
0.5505 0.5100 0.7200
0.6789 0.5060 0.4600
0.6697 0.3855 0.5800
0.7890 0.3614 0.3200
0.7890 0.2410 0.4400
0.8899 0.2811 0.2400
0.8532 0.1847 0.3800
0.9174 0.2169 0.2000
0.8807 0.1285 0.3800
0.9725 0.1486 0.2600
0.8807 0.0884 0.3200
0.9633 0.1285 0.1400
0.9266 0.0281 0.3200
0.9633 0.0884 0.1400
0.9450 0.0000 0.3400
0.9725 0.1084 0.1200
0.9266 0.0522 0.3000
0.9633 0.1124 0.1200
0.9450 0.0241 0.3000
0.9725 0.0763 0.1200
0.9541 0.0321 0.3000
0.9541 0.0843 0.1200
0.9174 0.0361 0.2800
0.9450 0.0843 0.1000
0.9266 0.0201 0.2600
0.9450 0.0683 0.0800
0.9358 0.0482 0.1800
0.9450 0.1124 0.0600
0.9174 0.0763 0.1800
0.9450 0.0843 0.0400
0.9541 0.0562 0.1800
1.0000 0.0723 0.0000
1.0000 0.0442 0.1600
1.0000 0.0683 0.0200
