1.0000 0.9492 0.8667
0.8667 1.0000 1.0000
0.9000 0.9492 0.8000
0.8000 0.9153 0.8667
0.8667 0.8814 0.7333
0.7333 0.8983 0.8000
0.8333 0.9322 0.6667
0.7000 0.8475 0.5333
0.6667 0.7627 0.4667
0.5333 0.6949 0.5333
0.6000 0.7119 0.4000
0.4000 0.6271 0.3333
0.5333 0.5593 0.2000
0.3333 0.4915 0.4000
0.5000 0.5254 0.3333
0.3000 0.5254 0.3333
0.5000 0.4237 0.4000
0.2333 0.4237 0.2000
0.4667 0.4576 0.2667
0.2333 0.4746 0.2667
0.4333 0.4407 0.2667
0.2333 0.4237 0.2667
0.4000 0.4407 0.0667
0.2333 0.3729 0.1333
0.4000 0.3559 0.2000
0.1667 0.3729 0.1333
0.3667 0.3898 0.0667
0.2000 0.3390 0.2000
0.3333 0.3390 0.0667
0.2000 0.3390 0.2667
0.4000 0.4237 0.0667
0.2333 0.3559 0.0667
0.4333 0.3729 0.1333
0.2333 0.3559 0.0000
0.3667 0.3220 0.0667
0.1667 0.2034 0.3333
0.1000 0.2034 0.0667
0.0333 0.0847 0.0667
0.2667 0.0000 0.0000
-0.0000 0.0169 0.0000
