3.0671 -0.0000 1.0000
2.9530 0.0548 0.9741
2.9128 0.1123 0.9577
2.7987 0.1507 0.9291
2.7248 0.2301 0.8990
2.5436 0.2685 0.8718
2.4362 0.3479 0.8499
2.2819 0.3781 0.8254
2.1678 0.4192 0.8049
1.9866 0.4329 0.7831
1.8389 0.4986 0.7503
1.6711 0.5288 0.7340
1.5436 0.5918 0.7012
1.3490 0.6274 0.6821
1.2013 0.6548 0.6548
1.0000 0.6932 0.6439
0.8859 0.7233 0.6098
0.6980 0.7534 0.5894
0.5503 0.7671 0.5621
0.3557 0.8164 0.5362
0.2013 0.8219 0.5089
0.0000 0.8411 0.4884
-0.1812 0.8712 0.4529
-0.3893 0.9151 0.4188
-0.5705 0.9041 0.4038
-0.7718 0.9123 0.3752
-0.9128 0.9233 0.3383
-1.1141 0.9479 0.3029
-1.2819 1.0000 0.2701
-1.4564 0.9589 0.2469
-1.6040 0.9507 0.2210
-1.7852 0.9452 0.1951
-1.9195 0.9699 0.1528
-2.0537 0.9342 0.1392
-2.1544 0.9151 0.1160
-2.3020 0.8795 0.0900
-2.4094 0.8849 0.0600
-2.5168 0.8795 0.0423
-2.6510 0.8603 0.0164
-2.7919 0.8329 0.0000
