0.6364 -0.0000 0.9941
0.6364 0.0190 1.0000
0.6818 0.0536 0.9853
0.2727 0.0952 0.9883
0.2727 0.1367 0.9619
0.1818 0.1540 0.9765
0.0909 0.1972 0.9413
0.2273 0.2370 0.9384
0.1818 0.3062 0.9179
0.3182 0.3062 0.9326
0.4545 0.3633 0.9150
0.4091 0.3754 0.9238
0.5000 0.4343 0.9032
0.5909 0.4775 0.9003
0.7727 0.5087 0.8944
0.8182 0.5329 0.9062
0.7273 0.5381 0.9120
0.5455 0.5692 0.9003
0.4545 0.6142 0.8680
0.4091 0.6349 0.8651
0.2273 0.6505 0.8475
0.3182 0.7145 0.7977
0.1818 0.7301 0.7801
0.2727 0.7578 0.7449
0.1364 0.7785 0.7097
0.2273 0.8374 0.6569
-0.0000 0.8495 0.6217
0.2727 0.8806 0.5806
0.2273 0.8962 0.5220
0.1364 0.9308 0.4721
0.2727 0.9325 0.4223
0.0909 0.9429 0.3871
0.0455 0.9689 0.3255
0.1364 0.9619 0.2991
0.2727 0.9844 0.2375
0.5909 0.9792 0.1877
0.5455 1.0000 0.1261
0.8636 0.9827 0.0997
0.9091 0.9706 0.0674
1.0000 0.9948 0.0000
