1.0000 0.0306 1.0000
0.9645 0.0423 0.9471
0.9161 0.0073 0.9043
0.9000 0.0160 0.8501
0.8516 0.0029 0.8023
0.8097 0.0087 0.7632
0.7581 0.0015 0.7116
0.7290 0.0000 0.6700
0.6806 0.0219 0.6121
0.6258 0.0262 0.5869
0.5903 0.0350 0.5390
0.5355 0.0335 0.5151
0.4968 0.0845 0.4723
0.4355 0.0656 0.4446
0.4032 0.0991 0.4068
0.3581 0.0641 0.3866
0.3032 0.1239 0.3514
0.2774 0.0933 0.3237
0.2452 0.1589 0.2884
0.2226 0.1443 0.2620
0.1968 0.1837 0.2330
0.1774 0.1749 0.1927
0.1516 0.2318 0.1612
0.1226 0.2653 0.1222
0.0968 0.2843 0.1083
0.0742 0.3499 0.0630
0.0613 0.3571 0.0592
0.0452 0.4402 0.0277
0.0226 0.4606 0.0214
0.0290 0.5437 0.0000
0.0065 0.5743 0.0025
0.0000 0.6574 0.0164
0.0000 0.6983 0.0264
0.0323 0.7653 0.0554
0.0129 0.8251 0.0554
0.0000 0.8513 0.1058
0.0226 0.9344 0.1108
0.0129 0.9111 0.1763
0.0258 1.0000 0.1914
0.0226 0.9825 0.2431
