-9.4375 -20.6667 0.0000
-8.3750 -21.6667 0.0721
-7.6250 -20.3333 0.1261
-6.8750 -21.3333 0.1532
-6.2500 -21.3333 0.1712
-5.0625 -21.0000 0.2432
-4.5625 -20.6667 0.2613
-3.5000 -20.3333 0.3243
-2.9375 -19.3333 0.3514
-1.9375 -19.6667 0.4144
-1.3750 -17.6667 0.4234
-0.3750 -19.3333 0.4775
-0.0000 -18.3333 0.4955
1.0000 -16.6667 0.5405
1.4375 -17.3333 0.5676
2.2500 -17.0000 0.6396
2.8125 -14.6667 0.6667
3.6875 -15.6667 0.7027
4.3125 -12.3333 0.7477
5.4375 -12.3333 0.7658
6.0000 -12.6667 0.7748
6.8750 -11.3333 0.8018
7.5625 -10.0000 0.8378
8.4375 -11.6667 0.8559
9.0625 -8.6667 0.8739
10.0000 -9.6667 0.8919
10.6250 -7.3333 0.9189
11.6875 -6.0000 0.9459
12.3125 -4.6667 0.9550
13.2500 -1.6667 0.9550
13.6250 0.0000 0.9640
14.5000 1.0000 1.0000
15.0000 3.0000 0.9730
15.9375 3.3333 0.9910
16.4375 6.3333 0.9910
17.5000 8.6667 1.0000
18.0000 9.0000 0.9640
19.2500 12.0000 0.9910
19.6250 13.0000 0.9640
20.6250 14.0000 0.9640
