1.0000 -0.8442 0.0667
0.0000 -0.7468 0.1333
-0.3636 -0.6299 0.0000
-1.0000 -0.5714 0.1333
-1.4545 -0.4416 0.1333
-2.5455 -0.3506 0.0667
-3.0000 -0.2597 0.2000
-3.8182 -0.1429 0.1333
-4.1818 -0.0779 0.2000
-4.6364 0.0000 0.2000
-4.9091 0.0844 0.2000
-5.4545 0.1299 0.2667
-5.4545 0.2273 0.6000
-5.4545 0.3247 0.2000
-6.0909 0.3961 0.3333
-6.5455 0.5065 0.4000
-6.8182 0.6234 0.5333
-7.0909 0.7143 0.6000
-7.1818 0.8117 0.6000
-7.4545 0.9221 0.6667
-7.3636 1.0000 0.5333
-8.0000 1.1039 0.6000
-7.8182 1.1558 0.6667
-8.0000 1.2403 0.7333
-8.1818 1.3442 0.6667
-8.3636 1.4286 0.7333
-8.2727 1.5065 0.8667
-8.5455 1.5455 0.8667
-8.1818 1.5909 0.8667
-8.1818 1.6494 0.9333
-8.0909 1.7013 0.9333
-8.0909 1.7597 0.9333
-7.9091 1.8052 1.0000
-7.8182 1.8442 0.9333
-7.6364 1.8636 1.0000
-7.7273 1.8961 1.0000
-7.7273 1.9156 1.0000
-7.5455 1.9286 0.8000
-7.4545 1.9351 1.0000
-7.6364 1.9286 0.8667
