0.0690 0.0625 0.1667
-0.0000 0.0000 0.0000
0.0345 0.0625 0.1111
0.0345 0.0312 0.0556
0.1034 0.1250 0.1667
0.1034 0.1562 0.0556
0.1379 0.2500 0.3333
0.1379 0.2500 0.2222
0.1379 0.3438 0.2778
0.1379 0.3125 0.3333
0.1379 0.3750 0.3333
0.2069 0.4375 0.3333
0.2069 0.5938 0.4444
0.2069 0.5625 0.3333
0.3103 0.6875 0.5000
0.2069 0.5000 0.4444
0.3103 0.6875 0.5556
0.3103 0.6250 0.5000
0.4483 0.7500 0.5000
0.4483 0.6875 0.5000
0.5862 0.6875 0.5000
0.4828 0.6250 0.5556
0.5172 0.6250 0.8333
0.4483 0.6562 0.5556
0.6897 0.7812 0.6111
0.5862 0.7188 0.6667
0.6897 0.7812 0.6667
0.6207 0.7500 0.8333
0.7586 0.8125 0.7222
0.6552 0.7500 0.7778
0.8276 0.9062 0.7778
0.7241 0.9062 0.7778
0.8276 0.9062 0.8333
0.7586 0.9062 0.9444
0.8621 0.9688 0.9444
0.8276 0.9375 0.9444
0.9655 1.0000 0.8333
0.8966 0.8125 0.8889
1.0000 0.9375 1.0000
0.9655 0.8125 0.9444
