0.4211 -8.5789 0.0175
0.5263 -8.8421 0.0175
0.4211 -8.6842 0.0000
0.5789 -8.5263 0.0351
0.3684 -8.2632 0.1053
0.4737 -8.2105 0.1404
0.3158 -7.6842 0.1579
0.5789 -7.9474 0.1930
0.2632 -7.6842 0.2105
0.2632 -7.5263 0.2281
0.1579 -7.2632 0.2456
0.3158 -6.7368 0.2982
0.0526 -6.5263 0.3333
0.3684 -6.4737 0.3860
0.1053 -6.1053 0.4035
0.3684 -6.1053 0.4211
-0.0000 -5.8421 0.4386
0.4737 -5.7895 0.4912
0.2105 -5.2632 0.4561
0.6842 -5.3684 0.5263
0.2632 -4.8947 0.5614
0.6842 -4.8421 0.6140
0.3158 -4.3684 0.6491
0.6316 -4.4737 0.7018
0.4211 -3.8947 0.7544
0.7895 -3.8947 0.8246
0.3684 -3.7368 0.8421
0.7368 -3.5789 0.8772
0.3158 -3.1053 0.8772
0.6316 -2.9474 0.9298
0.3684 -2.3684 0.8947
0.8947 -2.1053 0.9298
0.4737 -1.5789 1.0000
0.7895 -1.4737 0.9474
0.4737 -0.5263 0.9298
0.8421 -0.0000 0.9123
0.4737 1.0000 0.9298
0.8947 1.4737 0.8947
0.5789 2.3158 0.9123
1.0000 3.0526 0.8772
