-3.5333 -0.0000 0.0000
-2.9333 0.1562 0.0363
-1.7333 0.3438 0.0518
-1.2667 0.1875 0.0622
-0.4000 0.2500 0.0881
0.0000 0.2188 0.1088
1.0000 0.2188 0.1347
1.6667 0.4375 0.1658
2.6000 0.2812 0.1865
3.0000 0.2500 0.2124
3.8000 0.2188 0.2280
4.6000 0.2188 0.2539
5.4667 0.2812 0.2798
6.0667 0.2812 0.3005
6.8000 0.3125 0.3057
7.2667 0.3125 0.3368
8.1333 0.3750 0.3627
8.8667 0.3750 0.3886
9.6667 0.5312 0.4145
10.4667 0.6250 0.4404
11.1333 0.6875 0.4611
11.6667 0.8125 0.5130
12.8000 0.8750 0.5285
13.3333 0.8750 0.5544
14.2667 0.9375 0.5855
14.5333 0.8750 0.6166
15.4667 0.7812 0.6477
16.1333 0.8438 0.6839
17.0667 0.9688 0.7047
17.6000 0.9375 0.7358
18.3333 0.9688 0.7565
18.8000 0.8125 0.7876
19.8000 0.6562 0.8083
20.4667 1.0000 0.8446
21.2667 0.7812 0.8549
21.6000 0.7500 0.8964
22.4000 0.6250 0.9119
23.0667 0.5625 0.9482
24.0000 0.5938 0.9689
24.6000 0.7812 1.0000
