0.9037 0.8397 1.0000
0.9404 0.8397 0.9882
0.9404 1.0000 0.9323
0.9725 0.9038 0.9171
0.9358 0.9936 0.8731
0.9587 0.8333 0.8579
0.9633 0.8333 0.8325
0.9908 0.7821 0.7986
0.9771 0.8205 0.7733
0.9908 0.7628 0.7428
1.0000 0.7756 0.7124
0.9954 0.7628 0.6819
0.9817 0.6218 0.6734
0.9679 0.6474 0.6294
0.9817 0.6474 0.5990
0.9450 0.7821 0.5635
0.9220 0.6667 0.5431
0.9037 0.6731 0.5195
0.8761 0.6667 0.4873
0.8486 0.6474 0.4653
0.8028 0.6859 0.4332
0.8028 0.6346 0.4179
0.7752 0.6923 0.3942
0.7431 0.6218 0.3824
0.6972 0.6154 0.3570
0.6835 0.5705 0.3384
0.6514 0.5513 0.3147
0.6330 0.5256 0.2944
0.5688 0.5000 0.2724
0.5505 0.4359 0.2640
0.4771 0.3910 0.2369
0.4174 0.3846 0.2132
0.3624 0.3333 0.1810
0.3165 0.2564 0.1574
0.2294 0.2821 0.1235
0.2018 0.1538 0.1083
0.1514 0.0641 0.0846
0.1147 0.0641 0.0592
0.0596 -0.0000 0.0355
-0.0000 0.0256 0.0000
