1.0000 0.0544 0.1667
0.9880 0.0340 0.1154
0.9680 0.1429 0.0000
0.9400 0.1701 0.0000
0.9080 0.1224 0.0385
0.8760 0.0952 0.0897
0.8560 0.0000 0.1282
0.8320 0.1020 0.0385
0.8080 0.1701 0.0000
0.7840 0.2177 0.0385
0.7520 0.1905 0.0641
0.7280 0.1769 0.1667
0.7120 0.1905 0.1667
0.7240 0.2925 0.1538
0.6960 0.2857 0.1667
0.6680 0.2721 0.2564
0.6480 0.2925 0.2436
0.6400 0.2857 0.2949
0.6280 0.3673 0.2308
0.6080 0.3605 0.3333
0.5760 0.3810 0.3333
0.5520 0.4150 0.4103
0.5200 0.4218 0.4487
0.5000 0.4626 0.4744
0.4760 0.4898 0.4872
0.4560 0.5102 0.5641
0.4160 0.5102 0.5641
0.3960 0.5034 0.6154
0.3640 0.5782 0.5897
0.3360 0.6122 0.6154
0.2920 0.6395 0.6538
0.2680 0.6667 0.6923
0.2160 0.7075 0.7692
0.2000 0.7551 0.7949
0.1720 0.7891 0.8333
0.1440 0.7823 0.8846
0.0920 0.8027 0.9231
0.0640 0.8435 0.9744
0.0160 0.9116 0.9744
0.0000 1.0000 1.0000
