1.0000 21.3077 0.0000
0.9782 20.7692 0.0095
0.9594 19.7692 0.0286
0.9392 19.0769 0.0190
0.9204 18.1538 0.0571
0.8970 17.7692 0.0571
0.8736 16.4615 0.1048
0.8487 16.0000 0.0857
0.8253 15.0769 0.1143
0.8019 14.1538 0.1048
0.7754 13.6923 0.1333
0.7535 12.8462 0.1429
0.7285 11.6923 0.2190
0.7114 11.5385 0.1619
0.6771 10.0000 0.2000
0.6552 9.6154 0.1810
0.6318 8.7692 0.2000
0.6053 8.0000 0.1810
0.5803 7.3077 0.2381
0.5538 6.3846 0.2381
0.5289 5.4615 0.2762
0.5039 5.2308 0.2857
0.4743 3.9231 0.2762
0.4462 3.5385 0.3333
0.4181 2.9231 0.3524
0.3900 2.1538 0.3714
0.3651 1.4615 0.4190
0.3339 1.0000 0.4476
0.3089 0.0000 0.5048
0.2777 -0.3077 0.5238
0.2527 -1.4615 0.5810
0.2231 -1.9231 0.6000
0.1919 -2.6154 0.6476
0.1654 -3.4615 0.6762
0.1342 -4.2308 0.7429
0.1076 -4.6923 0.7524
0.0811 -5.4615 0.8571
0.0530 -5.7692 0.8762
0.0218 -6.5385 0.9714
0.0000 -7.2308 1.0000
