0.9375 0.6667 1.0000
0.8750 0.8889 1.0000
0.9375 0.6667 1.0000
0.8750 1.0000 0.9322
1.0000 0.8889 1.0000
0.8750 1.0000 0.9661
0.8750 0.8889 1.0000
0.8750 0.8889 0.9661
0.8125 0.8889 0.9831
0.7500 0.7778 0.9492
0.8125 0.6667 0.9492
0.7500 0.8889 0.9153
0.8750 0.5556 0.9322
0.7500 0.6667 0.8475
0.7500 0.5556 0.8814
0.8125 0.8889 0.8475
0.8125 0.6667 0.8644
0.6875 0.8889 0.7966
0.7500 0.8889 0.7966
0.6875 0.6667 0.7458
0.7500 0.3333 0.7288
0.5625 0.2222 0.6610
0.6250 0.1111 0.6610
0.5000 0.4444 0.5763
0.5625 0.4444 0.5763
0.5000 0.4444 0.4915
0.5625 0.1111 0.5085
0.5000 0.3333 0.4407
0.4375 0.3333 0.4237
0.5000 0.4444 0.3390
0.4375 0.1111 0.3559
0.4375 -0.0000 0.2881
0.3125 0.3333 0.3729
0.5625 0.3333 0.2203
0.3750 0.4444 0.2034
0.2500 0.7778 0.1356
0.1250 0.6667 0.1186
0.0625 0.6667 0.0847
0.0000 0.5556 0.0508
0.0625 0.4444 0.0000
