0.0000 1.0000 0.9908
0.0306 0.9694 0.9633
0.0408 0.9524 1.0000
0.1020 0.9320 0.9266
0.0918 0.9082 0.9174
0.1122 0.8810 0.8716
0.1531 0.8741 0.8440
0.1735 0.8469 0.7982
0.2041 0.8163 0.8073
0.1939 0.7959 0.7798
0.2449 0.7857 0.7615
0.2449 0.7381 0.7156
0.2755 0.7245 0.7431
0.2959 0.6905 0.6972
0.3367 0.6735 0.6789
0.3571 0.6361 0.6606
0.3776 0.6054 0.6606
0.4184 0.5646 0.6147
0.4388 0.5442 0.6147
0.4694 0.5170 0.5596
0.4490 0.4932 0.5596
0.4592 0.4592 0.5229
0.4898 0.4422 0.5229
0.5102 0.4014 0.4679
0.5510 0.3776 0.4862
0.5816 0.3537 0.4404
0.6122 0.3231 0.4128
0.6429 0.2959 0.3670
0.6837 0.2925 0.3578
0.7041 0.2653 0.3211
0.7347 0.2483 0.2844
0.7449 0.2245 0.2385
0.7959 0.2007 0.2110
0.8265 0.1803 0.1468
0.8673 0.1599 0.1101
0.9082 0.1054 0.0734
0.9286 0.0918 0.0642
0.9796 0.0714 0.0459
1.0000 0.0272 0.0183
1.0000 0.0000 0.0000
