0.8396 0.0159 0.0000
0.8582 0.0119 0.1101
0.9104 0.0556 0.1071
0.9291 0.0079 0.2036
0.9403 0.0734 0.2112
0.9627 0.0278 0.2579
0.9739 0.0298 0.3424
0.9925 0.0198 0.3122
0.9664 0.0377 0.4118
1.0000 0.0516 0.3680
1.0000 0.0119 0.4781
0.9925 0.0794 0.4253
0.9664 0.0000 0.5023
0.9701 0.0337 0.5008
0.9701 0.0079 0.4902
0.9515 0.0417 0.5279
0.9590 0.0456 0.5008
0.9664 0.0575 0.5400
0.9403 0.0794 0.5279
0.9067 0.0556 0.5656
0.9030 0.1151 0.5370
0.8619 0.1448 0.5415
0.8396 0.1548 0.5852
0.8022 0.1647 0.5943
0.7985 0.2123 0.5913
0.7575 0.2619 0.5807
0.7052 0.2937 0.6154
0.6567 0.3095 0.6305
0.6418 0.3631 0.6486
0.5896 0.4226 0.6516
0.5336 0.4583 0.6998
0.4963 0.5079 0.7044
0.4590 0.5833 0.7225
0.4067 0.6349 0.7451
0.3284 0.6766 0.8054
0.2761 0.7262 0.8311
0.2276 0.7937 0.8854
0.1604 0.8770 0.9035
0.0709 0.9187 0.9744
0.0000 1.0000 1.0000
