0.0235 0.0000 0.0000
-0.0000 0.0093 0.0349
0.0353 0.1121 0.0465
0.0353 0.0748 0.0698
0.0588 0.0748 0.0814
0.0235 0.0280 0.0930
0.0706 0.0561 0.1163
0.0588 0.0841 0.1279
0.1059 0.1495 0.1512
0.1176 0.1589 0.1512
0.1529 0.1869 0.1977
0.1412 0.1495 0.2209
0.1765 0.1776 0.2674
0.1529 0.2336 0.2674
0.2235 0.2991 0.3023
0.2235 0.3645 0.2907
0.2941 0.3832 0.3488
0.2824 0.3925 0.3721
0.3176 0.3458 0.3953
0.3176 0.3551 0.4186
0.3882 0.3832 0.4535
0.4471 0.4486 0.5000
0.5059 0.4579 0.5465
0.4941 0.4579 0.5581
0.5412 0.5140 0.6047
0.5294 0.5140 0.6279
0.5765 0.5701 0.6860
0.6353 0.6729 0.6977
0.6941 0.6729 0.7442
0.6941 0.6729 0.7326
0.7176 0.6355 0.8023
0.7176 0.6355 0.8140
0.7647 0.6168 0.8372
0.8118 0.7290 0.8488
0.8353 0.7477 0.8837
0.8941 0.7757 0.9302
0.9176 0.7757 0.9535
0.9294 0.8411 0.9535
0.9647 0.8972 1.0000
1.0000 1.0000 1.0000
