1.0000 0.3733 1.0000
0.9773 0.3963 0.9713
0.9482 0.4470 0.9427
0.9159 0.4747 0.9076
0.9094 0.5346 0.8535
0.8997 0.6129 0.8217
0.8932 0.6866 0.7739
0.8576 0.7189 0.7452
0.8479 0.7327 0.6975
0.8382 0.7419 0.6561
0.8317 0.8203 0.6083
0.7994 0.8894 0.5669
0.7702 0.8940 0.5223
0.7638 0.9217 0.4682
0.7540 0.9217 0.4299
0.7346 0.9539 0.3726
0.7152 1.0000 0.3376
0.6861 0.9908 0.2930
0.6667 0.9309 0.2516
0.6472 0.8802 0.2102
0.6278 0.9263 0.1688
0.6052 0.8894 0.1401
0.5922 0.8940 0.0955
0.5728 0.7696 0.0701
0.5599 0.7373 0.0446
0.5372 0.7512 0.0318
0.5081 0.6820 0.0223
0.4854 0.5991 0.0127
0.4595 0.5161 0.0000
0.4175 0.4700 0.0096
0.3883 0.4378 0.0127
0.3560 0.3687 0.0350
0.3204 0.3134 0.0446
0.2977 0.2258 0.0764
0.2621 0.1982 0.1019
0.1974 0.1659 0.1529
0.1521 0.1290 0.1911
0.1003 0.0092 0.2389
0.0550 -0.0000 0.2930
-0.0000 0.0461 0.3503
