0.1333 1.0000 0.0000
0.1667 1.0000 0.0172
0.1833 0.9857 0.0402
0.1333 0.9714 0.0661
0.1167 0.9571 0.1063
0.0500 0.9643 0.1264
0.0333 0.9357 0.1638
0.0000 0.9357 0.1868
0.0500 0.8929 0.2126
0.0167 0.8857 0.2385
0.0833 0.8429 0.2615
0.0500 0.8500 0.2902
0.0833 0.8214 0.3218
0.0667 0.8429 0.3477
0.1333 0.7786 0.3851
0.1667 0.7786 0.4138
0.2500 0.7357 0.4425
0.2667 0.7143 0.4598
0.3167 0.7000 0.4885
0.2667 0.6786 0.5115
0.3000 0.6786 0.5402
0.3167 0.6500 0.5718
0.3333 0.5714 0.6178
0.4167 0.5643 0.6351
0.4333 0.5071 0.6609
0.4500 0.4929 0.6724
0.5000 0.4643 0.7011
0.5167 0.4714 0.7155
0.5333 0.4500 0.7443
0.6000 0.4071 0.7644
0.6833 0.3714 0.7931
0.7333 0.3286 0.8132
0.8000 0.2571 0.8333
0.7833 0.2643 0.8563
0.8500 0.2071 0.8793
0.8333 0.2143 0.9052
0.8667 0.1357 0.9310
0.8667 0.1071 0.9569
0.9500 0.0500 0.9770
1.0000 0.0000 1.0000
