0.9375 0.0588 0.7778
0.8750 0.0588 1.0000
1.0000 0.0588 0.8889
0.8125 0.0588 0.7778
0.9375 0.2941 0.7778
0.8125 0.0588 0.5556
1.0000 0.2353 0.8889
0.8750 0.0000 0.5556
0.8125 0.2941 0.8889
1.0000 0.0000 0.6667
0.8750 0.1765 0.8889
0.9375 0.3529 0.7778
0.7500 0.1765 0.7778
0.8125 0.2353 0.7778
0.8750 0.2353 0.7778
0.7500 0.2353 0.7778
0.8125 0.3529 0.7778
0.6250 0.1765 0.5556
0.6875 0.3529 0.6667
0.5000 0.2353 0.5556
0.5625 0.4118 0.6667
0.5625 0.2353 0.3333
0.3750 0.2941 0.6667
0.5625 0.2941 0.4444
0.3125 0.3529 0.6667
0.4375 0.4706 0.3333
0.3125 0.5294 0.3333
0.3750 0.5882 0.4444
0.3125 0.5294 0.2222
0.1875 0.4706 0.2222
0.1875 0.7647 0.3333
0.0625 0.7059 0.1111
0.1250 0.8235 0.8889
0.3750 0.7647 0.2222
0.0625 0.8235 0.4444
0.1875 0.7059 0.0000
0.0000 1.0000 0.2222
0.0625 0.8235 0.2222
0.0625 0.9412 0.4444
0.1250 0.8235 0.3333
