1.0000 1.0909 0.0000
0.9853 1.0000 0.0741
0.9779 0.8831 0.0000
0.9669 0.7727 0.0741
0.9559 0.6948 0.0370
0.9449 0.5714 0.0556
0.9301 0.4610 0.0185
0.9154 0.3636 0.0741
0.8971 0.2662 0.0370
0.8824 0.1558 0.0741
0.8713 0.0779 0.0370
0.8493 0.0000 0.1481
0.8309 -0.1039 0.0741
0.8125 -0.2273 0.1111
0.7941 -0.3117 0.0926
0.7647 -0.4156 0.1296
0.7463 -0.5130 0.1111
0.7243 -0.6039 0.1667
0.6949 -0.7013 0.1481
0.6728 -0.7922 0.1852
0.6434 -0.8766 0.1296
0.6176 -1.0130 0.2037
0.5956 -1.1039 0.1667
0.5625 -1.2078 0.2037
0.5294 -1.2727 0.2222
0.4926 -1.3701 0.3148
0.4632 -1.4286 0.2778
0.4301 -1.5130 0.3333
0.4044 -1.5909 0.3704
0.3750 -1.7078 0.4074
0.3382 -1.7532 0.4074
0.3015 -1.8182 0.5556
0.2647 -1.9091 0.6296
0.2426 -1.9935 0.6481
0.1838 -2.0649 0.5926
0.1544 -2.1364 0.7037
0.1176 -2.2143 0.7593
0.0772 -2.3052 0.8333
0.0441 -2.3766 0.8704
0.0000 -2.4286 1.0000
