0.9365 4.5455 0.0000
0.9444 4.2424 0.0658
0.9841 4.4091 0.1289
0.9683 4.6212 0.2000
0.9841 4.7121 0.2579
1.0000 4.6515 0.3211
0.9524 4.3939 0.3737
0.9206 4.0606 0.4289
0.9524 3.9242 0.4711
0.9127 3.9545 0.5263
0.9444 3.9697 0.5684
0.9444 3.9091 0.6132
0.9048 3.5455 0.6632
0.7937 3.3333 0.6842
0.8492 2.9394 0.7184
0.8333 2.8333 0.7579
0.8016 2.8333 0.7842
0.7937 2.7424 0.8158
0.7619 2.4697 0.8289
0.6746 2.0455 0.8421
0.6508 1.7273 0.8605
0.6508 1.6212 0.8658
0.6190 1.5152 0.8789
0.6032 1.5303 0.8974
0.6032 1.3939 0.8974
0.5079 0.9242 0.9132
0.5079 1.0000 0.9184
0.4683 0.8182 0.9263
0.4603 0.5758 0.9342
0.4444 0.6515 0.9447
0.3889 0.5758 0.9474
0.3571 0.3636 0.9526
0.3016 0.2424 0.9605
0.2857 0.2879 0.9605
0.2460 0.1515 0.9658
0.2063 0.2273 0.9737
0.1349 0.1515 0.9789
0.0952 0.2424 0.9947
0.0556 0.1667 0.9868
-0.0000 0.0000 1.0000
