1.0000 0.0000 0.9722
1.0000 0.0156 1.0000
0.9844 0.0000 0.8611
0.9375 0.0781 0.9444
0.9062 0.0625 0.8611
0.9062 0.1094 0.8333
0.8906 0.1250 0.7778
0.8594 0.1250 0.7778
0.8438 0.1875 0.7500
0.8125 0.2188 0.7222
0.7656 0.2188 0.6944
0.7344 0.2344 0.6944
0.7031 0.2500 0.6667
0.6406 0.3281 0.6667
0.6094 0.3438 0.6111
0.5781 0.4219 0.6944
0.5469 0.4375 0.5556
0.4688 0.5000 0.6111
0.4688 0.5000 0.5556
0.3906 0.5000 0.5833
0.3750 0.5625 0.5556
0.3125 0.6250 0.5000
0.2656 0.6562 0.6111
0.3125 0.7344 0.4722
0.2188 0.7500 0.4444
0.2188 0.7656 0.4444
0.1562 0.7500 0.3889
0.2188 0.7969 0.3889
0.1875 0.7344 0.3333
0.1719 0.8281 0.3333
0.1250 0.8438 0.2222
0.1562 0.8906 0.2778
0.1406 0.8281 0.1944
0.0625 0.9219 0.2500
0.1094 0.8906 0.1944
0.0781 0.9375 0.1111
0.0625 0.9219 0.0833
0.0156 0.9219 0.0833
0.0156 0.9531 0.0556
0.0000 1.0000 0.0000
