0.3594 -0.0000 0.0891
0.3125 0.2136 0.0990
0.4375 0.1262 0.2376
0.4062 0.3204 0.1386
0.5000 0.3107 0.1683
0.5000 0.6019 0.0990
0.6406 0.5534 0.1188
0.6719 0.8544 0.0396
0.7188 0.6893 0.1287
0.8125 0.9320 0.0594
0.8750 0.7767 0.0495
0.8125 0.9903 0.0297
0.8906 0.8155 0.0594
0.9062 1.0000 0.0000
1.0000 0.9223 0.0396
0.9062 0.8738 0.0495
0.8281 0.8350 0.0495
0.7031 0.8544 0.0198
0.7188 0.8447 0.0297
0.5625 0.6990 0.0297
0.5781 0.6990 0.0297
0.5156 0.6505 0.0396
0.5781 0.6408 0.0891
0.3594 0.6117 0.1386
0.3750 0.5049 0.1584
0.2812 0.4951 0.1782
0.3594 0.5340 0.2079
0.1875 0.5146 0.2475
0.2188 0.4951 0.3267
0.2500 0.4951 0.3267
0.1562 0.5243 0.4059
-0.0000 0.5049 0.4455
0.0312 0.4466 0.5149
0.0938 0.3495 0.5842
0.1094 0.5728 0.6238
0.1250 0.3398 0.7228
0.2188 0.3107 0.8218
0.1719 0.3010 0.8911
0.1406 0.3592 0.9505
0.1719 0.4757 1.0000
