1.0000 0.9805 1.0000
0.9944 1.0000 0.9845
0.9911 1.0000 0.9741
0.9944 0.9578 0.9603
0.9911 0.9740 0.9585
0.9866 0.9708 0.9430
0.9777 0.9416 0.9396
0.9788 0.8766 0.9499
0.9688 0.8831 0.9292
0.9576 0.8831 0.9223
0.9408 0.8377 0.9171
0.9330 0.7955 0.9136
0.9219 0.7468 0.8981
0.9062 0.7240 0.8808
0.8906 0.6786 0.8670
0.8717 0.6299 0.8532
0.8527 0.6104 0.8325
0.8337 0.5422 0.8169
0.8125 0.4870 0.7997
0.7946 0.4610 0.7651
0.7712 0.4156 0.7340
0.7500 0.3474 0.7116
0.7165 0.2922 0.6908
0.6875 0.2662 0.6563
0.6507 0.2338 0.6114
0.6138 0.2013 0.5803
0.5759 0.1591 0.5475
0.5368 0.1136 0.5112
0.5000 0.1234 0.4594
0.4576 0.0519 0.4301
0.4129 0.0584 0.3869
0.3717 0.0552 0.3351
0.3237 0.0455 0.2953
0.2835 0.0000 0.2625
0.2333 0.0065 0.2159
0.1864 0.0000 0.1641
0.1429 0.0292 0.1174
0.0993 0.0455 0.0725
0.0491 0.0877 0.0311
0.0000 0.0974 0.0000
