1.0000 0.9314 1.0000
0.9942 0.8845 0.9972
0.9858 0.8303 0.9847
0.9742 0.8051 0.9708
0.9625 0.7545 0.9596
0.9484 0.7004 0.9485
0.9342 0.6787 0.9318
0.9201 0.6029 0.9192
0.9042 0.5415 0.9053
0.8909 0.5126 0.8774
0.8734 0.4621 0.8524
0.8576 0.3863 0.8343
0.8326 0.3249 0.8175
0.8110 0.2960 0.7897
0.7835 0.2599 0.7535
0.7560 0.2238 0.7284
0.7277 0.1769 0.7019
0.6986 0.1264 0.6727
0.6711 0.1372 0.6309
0.6395 0.0578 0.6072
0.6062 0.0650 0.5724
0.5754 0.0614 0.5306
0.5396 0.0505 0.4986
0.5096 0.0000 0.4721
0.4721 0.0072 0.4345
0.4371 0.0000 0.3928
0.4047 0.0325 0.3552
0.3722 0.0505 0.3189
0.3347 0.0975 0.2855
0.2981 0.1083 0.2604
0.2673 0.1444 0.2298
0.2298 0.2238 0.1880
0.1973 0.3069 0.1602
0.1649 0.3574 0.1365
0.1316 0.4404 0.1100
0.1024 0.5343 0.0808
0.0691 0.6570 0.0571
0.0433 0.7798 0.0279
0.0208 0.8809 0.0153
0.0000 1.0000 0.0000
