0.0000 0.0026 0.0000
0.0048 0.0034 0.0052
0.0179 0.0171 0.0100
0.0358 0.0000 0.0119
0.0418 0.0162 0.0191
0.0454 0.0316 0.0200
0.0573 0.0461 0.0248
0.0657 0.0487 0.0305
0.0777 0.0316 0.0434
0.0800 0.0640 0.0420
0.0932 0.0632 0.0505
0.1027 0.0803 0.0563
0.1063 0.0717 0.0687
0.1123 0.0880 0.0753
0.1254 0.0845 0.0882
0.1302 0.1025 0.0982
0.1398 0.1178 0.1073
0.1386 0.1409 0.1168
0.1529 0.1392 0.1316
0.1541 0.1486 0.1502
0.1601 0.1810 0.1578
0.1673 0.1981 0.1745
0.1792 0.2203 0.1898
0.1852 0.2220 0.2098
0.1852 0.2570 0.2241
0.1935 0.2775 0.2442
0.1912 0.3066 0.2637
0.2019 0.3296 0.2852
0.1971 0.3732 0.3095
0.2079 0.3920 0.3400
0.2222 0.4415 0.3686
0.2306 0.5013 0.4034
0.2652 0.5525 0.4411
0.2927 0.6336 0.4874
0.3536 0.7045 0.5408
0.4194 0.7814 0.6090
0.5388 0.8557 0.6867
0.6667 0.9240 0.7778
0.8220 1.0000 0.8817
1.0000 0.9957 1.0000
