0.0000 1.0000 1.0000
0.0278 0.9733 0.9833
0.0606 0.9313 0.9645
0.0985 0.9122 0.9395
0.1086 0.9198 0.9165
0.1591 0.8664 0.8935
0.1843 0.8511 0.8685
0.2273 0.8053 0.8559
0.2449 0.7634 0.8330
0.2929 0.7443 0.8100
0.3131 0.7252 0.7933
0.3586 0.6870 0.7641
0.3813 0.6718 0.7349
0.4242 0.6374 0.7182
0.4495 0.5802 0.6868
0.4848 0.5420 0.6639
0.5101 0.5382 0.6409
0.5480 0.5229 0.6117
0.5707 0.5229 0.5783
0.6136 0.4885 0.5532
0.6313 0.4504 0.5261
0.6692 0.4084 0.5031
0.6843 0.4008 0.4781
0.7146 0.3664 0.4468
0.7298 0.3626 0.4196
0.7551 0.3550 0.3946
0.7778 0.3168 0.3633
0.8030 0.2901 0.3361
0.8207 0.2634 0.3111
0.8434 0.2290 0.2839
0.8535 0.2099 0.2526
0.8813 0.1794 0.2234
0.8939 0.1641 0.1921
0.9192 0.1450 0.1691
0.9268 0.1260 0.1378
0.9444 0.1107 0.1127
0.9545 0.0802 0.0793
0.9747 0.0534 0.0522
0.9848 0.0344 0.0209
1.0000 0.0000 0.0000
