0.0968 15.6667 0.3571
-0.0000 16.0000 0.2143
0.0968 15.3333 0.2143
0.0323 15.0000 0.2143
0.1290 13.6667 0.2143
0.0645 13.0000 0.2143
0.1935 10.6667 0.1429
0.0968 10.0000 0.2143
0.1935 8.0000 0.2143
0.0968 7.3333 0.1429
0.1613 6.6667 0.3571
0.1613 5.3333 0.0000
0.2581 4.0000 0.1429
0.1613 4.6667 0.2143
0.2258 3.0000 0.1429
0.1613 1.3333 0.0000
0.3226 1.0000 0.1429
0.2258 -0.0000 0.0000
0.3226 -1.6667 0.0714
0.2903 -0.3333 0.1429
0.4194 -0.6667 0.2143
0.3871 -1.6667 0.1429
0.5484 -1.6667 0.1429
0.4839 -2.6667 0.1429
0.6452 -4.0000 0.2857
0.5484 -4.6667 0.2857
0.6774 -5.0000 0.4286
0.6129 -6.3333 0.3571
0.7097 -7.6667 0.3571
0.6774 -8.3333 0.3571
0.7742 -8.6667 0.5714
0.7742 -10.0000 0.5000
0.8710 -11.0000 0.7143
0.7742 -12.0000 0.7857
0.8710 -13.0000 0.7143
0.7742 -13.6667 0.9286
0.8710 -14.3333 1.0000
0.8387 -15.3333 1.0000
1.0000 -15.6667 1.0000
0.9355 -16.3333 1.0000
