0.9118 1.0000 0.0000
0.7059 0.9804 0.0881
0.7059 0.9476 0.1384
0.5588 0.9329 0.1887
0.5882 0.9214 0.2327
0.5000 0.8985 0.3019
0.4706 0.8674 0.3522
0.3824 0.8396 0.4277
0.2353 0.8085 0.4969
0.2353 0.7971 0.5031
0.2353 0.7741 0.5472
0.1765 0.7643 0.5849
0.0000 0.7365 0.6478
0.0882 0.7087 0.6730
0.2059 0.6809 0.7233
0.1765 0.6661 0.7547
0.2059 0.6367 0.7799
0.2353 0.6137 0.8239
0.2941 0.5777 0.8679
0.2647 0.5499 0.8616
0.3529 0.5303 0.8868
0.3235 0.5025 0.8931
0.2353 0.4730 0.9182
0.2647 0.4583 0.9308
0.4706 0.4190 0.9497
0.4412 0.3912 0.9623
0.5000 0.3601 0.9686
0.3824 0.3339 0.9686
0.4118 0.3191 0.9686
0.5882 0.2864 0.9623
0.6471 0.2422 1.0000
0.6176 0.2242 0.9937
0.5000 0.1964 0.9874
0.5588 0.1784 0.9686
0.7941 0.1489 0.9748
0.7353 0.1097 0.9811
0.7941 0.0720 0.9811
0.7353 0.0622 0.9497
0.8824 0.0376 0.9308
1.0000 0.0000 0.9057
