1.0000 0.9983 0.0000
0.9667 1.0000 0.0435
0.8778 0.9762 0.1180
0.8778 0.9609 0.1863
0.7333 0.9048 0.2919
0.7667 0.9150 0.2733
0.7444 0.9082 0.2795
0.6444 0.8980 0.3416
0.6111 0.8759 0.3665
0.5444 0.8231 0.5031
0.5667 0.8163 0.5093
0.5222 0.8248 0.4907
0.4778 0.8112 0.5590
0.4556 0.7789 0.5901
0.4333 0.7296 0.7143
0.4889 0.7330 0.6584
0.4444 0.7245 0.6957
0.4222 0.7024 0.7516
0.3889 0.6650 0.7826
0.3556 0.6344 0.8696
0.3444 0.6088 0.8509
0.3222 0.6020 0.8696
0.2667 0.5748 0.9068
0.2111 0.5425 0.9503
0.2000 0.4813 0.9938
0.2444 0.4575 0.9503
0.2000 0.4439 0.9938
0.1889 0.4048 1.0000
0.1444 0.3724 1.0000
0.1111 0.3248 0.9938
0.1444 0.3146 0.9193
0.1333 0.2636 0.9503
0.0889 0.2160 0.9441
0.0667 0.1854 0.9255
0.0778 0.1582 0.8385
0.1222 0.1344 0.7764
0.0667 0.1020 0.7267
0.0444 0.0629 0.7019
0.0000 0.0119 0.6894
0.0333 0.0000 0.6211
