1.0000 0.0000 1.0000
0.9931 0.0000 0.9045
0.9653 0.0154 0.8427
0.9861 0.0277 0.7416
0.9306 0.0246 0.6854
0.8958 0.0246 0.6348
0.8542 0.0462 0.5618
0.8333 0.0677 0.5000
0.8056 0.1046 0.4045
0.7917 0.1262 0.3539
0.7431 0.1385 0.3090
0.7153 0.1785 0.2640
0.6667 0.2062 0.1798
0.6389 0.2677 0.1461
0.5694 0.2800 0.1292
0.5347 0.3354 0.1292
0.5069 0.3323 0.0955
0.4792 0.4462 0.0449
0.4583 0.4708 0.0000
0.4306 0.5108 0.0393
0.3958 0.5262 0.0730
0.3750 0.5723 0.0449
0.3264 0.6492 0.0562
0.2778 0.6800 0.1067
0.2292 0.7262 0.1404
0.2292 0.7200 0.1685
0.2083 0.8185 0.1461
0.1875 0.8492 0.1742
0.1389 0.8677 0.2303
0.1111 0.8585 0.3090
0.0972 0.8954 0.2921
0.0972 0.9354 0.3483
0.0556 0.9415 0.4045
0.0417 0.9446 0.4831
0.0694 0.9292 0.5000
0.0486 0.9969 0.4888
0.0556 1.0000 0.5337
0.0208 0.9754 0.6067
0.0000 0.9508 0.6910
0.0069 0.9815 0.6348
