1.2500 -16.0000 0.2308
1.1250 -16.5000 0.0000
1.2500 -15.7500 0.1538
1.1250 -14.5000 0.1538
1.0000 -13.7500 0.3077
1.1250 -13.2500 0.1538
0.8750 -11.2500 0.5385
0.9375 -10.2500 0.1538
0.8125 -10.0000 0.4615
0.8750 -8.7500 0.3846
0.6250 -9.0000 0.3846
0.7500 -9.2500 0.3077
0.5000 -8.0000 0.3846
0.5625 -8.0000 0.4615
0.5000 -7.5000 0.4615
0.5625 -6.7500 0.4615
0.1250 -7.0000 0.6154
0.3750 -7.0000 0.6154
0.0000 -6.2500 0.5385
-0.0625 -6.7500 0.3846
-0.1875 -6.7500 0.6154
-0.1250 -5.2500 0.4615
-0.4375 -5.7500 1.0000
-0.0625 -4.5000 0.6923
-0.5625 -3.0000 0.6923
-0.3750 -3.2500 0.6923
-0.4375 -1.2500 0.7692
-0.3750 -1.0000 0.6154
-0.5625 -1.0000 0.6923
-0.5000 -0.2500 0.6154
-0.8750 0.0000 0.8462
-0.6875 0.0000 0.6154
-0.9375 2.2500 0.8462
-0.6250 1.0000 0.6154
-0.9375 2.0000 0.7692
-0.9375 2.5000 0.5385
-1.1250 2.2500 0.7692
-1.1875 3.0000 0.6923
-1.6250 3.7500 0.6923
-1.4375 4.0000 0.7692
