-0.0000 0.1579 0.0000
0.0288 0.2807 0.0381
0.0988 0.3333 0.0000
0.1317 0.3684 0.0190
0.1811 0.1930 0.0095
0.2140 0.2281 0.0476
0.2675 0.1579 0.0190
0.3169 0.4737 0.0571
0.3580 0.4386 0.0381
0.3951 0.3158 0.0857
0.4280 0.0702 0.0762
0.4650 0.1579 0.0857
0.5062 0.1228 0.1333
0.5062 0.2281 0.1429
0.5679 0.1579 0.1524
0.6049 0.0175 0.1619
0.6420 0.0000 0.1619
0.6543 0.0526 0.2000
0.6790 0.1579 0.2000
0.6996 0.1228 0.2667
0.7366 0.2105 0.2476
0.7531 0.2105 0.3333
0.7737 0.2982 0.3143
0.7860 0.3333 0.3905
0.7984 0.3158 0.3905
0.8189 0.3158 0.4857
0.8436 0.4386 0.4667
0.8683 0.5439 0.5619
0.8807 0.6667 0.5333
0.8930 0.6140 0.6381
0.8889 0.6842 0.6190
0.9136 0.6667 0.7333
0.9218 0.8421 0.7143
0.9506 0.8947 0.7905
0.9424 1.0000 0.7810
0.9547 0.8772 0.8762
0.9588 0.9298 0.8571
0.9753 0.8596 0.9619
0.9835 1.0000 0.8952
1.0000 0.8947 1.0000
