1.0000 0.8671 0.2906
0.9860 0.8924 0.2513
0.9972 0.9620 0.2277
0.9804 0.9684 0.1963
0.9777 1.0000 0.1702
0.9525 0.9304 0.1335
0.9497 0.8354 0.1073
0.9385 0.9051 0.0838
0.9330 0.9873 0.0602
0.9134 0.9557 0.0393
0.8994 0.7658 0.0314
0.8855 0.7089 0.0157
0.8687 0.7215 0.0105
0.8408 0.8987 0.0000
0.8240 0.8165 0.0026
0.7877 0.6076 0.0000
0.7709 0.4557 0.0026
0.7402 0.4747 0.0105
0.7291 0.6392 0.0209
0.6955 0.6076 0.0445
0.6676 0.4494 0.0628
0.6369 0.2722 0.0916
0.6117 0.2152 0.1283
0.5726 0.2595 0.1545
0.5559 0.2658 0.1911
0.5140 0.3101 0.2251
0.4888 0.1266 0.2749
0.4553 0.0443 0.3168
0.4274 0.0696 0.3717
0.3911 0.0949 0.4319
0.3464 0.0633 0.4869
0.2989 0.0127 0.5445
0.2793 -0.0000 0.5942
0.2235 0.0380 0.6518
0.1899 0.0886 0.7173
0.1341 0.1582 0.7644
0.1061 0.2532 0.8298
0.0587 0.3038 0.8796
0.0363 0.3924 0.9450
-0.0000 0.5063 1.0000
