-0.0000 -5.2581 0.0000
0.0216 -4.5484 0.0244
0.0332 -4.5484 0.0301
0.0598 -4.0323 0.0508
0.0681 -3.1290 0.0714
0.0864 -2.0968 0.0996
0.1063 -1.1290 0.1147
0.1262 -0.5806 0.1316
0.1445 -0.2903 0.1466
0.1678 0.0000 0.1654
0.1877 1.0000 0.1823
0.2076 2.0323 0.2143
0.2276 2.7097 0.2331
0.2608 3.2258 0.2556
0.2791 3.6129 0.2707
0.3040 4.1935 0.2989
0.3289 4.8065 0.3177
0.3605 5.9032 0.3515
0.3771 6.7097 0.3722
0.4020 7.1613 0.3985
0.4269 7.8387 0.4173
0.4535 8.5161 0.4436
0.4834 9.0968 0.4662
0.5166 10.0000 0.4962
0.5399 10.9677 0.5207
0.5631 11.6129 0.5583
0.5897 12.2581 0.5808
0.6179 12.9355 0.6090
0.6429 13.6774 0.6372
0.6794 14.5806 0.6654
0.7043 15.5484 0.6936
0.7326 16.1935 0.7274
0.7591 16.8065 0.7556
0.7890 17.3548 0.7838
0.8256 18.0968 0.8120
0.8654 19.0000 0.8459
0.8953 19.8387 0.8816
0.9286 20.4194 0.9248
0.9618 21.0323 0.9549
1.0000 21.6452 1.0000
