0.0000 1.0000 0.9589
0.0430 0.9652 0.9652
0.1148 0.9693 0.9968
0.1680 0.8975 1.0000
0.2234 0.9180 0.9905
0.2705 0.8975 0.9747
0.3299 0.8381 0.9968
0.3750 0.8648 0.9494
0.4160 0.8074 0.9684
0.4590 0.8299 0.9367
0.5061 0.7480 0.9494
0.5471 0.7725 0.9146
0.5779 0.7377 0.8829
0.6230 0.7049 0.8861
0.6516 0.6824 0.8291
0.6844 0.6680 0.8354
0.7172 0.6906 0.7722
0.7541 0.6148 0.7911
0.7807 0.6926 0.7310
0.8012 0.6209 0.7120
0.8238 0.6496 0.6930
0.8463 0.6127 0.6519
0.8566 0.6107 0.6804
0.8730 0.6557 0.6108
0.8914 0.5799 0.6582
0.9078 0.6352 0.6013
0.9139 0.5041 0.6392
0.9365 0.5984 0.5665
0.9406 0.5348 0.5665
0.9570 0.5287 0.5759
0.9672 0.4467 0.5411
0.9795 0.4324 0.5285
0.9836 0.3811 0.4937
1.0000 0.2869 0.4652
0.9857 0.3012 0.3829
0.9918 0.2234 0.3196
0.9836 0.1721 0.2595
0.9795 0.0758 0.1962
0.9611 0.0430 0.1044
0.9590 0.0000 0.0000
