-3.2613 0.9530 1.0000
-3.1982 0.9467 0.9468
-3.0991 0.9781 0.9013
-3.0000 0.9843 0.8430
-2.8919 1.0000 0.7848
-2.8739 0.9467 0.7468
-2.7838 0.9436 0.6962
-2.6847 0.9467 0.6532
-2.5586 0.9592 0.5975
-2.4685 0.9216 0.5620
-2.3604 0.8652 0.5165
-2.2432 0.8527 0.4709
-2.1171 0.8276 0.4304
-1.9640 0.8182 0.3873
-1.8559 0.7837 0.3443
-1.7568 0.7524 0.3063
-1.6396 0.7085 0.2684
-1.5586 0.7022 0.2354
-1.4505 0.6583 0.2076
-1.3604 0.6270 0.1823
-1.2072 0.5580 0.1620
-1.1171 0.5329 0.1342
-0.9820 0.5517 0.1063
-0.9009 0.5110 0.0861
-0.7748 0.4451 0.0709
-0.6937 0.4107 0.0582
-0.5856 0.3981 0.0380
-0.4865 0.3605 0.0329
-0.3604 0.3229 0.0203
-0.2342 0.2633 0.0203
-0.1081 0.2226 0.0127
0.0000 0.2132 0.0127
0.1261 0.1724 0.0051
0.2342 0.1442 0.0051
0.3423 0.0972 0.0051
0.4324 0.0815 0.0000
0.5676 0.0846 0.0051
0.6757 0.0533 0.0101
0.8649 0.0188 0.0101
1.0000 -0.0000 0.0152
