0.9574 0.7000 0.0500
1.0000 0.4000 0.0000
0.8936 0.7000 0.2000
0.9362 0.3000 0.1000
0.8085 0.6000 0.2500
0.8511 0.4000 0.1000
0.7660 0.2000 0.2000
0.7872 0.6000 0.1000
0.7021 0.6000 0.2500
0.7021 0.8000 0.2500
0.6383 0.6000 0.2500
0.6170 0.9000 0.2500
0.6383 0.8000 0.3000
0.6170 1.0000 0.2500
0.6170 0.7000 0.4000
0.6170 0.2000 0.1500
0.6383 0.4000 0.3500
0.5745 0.1000 0.2500
0.6170 0.3000 0.4000
0.5532 0.0000 0.2000
0.5745 0.4000 0.4500
0.5745 0.5000 0.3500
0.4468 0.6000 0.4000
0.4681 0.5000 0.3500
0.4255 0.6000 0.5500
0.4681 0.5000 0.4500
0.3830 0.6000 0.6000
0.3830 0.4000 0.5000
0.2979 0.2000 0.6000
0.3191 0.4000 0.6000
0.2766 0.3000 0.6500
0.1915 0.5000 0.7500
0.2340 0.5000 1.0000
0.2766 0.9000 0.7000
0.2128 0.6000 0.9000
0.1702 0.5000 0.7500
0.1702 0.5000 0.9000
0.1277 0.3000 0.7500
0.0851 0.5000 0.8500
0.0000 0.5000 0.8000
