1.0000 0.0000 0.0000
0.9529 0.0496 0.0219
0.8706 0.0922 0.0284
0.8118 0.1348 0.0503
0.7647 0.1489 0.0635
0.7294 0.1915 0.0897
0.6941 0.2057 0.1050
0.6588 0.2837 0.1247
0.6235 0.3191 0.1357
0.5882 0.3830 0.1575
0.5647 0.4184 0.1729
0.5647 0.4468 0.2035
0.5647 0.4894 0.2232
0.5412 0.5177 0.2516
0.5176 0.5461 0.2735
0.4471 0.5816 0.2976
0.3765 0.6170 0.3195
0.3059 0.6667 0.3479
0.2706 0.6950 0.3720
0.2471 0.7234 0.4026
0.2353 0.7447 0.4267
0.2000 0.7872 0.4530
0.1765 0.8440 0.4814
0.2118 0.8794 0.5077
0.1882 0.8582 0.5449
0.2000 0.8227 0.5821
0.1765 0.8582 0.6127
0.1412 0.8582 0.6389
0.0706 0.9645 0.6543
0.0353 0.9362 0.6805
0.0235 0.9433 0.7221
0.0588 0.8652 0.7571
0.0588 0.9149 0.7812
0.0588 0.9078 0.8074
0.0235 1.0000 0.8228
0.0471 0.9645 0.8643
0.0471 0.9291 0.8993
0.0706 0.8440 0.9497
0.0471 0.8369 0.9781
0.0000 0.8652 1.0000
