1.0000 0.0000 0.0000
0.9807 0.0924 0.0122
0.9602 0.1667 0.0284
0.9344 0.2446 0.0456
0.9152 0.3261 0.0598
0.8869 0.4058 0.0851
0.8638 0.4674 0.1125
0.8380 0.5290 0.1388
0.8188 0.6087 0.1591
0.7905 0.6667 0.1884
0.7661 0.7047 0.2219
0.7352 0.7572 0.2523
0.7069 0.8043 0.2756
0.6710 0.8551 0.3080
0.6362 0.8841 0.3455
0.6015 0.8931 0.3860
0.5746 0.9076 0.4184
0.5450 0.9475 0.4448
0.5180 0.9710 0.4752
0.4807 0.9783 0.5096
0.4524 0.9837 0.5410
0.4254 0.9909 0.5714
0.3972 0.9873 0.6028
0.3689 0.9964 0.6332
0.3406 0.9964 0.6596
0.3149 0.9964 0.6849
0.2931 1.0000 0.7082
0.2712 0.9873 0.7335
0.2455 0.9710 0.7619
0.2159 0.9583 0.7893
0.1928 0.9493 0.8116
0.1684 0.9402 0.8359
0.1440 0.9221 0.8652
0.1247 0.8931 0.8845
0.1003 0.8750 0.9078
0.0784 0.8496 0.9281
0.0643 0.8297 0.9473
0.0398 0.8007 0.9676
0.0206 0.7844 0.9828
0.0000 0.7500 1.0000
