-95.3333 0.0513 1.0000
-89.3333 0.0345 0.9929
-86.0000 0.0429 0.9750
-82.6667 0.0314 0.9738
-79.6667 0.0282 0.9584
-74.6667 0.0157 0.9572
-72.3333 0.0126 0.9489
-71.0000 0.0010 0.9489
-67.0000 0.0105 0.9405
-64.0000 -0.0000 0.9322
-59.0000 0.0146 0.9180
-57.3333 0.0105 0.9120
-52.6667 0.0010 0.9180
-50.3333 0.0052 0.9084
-47.6667 -0.0000 0.9073
-44.3333 0.0094 0.9001
-42.3333 0.0021 0.8954
-38.0000 0.0136 0.8870
-35.0000 0.0063 0.8799
-32.3333 0.0146 0.8799
-30.6667 0.0293 0.8704
-27.6667 0.0481 0.8573
-25.0000 0.0502 0.8597
-19.6667 0.0607 0.8502
-17.3333 0.0900 0.8312
-15.0000 0.1004 0.8193
-11.6667 0.1328 0.8038
-9.3333 0.1632 0.7860
-6.3333 0.2113 0.7646
-3.3333 0.2364 0.7455
-0.6667 0.2814 0.7194
1.0000 0.3441 0.6742
0.0000 0.4215 0.6231
-4.6667 0.4686 0.5838
-10.3333 0.5366 0.5315
-19.0000 0.6276 0.4507
-31.3333 0.7186 0.3698
-47.3333 0.8107 0.2663
-71.3333 0.8975 0.1498
-98.6667 1.0000 0.0000
