1.0000 -0.0000 1.0000
0.9626 0.0090 0.9189
0.9626 0.0270 0.9595
0.8505 0.0541 0.8108
0.8598 0.0991 0.7973
0.8037 0.1441 0.6892
0.8131 0.1802 0.7027
0.7664 0.1622 0.6081
0.7383 0.1532 0.5946
0.6729 0.1622 0.5541
0.6449 0.2162 0.5405
0.5981 0.2432 0.4595
0.5888 0.2523 0.4459
0.5607 0.2252 0.3649
0.5234 0.2793 0.3649
0.4953 0.3063 0.3243
0.4299 0.3784 0.3108
0.4019 0.4324 0.2838
0.3832 0.4865 0.2568
0.3738 0.4865 0.2162
0.3364 0.4955 0.2432
0.2897 0.5135 0.1892
0.2617 0.4955 0.1892
0.2430 0.5766 0.1486
0.2243 0.5676 0.1486
0.2150 0.6216 0.1216
0.2243 0.5946 0.1081
0.1682 0.6757 0.0946
0.1682 0.7117 0.0946
0.1121 0.8018 0.0541
0.1402 0.8378 0.0405
0.1121 0.8468 0.0000
0.1028 0.8739 0.0270
0.0374 0.8829 0.0405
0.0467 0.9099 0.0541
0.0280 0.9009 0.0541
0.0374 0.9459 0.0676
0.0187 0.9279 0.0676
0.0280 0.9459 0.0946
-0.0000 1.0000 0.0946
