0.0850 0.0000 0.0030
0.0819 0.0080 0.0013
0.0827 0.0136 0.0007
0.0827 0.0223 0.0000
0.0827 0.0211 0.0040
0.0811 0.0266 0.0034
0.0811 0.0334 0.0017
0.0757 0.0409 0.0020
0.0742 0.0458 0.0027
0.0665 0.0458 0.0067
0.0587 0.0619 0.0077
0.0556 0.0731 0.0097
0.0471 0.0910 0.0111
0.0425 0.1028 0.0164
0.0332 0.1257 0.0184
0.0232 0.1424 0.0231
0.0185 0.1647 0.0278
0.0116 0.1932 0.0339
0.0039 0.2241 0.0396
0.0008 0.2613 0.0486
0.0000 0.2941 0.0627
0.0054 0.3418 0.0738
0.0108 0.3889 0.0908
0.0240 0.4495 0.1079
0.0386 0.5053 0.1338
0.0618 0.5703 0.1619
0.0935 0.6372 0.1995
0.1352 0.7176 0.2414
0.1947 0.7920 0.2927
0.2689 0.8557 0.3557
0.3570 0.9232 0.4237
0.4552 0.9752 0.5005
0.5657 1.0000 0.5860
0.6847 0.9889 0.6758
0.7968 0.9598 0.7630
0.8895 0.8873 0.8441
0.9583 0.7740 0.9138
1.0000 0.6149 0.9682
0.9977 0.4533 0.9977
0.9505 0.2619 1.0000
