0.2308 0.2500 0.3333
0.6154 0.2000 0.5000
0.2308 0.1000 0.5000
0.3846 0.0500 0.5000
0.1538 0.2000 0.6667
0.3846 -0.0000 0.5000
0.0769 0.1000 0.5000
0.3846 0.0500 0.8333
-0.0000 0.1500 0.1667
0.3846 0.1000 0.5000
0.0769 0.2500 0.3333
0.4615 0.3000 0.5000
0.3077 0.4000 0.0000
0.6154 0.4000 0.5000
0.6154 0.5000 0.3333
0.9231 0.4500 0.3333
0.6154 0.5500 0.3333
0.8462 0.5500 0.5000
0.6923 0.6000 0.0000
0.9231 0.5500 0.3333
0.6923 0.7500 0.3333
0.8462 0.6000 0.5000
0.5385 0.6500 0.5000
0.8462 0.6000 0.6667
0.4615 0.5000 0.6667
0.9231 0.5500 0.3333
0.3846 0.6000 0.3333
0.6923 0.5500 0.8333
0.3846 0.5000 0.6667
0.7692 0.4500 0.3333
0.4615 0.6000 0.3333
0.7692 0.6500 0.8333
0.3846 0.7500 1.0000
0.6923 0.6500 0.6667
0.6154 0.8000 0.8333
0.9231 0.8000 0.6667
0.6154 0.8500 0.1667
1.0000 0.9000 0.3333
0.6923 1.0000 0.0000
0.9231 0.9500 0.5000
