1.0000 0.0222 0.0000
0.8636 0.0000 0.0144
0.9242 0.1222 0.0576
0.7727 0.1111 0.0692
0.8788 0.2222 0.0980
0.7727 0.2056 0.1210
0.8485 0.3167 0.1527
0.7424 0.3000 0.1729
0.7879 0.4111 0.2104
0.6818 0.3944 0.2334
0.7727 0.4889 0.2622
0.6515 0.4611 0.2767
0.7576 0.5444 0.3055
0.6515 0.5222 0.3228
0.7273 0.5833 0.3545
0.5606 0.6000 0.3833
0.6970 0.7056 0.4092
0.5455 0.6778 0.4352
0.7121 0.7500 0.4697
0.4848 0.7111 0.4957
0.6364 0.8167 0.5216
0.4545 0.7944 0.5533
0.5606 0.8778 0.5908
0.3939 0.8389 0.6110
0.5000 0.9111 0.6398
0.3333 0.8389 0.6599
0.4545 0.9333 0.6830
0.2879 0.8556 0.7032
0.4091 0.9556 0.7406
0.2576 0.8778 0.7550
0.3939 0.9944 0.7896
0.2121 0.8778 0.8069
0.3485 0.9611 0.8444
0.1212 0.8778 0.8588
0.3182 0.9833 0.8934
0.0758 0.9000 0.9107
0.2273 1.0000 0.9424
-0.0000 0.8833 0.9568
0.2121 0.9611 0.9885
0.0303 0.8944 1.0000
