0.2703 0.7500 0.8750
0.1081 0.8571 1.0000
0.2432 0.5357 0.8571
0.0811 0.8929 0.9702
0.2703 0.6786 0.8214
0.0811 1.0000 0.9345
0.2973 0.3036 0.8095
0.0541 0.8214 0.8988
0.2162 0.2321 0.7798
0.1351 0.9643 0.8393
0.3243 0.3929 0.7381
0.1892 0.9286 0.7976
0.1892 0.2679 0.7321
-0.0000 0.7321 0.7500
0.1622 0.0714 0.7083
0.1622 0.8214 0.6964
0.2703 0.0893 0.6786
0.0811 0.5893 0.6548
0.2162 -0.2321 0.6429
0.2162 0.4286 0.5833
0.3784 -0.3929 0.6012
0.3243 0.2857 0.4881
0.4324 -0.5000 0.5417
0.3243 0.0536 0.4286
0.4595 -0.6607 0.5000
0.3784 0.0000 0.3750
0.4054 -0.7679 0.4464
0.4054 -0.1071 0.2976
0.4865 -0.8393 0.3750
0.4324 -0.2679 0.2321
0.4324 -0.9464 0.3393
0.4324 -0.5000 0.1845
0.5676 -1.0536 0.2798
0.6486 -0.3929 0.1250
0.7027 -0.9107 0.2440
0.7297 -0.5714 0.0833
0.7568 -1.1786 0.2143
0.7838 -0.7679 0.0417
0.9189 -1.0714 0.1607
1.0000 -0.6429 0.0000
