-25.0000 4.0000 0.0000
-18.0000 5.0000 0.1200
-18.0000 4.0000 0.0800
-14.0000 2.5000 0.0800
-15.0000 3.0000 0.0800
-11.0000 3.0000 0.1600
-12.0000 1.0000 0.1200
-7.0000 1.0000 0.2000
-6.0000 -0.0000 0.2000
-0.0000 -0.0000 0.2000
-2.0000 -0.5000 0.2000
3.0000 -0.5000 0.2000
1.0000 1.5000 0.1600
6.0000 -0.5000 0.3600
7.0000 -0.5000 0.1600
9.0000 1.0000 0.2800
10.0000 -3.5000 0.3200
16.0000 -1.5000 0.3200
13.0000 -4.5000 0.3200
20.0000 -4.5000 0.3600
19.0000 -4.5000 0.4400
24.0000 -6.0000 0.4000
24.0000 -7.0000 0.6800
26.0000 -10.0000 0.6000
28.0000 -8.0000 0.6000
32.0000 -9.0000 0.6000
30.0000 -7.5000 0.6400
34.0000 -8.5000 0.6800
35.0000 -8.0000 0.7200
38.0000 -7.5000 0.8000
38.0000 -8.0000 0.8000
41.0000 -7.5000 0.7600
43.0000 -8.0000 0.9200
46.0000 -6.0000 0.8000
50.0000 -8.0000 0.9200
54.0000 -8.5000 1.0000
57.0000 -8.0000 1.0000
63.0000 -10.0000 0.9600
66.0000 -10.0000 0.9600
73.0000 -8.5000 1.0000
