1.0000 1.4286 0.0000
0.9200 1.4286 0.1765
0.9467 1.5714 0.1176
0.8933 1.1429 0.1765
0.9200 1.2857 0.0000
0.8267 1.0000 0.2353
0.8667 -0.0000 0.0000
0.8133 -0.1429 0.1176
0.8267 -0.1429 0.1176
0.7733 -0.8571 0.2941
0.7867 -1.0000 0.1765
0.7067 -0.7143 0.3529
0.7067 -1.2857 0.2941
0.6533 -0.8571 0.4118
0.6667 -0.7143 0.3529
0.5733 -0.7143 0.4706
0.6000 -0.7143 0.3529
0.5200 -0.8571 0.5294
0.5467 -0.5714 0.4118
0.4667 -1.0000 0.5294
0.5200 -1.0000 0.4706
0.4400 -1.2857 0.4706
0.4667 -1.7143 0.5882
0.3867 -1.7143 0.5882
0.4000 -1.4286 0.6471
0.3600 -1.5714 0.6471
0.3733 -2.1429 0.7647
0.3200 -2.2857 0.7647
0.3600 -3.1429 0.7059
0.2933 -3.2857 0.7647
0.3333 -3.5714 0.7059
0.2667 -4.1429 0.9412
0.2933 -3.7143 1.0000
0.2267 -4.2857 0.9412
0.2133 -4.2857 0.6471
0.1067 -4.2857 0.7059
0.1333 -4.1429 0.6471
0.0533 -4.2857 0.7059
0.0933 -4.2857 0.6471
0.0000 -3.5714 0.7059
