-0.0000 -5.5000 0.0000
-0.0000 -2.0000 0.0312
0.0678 -6.0000 0.0547
0.0847 -3.5000 0.0703
0.1356 -3.5000 0.0938
0.1695 -1.5000 0.1406
0.1525 -3.5000 0.1719
0.1695 -4.0000 0.1953
0.2373 -3.5000 0.2344
0.2712 0.0000 0.2422
0.3220 -1.5000 0.2734
0.3051 2.5000 0.3047
0.4237 2.5000 0.3359
0.4068 3.5000 0.3594
0.4407 1.0000 0.3984
0.4407 3.0000 0.4375
0.5593 7.5000 0.4531
0.5424 8.5000 0.4922
0.5424 9.5000 0.5391
0.5593 12.0000 0.5781
0.6102 10.5000 0.6328
0.5424 11.5000 0.6719
0.6102 12.0000 0.7031
0.6102 13.0000 0.7422
0.6610 11.5000 0.7500
0.6441 15.0000 0.7891
0.6949 17.5000 0.8047
0.7119 16.0000 0.8359
0.6949 14.0000 0.8359
0.6441 17.0000 0.8750
0.7458 15.0000 0.8750
0.7797 14.0000 0.8750
0.8305 16.0000 0.9219
0.7119 21.5000 0.9219
0.8475 20.5000 0.9297
0.8305 20.0000 0.9609
0.8814 22.0000 0.9688
0.9153 21.5000 0.9844
0.9661 19.0000 0.9766
1.0000 20.5000 1.0000
