0.9681 0.9706 0.4667
0.9574 1.0000 0.2000
0.9574 0.9412 0.8000
1.0000 0.8824 0.2000
0.9574 0.8529 0.6000
0.9574 0.8529 0.2667
0.9574 0.7941 0.6667
0.9468 0.9118 0.2000
0.9468 0.8529 0.6667
0.9468 0.8824 0.3333
0.9149 0.7941 0.6000
0.9255 0.8824 0.4667
0.9255 0.7647 0.6667
0.9043 0.7647 0.5333
0.8936 0.5882 0.6000
0.8723 0.5294 0.5333
0.8723 0.3529 0.9333
0.8511 0.4706 0.6000
0.8404 0.4118 1.0000
0.8404 0.4118 0.7333
0.8085 0.3824 1.0000
0.8085 0.4412 0.6000
0.7766 0.3824 0.7333
0.7553 0.3824 0.4000
0.7128 0.3235 0.6000
0.6809 0.2941 0.3333
0.6702 0.2353 0.5333
0.6489 0.3235 0.4667
0.5957 0.3235 0.4000
0.5745 0.3824 0.2000
0.5319 0.2647 0.2667
0.4787 0.2353 0.2000
0.4255 0.1471 0.3333
0.3723 0.0588 0.2000
0.3085 -0.0000 0.4000
0.2766 0.0294 0.1333
0.2128 0.0588 0.4667
0.1383 0.0588 0.0667
0.0745 0.0588 0.2667
0.0000 0.0294 0.0000
