0.1000 28.4286 1.0000
0.4000 27.2857 0.9589
0.2000 25.1429 0.9726
0.2000 24.4286 0.8767
0.3000 23.2857 0.8219
0.9000 21.7143 0.7808
0.6000 20.7143 0.7260
0.7000 18.7143 0.7260
0.8000 16.8571 0.6575
1.0000 14.8571 0.6301
0.9000 13.4286 0.5616
0.9000 11.8571 0.5342
0.7000 10.1429 0.4932
0.9000 8.5714 0.4795
0.7000 7.0000 0.4384
0.6000 5.4286 0.4658
0.4000 4.0000 0.4384
0.1000 2.4286 0.4247
0.2000 1.5714 0.4110
0.3000 1.0000 0.4110
-0.0000 0.0000 0.3836
0.3000 -0.7143 0.3699
0.1000 -1.1429 0.3699
0.3000 -1.7143 0.3699
0.1000 -2.0000 0.3288
0.2000 -2.7143 0.3151
0.1000 -3.2857 0.2329
0.2000 -3.8571 0.2603
0.2000 -3.7143 0.1918
0.1000 -4.2857 0.1781
0.2000 -4.0000 0.1507
0.2000 -4.5714 0.1370
0.3000 -4.1429 0.0959
0.2000 -4.5714 0.1096
0.4000 -4.0000 0.0959
0.5000 -4.2857 0.0822
0.6000 -4.0000 0.0411
0.5000 -4.1429 0.0411
0.7000 -4.2857 0.0137
0.7000 -4.0000 0.0000
