0.0000 1.0000 1.0000
0.1019 0.9675 0.9824
0.2184 0.9375 0.9568
0.3204 0.8850 0.9554
0.4272 0.8775 0.9311
0.4903 0.8675 0.9216
0.5680 0.9025 0.8973
0.6311 0.7700 0.9000
0.7087 0.7875 0.8797
0.7621 0.7750 0.8568
0.8204 0.7850 0.8473
0.8641 0.7400 0.8324
0.8835 0.7475 0.8351
0.9126 0.7275 0.8176
0.9417 0.6900 0.8216
0.9903 0.7400 0.7932
0.9806 0.7275 0.7919
1.0000 0.7500 0.7838
0.9806 0.6025 0.7905
0.9757 0.6550 0.7784
0.9320 0.5800 0.7676
0.9369 0.5825 0.7527
0.9320 0.4950 0.7284
0.8689 0.4700 0.7203
0.8544 0.4525 0.6784
0.8107 0.3000 0.6689
0.8058 0.3200 0.6176
0.7621 0.2075 0.5851
0.7427 0.2425 0.5378
0.7087 0.0775 0.4878
0.6796 0.0675 0.4459
0.6165 0.0350 0.3797
0.5728 0.0325 0.3446
0.5388 0.0400 0.2797
0.4417 0.0000 0.2473
0.3981 0.0700 0.1770
0.3204 0.0075 0.1378
0.2524 0.0800 0.0851
0.1650 0.0275 0.0459
0.0874 0.1225 0.0000
