1.0000 0.9639 1.0000
0.9065 1.0000 0.9863
0.8849 0.9277 0.9519
0.7914 0.9880 0.9381
0.7770 0.9699 0.9141
0.6691 1.0000 0.9107
0.6691 0.9096 0.8797
0.5827 0.9458 0.8660
0.5755 0.9578 0.8522
0.4964 0.9940 0.8282
0.5180 0.9940 0.8247
0.4532 0.9458 0.8110
0.4676 0.9337 0.8110
0.4245 0.9036 0.7526
0.4173 0.9578 0.7526
0.3669 0.8133 0.7113
0.3381 0.8494 0.7491
0.3237 0.7048 0.6770
0.2590 0.8313 0.7251
0.2446 0.7590 0.6220
0.2086 0.8133 0.6976
0.1799 0.5482 0.5808
0.1439 0.6747 0.6838
0.1655 0.5181 0.5120
0.1007 0.6386 0.6220
0.0647 0.4639 0.4708
0.0504 0.6024 0.5808
0.0504 0.4096 0.4089
0.0360 0.4940 0.5189
0.0144 0.3253 0.3471
0.0288 0.3976 0.4330
0.0144 0.2711 0.2818
0.0072 0.3072 0.3574
0.0072 0.2410 0.2337
0.0216 0.1988 0.2646
0.0000 0.1988 0.1718
0.0360 0.1566 0.1753
0.0432 0.1205 0.0962
0.0647 0.0000 0.0722
0.0576 0.0723 0.0000
