0.0000 0.9726 0.0000
0.0146 0.9897 0.0287
0.0244 0.9692 0.0645
0.0488 0.9795 0.0789
0.0439 1.0000 0.1183
0.0667 0.9897 0.1398
0.0764 1.0000 0.1720
0.0976 0.9966 0.2043
0.1057 0.9863 0.2330
0.1285 0.9897 0.2688
0.1431 0.9726 0.2939
0.1642 0.9897 0.3226
0.1821 0.9897 0.3477
0.2098 0.9863 0.3871
0.2244 0.9795 0.4194
0.2455 0.9863 0.4480
0.2634 0.9692 0.4803
0.2911 0.9623 0.5197
0.3089 0.9692 0.5412
0.3366 0.9452 0.5806
0.3577 0.9212 0.6201
0.3854 0.8767 0.6523
0.4098 0.8699 0.6810
0.4439 0.8630 0.7204
0.4667 0.8288 0.7455
0.5041 0.7945 0.7778
0.5252 0.7808 0.8136
0.5610 0.7329 0.8423
0.5821 0.6884 0.8638
0.6260 0.6267 0.8996
0.6537 0.5822 0.9247
0.7008 0.5274 0.9498
0.7317 0.4829 0.9534
0.7707 0.4247 0.9785
0.8016 0.3562 0.9785
0.8455 0.2774 0.9821
0.8780 0.2055 0.9857
0.9236 0.1233 1.0000
0.9626 0.0616 0.9749
1.0000 0.0000 0.9713
