0.9868 -9.0000 0.1667
1.0000 9.0000 0.0000
0.9342 -4.0000 0.2500
0.9605 12.0000 0.0833
0.8947 0.0000 0.3125
0.8947 10.0000 0.1250
0.8026 -3.0000 0.3542
0.7895 10.0000 0.1771
0.7500 -5.0000 0.3854
0.7237 14.0000 0.2083
0.6579 3.0000 0.4375
0.6842 17.0000 0.2500
0.6184 2.0000 0.5000
0.6184 17.0000 0.3125
0.5132 1.0000 0.5729
0.5000 16.0000 0.3750
0.4079 3.0000 0.6458
0.4605 21.0000 0.4062
0.3816 4.0000 0.6458
0.3816 21.0000 0.4271
0.3289 7.0000 0.6875
0.3289 22.0000 0.4479
0.1974 2.0000 0.7396
0.1711 27.0000 0.5000
0.1711 9.0000 0.7292
0.1974 33.0000 0.5312
0.1184 16.0000 0.7604
0.1711 36.0000 0.5729
0.1316 21.0000 0.8021
0.1711 42.0000 0.6458
0.0921 27.0000 0.8958
0.0921 50.0000 0.6979
0.0395 30.0000 0.9375
0.0263 53.0000 0.7292
0.0395 33.0000 0.9583
-0.0000 55.0000 0.7812
0.0395 34.0000 0.9896
0.0132 55.0000 0.8438
0.0263 35.0000 1.0000
0.0263 60.0000 0.8750
