0.0000 -0.0000 0.0097
0.0163 0.0577 0.0000
0.0870 0.1731 0.0485
0.0978 0.0962 0.0291
0.1576 0.0385 0.0874
0.1630 0.0962 0.0874
0.2446 0.1154 0.0971
0.2554 0.1154 0.1165
0.2989 0.0577 0.1553
0.3207 0.0769 0.1553
0.3478 0.1731 0.2233
0.3587 0.2308 0.1942
0.4076 0.2115 0.2621
0.4348 0.2308 0.2330
0.4511 0.2115 0.3107
0.4620 0.2308 0.2718
0.5109 0.2885 0.3301
0.5109 0.3077 0.3301
0.5652 0.3654 0.3786
0.5543 0.3846 0.3689
0.6141 0.4615 0.4272
0.6413 0.4808 0.4466
0.6793 0.4231 0.5146
0.6685 0.4038 0.5243
0.7011 0.5192 0.5825
0.7065 0.4808 0.5728
0.7554 0.5385 0.6408
0.7554 0.5577 0.6602
0.7609 0.6154 0.6990
0.7717 0.6731 0.6990
0.8261 0.8077 0.7573
0.8261 0.6923 0.7573
0.8587 0.7692 0.8155
0.8424 0.8846 0.8155
0.8696 0.8462 0.8544
0.8913 0.8077 0.8835
0.9130 0.7500 0.9417
0.9185 0.7692 0.9417
0.9674 0.9423 0.9903
1.0000 1.0000 1.0000
