0.3377 -0.1611 0.5637
0.4068 -0.2195 0.5126
0.4915 -0.2649 0.4556
0.5769 -0.2914 0.3948
0.6638 -0.3044 0.3319
0.7492 -0.2926 0.2674
0.8323 -0.2590 0.2027
0.9076 -0.2041 0.1401
0.9682 -0.1156 0.0849
0.9969 0.0000 0.0419
1.0000 0.1339 0.0137
0.9790 0.2844 0.0011
0.9379 0.4395 0.0000
0.8727 0.5971 0.0154
0.7857 0.7451 0.0497
0.6863 0.8767 0.0988
0.5916 0.9935 0.1555
0.4876 1.0885 0.2211
0.3952 1.1617 0.2881
0.3051 1.2100 0.3590
0.2298 1.2413 0.4285
0.1669 1.2549 0.4955
0.1180 1.2519 0.5583
0.0745 1.2295 0.6186
0.0427 1.2012 0.6725
0.0179 1.1670 0.7214
0.0047 1.1280 0.7649
-0.0000 1.0885 0.8032
-0.0000 1.0442 0.8372
0.0008 1.0000 0.8674
0.0054 0.9493 0.8931
0.0109 0.9068 0.9168
0.0256 0.8661 0.9350
0.0357 0.8230 0.9511
0.0481 0.7805 0.9648
0.0551 0.7381 0.9757
0.0683 0.6956 0.9841
0.0831 0.6678 0.9913
0.0970 0.6313 0.9955
0.1102 0.5959 1.0000
