-0.0000 1.0000 0.0000
0.1590 0.9345 0.0000
0.2580 0.8277 0.0471
0.3781 0.7573 0.1059
0.4700 0.6942 0.1529
0.5689 0.6626 0.2353
0.6360 0.5922 0.3176
0.7102 0.5437 0.4000
0.7562 0.4903 0.5294
0.8233 0.4345 0.6353
0.8587 0.4490 0.6471
0.9011 0.4126 0.7294
0.9293 0.3883 0.8353
0.9611 0.3058 0.9412
0.9470 0.3932 0.8588
0.9576 0.3277 0.9647
0.9647 0.3155 0.9882
0.9788 0.2767 1.0000
0.9682 0.3398 0.9176
0.9965 0.2621 1.0000
0.9894 0.2840 0.9765
1.0000 0.2670 0.9529
0.9788 0.3034 0.8824
0.9823 0.2427 0.9176
0.9753 0.2330 0.8588
0.9929 0.2743 0.7882
0.9576 0.2524 0.8353
0.9859 0.2451 0.7765
0.9470 0.2063 0.7647
0.9541 0.2403 0.7412
0.9293 0.1456 0.7647
0.9364 0.1820 0.7529
0.9329 0.1432 0.7647
0.9258 0.1311 0.7765
0.9505 0.0922 0.8235
0.9435 0.0218 0.9059
0.9293 0.0655 0.8471
0.9329 0.0316 0.9294
0.9364 0.0510 0.9176
0.9329 -0.0000 1.0000
