1.0000 -0.0000 1.0000
0.9821 0.0246 0.9888
0.9609 0.0561 0.9551
0.9430 0.0947 0.9326
0.9218 0.1123 0.9101
0.9039 0.1474 0.9101
0.8795 0.1754 0.8652
0.8567 0.2140 0.8652
0.8290 0.2386 0.8315
0.8062 0.2667 0.8427
0.7850 0.2912 0.7865
0.7606 0.3228 0.7978
0.7313 0.3333 0.7528
0.7101 0.3509 0.7640
0.6857 0.3684 0.7079
0.6596 0.4000 0.7191
0.6319 0.4281 0.6404
0.6059 0.4667 0.6404
0.5749 0.4947 0.5843
0.5472 0.5404 0.5730
0.5147 0.5825 0.4944
0.4853 0.6175 0.5169
0.4528 0.6351 0.4944
0.4169 0.6561 0.4607
0.3909 0.6596 0.4157
0.3599 0.6702 0.4270
0.3257 0.6842 0.3933
0.2997 0.7123 0.3820
0.2655 0.7263 0.3371
0.2313 0.7579 0.3258
0.1954 0.7860 0.2697
0.1645 0.8351 0.2360
0.1287 0.8596 0.1685
0.0993 0.9088 0.1461
0.0619 0.9158 0.0674
0.0358 0.9404 0.0787
-0.0000 0.9474 0.0112
-0.0309 0.9719 0.0674
-0.0651 0.9754 0.0000
-0.0961 1.0000 0.0225
