0.7778 0.2727 0.0000
0.8889 0.2727 0.0000
0.8148 0.4545 0.0278
1.0000 0.3636 0.0000
0.7407 0.4545 0.0833
0.9630 0.3636 0.0000
0.7407 0.4091 0.0278
0.9259 0.3636 0.0278
0.6296 0.3182 0.0556
0.8519 0.1818 0.0833
0.7037 0.0909 0.0833
0.9259 0.0455 0.0833
0.6667 0.0455 0.1667
0.8148 0.0000 0.1111
0.6296 0.0909 0.1667
0.7778 0.0000 0.1389
0.5556 0.1364 0.2222
0.7037 0.1364 0.1944
0.5556 0.3182 0.2778
0.6667 0.2727 0.2222
0.5185 0.2727 0.3056
0.7778 0.2727 0.2500
0.5185 0.5455 0.3333
0.6667 0.5909 0.3611
0.4815 0.6818 0.4444
0.5926 0.5909 0.4444
0.3704 0.7273 0.4722
0.5556 0.8636 0.5000
0.2963 0.9091 0.5833
0.4815 0.8182 0.5833
0.2222 0.7727 0.6111
0.4074 0.7273 0.6389
0.1481 0.5909 0.7222
0.3333 0.5909 0.7500
0.1111 0.7273 0.7778
0.2963 0.5909 0.7778
0.0370 0.6364 0.8889
0.1852 0.7273 0.8611
0.0000 0.9545 0.9444
0.1481 1.0000 1.0000
