1.0000 0.2667 0.6250
0.9375 0.2000 0.6250
0.9844 0.2000 0.5000
0.9375 0.1333 0.5000
0.9531 0.2000 0.0000
0.8906 0.2000 0.3750
0.9062 0.3333 0.3750
0.8750 0.3333 0.2500
0.9219 0.4667 0.2500
0.8438 0.5333 0.1250
0.8906 0.5333 0.3750
0.8438 0.4000 0.5000
0.8438 0.2000 0.6250
0.8281 0.0667 0.6250
0.7812 0.0667 0.5000
0.7344 -0.0000 0.5000
0.7188 0.0667 0.6250
0.6875 0.2000 0.5000
0.6875 0.1333 0.2500
0.6406 -0.0000 0.3750
0.6562 0.2000 0.6250
0.6094 0.2000 0.6250
0.5938 0.2000 0.7500
0.5625 0.4667 0.5000
0.5625 0.2667 0.6250
0.5000 0.4000 0.5000
0.5156 0.4667 0.3750
0.4688 0.6000 0.5000
0.4688 0.2667 0.5000
0.3906 0.2667 0.7500
0.4062 0.0667 1.0000
0.2969 0.1333 0.7500
0.3281 0.5333 0.6250
0.2500 0.5333 0.7500
0.2188 0.6667 0.3750
0.1406 0.8667 0.2500
0.1250 0.9333 0.5000
0.0625 0.8000 0.3750
0.0625 1.0000 0.3750
0.0000 0.9333 0.7500
