-86.0000 0.8750 0.1818
-81.0000 0.8750 0.0455
-81.0000 0.9062 0.0909
-75.0000 0.9375 0.0000
-74.0000 0.9062 0.0909
-70.0000 1.0000 0.0000
-69.0000 0.9688 0.1364
-63.0000 0.9062 0.0455
-59.0000 0.9219 0.1364
-56.0000 0.8594 0.1818
-54.0000 0.7812 0.2273
-50.0000 0.6719 0.1818
-48.0000 0.5625 0.5909
-46.0000 0.4844 0.3182
-41.0000 0.4062 0.4091
-36.0000 0.3906 0.5000
-32.0000 0.3125 0.5909
-29.0000 0.3438 0.4545
-27.0000 0.2969 0.5455
-22.0000 0.2812 0.4545
-20.0000 0.2344 0.5000
-15.0000 0.3125 0.5000
-15.0000 0.3125 0.6364
-10.0000 0.2500 0.5909
-10.0000 0.1719 0.6818
-6.0000 0.1094 0.5909
-8.0000 0.0469 0.8182
-2.0000 0.0312 0.7273
-4.0000 0.0469 0.8182
-2.0000 0.0625 0.6364
-4.0000 -0.0000 0.9091
-0.0000 0.0625 0.7727
-3.0000 0.0625 0.9091
-0.0000 0.0625 0.7273
-0.0000 0.0312 0.8636
1.0000 0.0469 0.6818
4.0000 0.0781 1.0000
9.0000 0.1562 0.7273
8.0000 0.1250 0.9091
11.0000 0.1250 0.8182
