-0.5355 -0.0000 1.0000
-0.4129 0.0263 0.9924
-0.3290 0.0526 0.9659
-0.2129 0.0714 0.9432
-0.1226 0.0902 0.9167
0.0000 0.1241 0.8864
0.0968 0.1391 0.8598
0.2194 0.1504 0.8523
0.3226 0.1767 0.8295
0.4323 0.1729 0.8220
0.5419 0.1880 0.7992
0.6516 0.1955 0.7841
0.7742 0.2218 0.7538
0.8903 0.2368 0.7424
1.0000 0.2444 0.7159
1.1161 0.2669 0.7008
1.2323 0.2970 0.6667
1.3548 0.3308 0.6439
1.4774 0.3496 0.5985
1.6065 0.3722 0.5833
1.7355 0.4211 0.5379
1.8839 0.4361 0.5189
2.0129 0.4850 0.5114
2.1742 0.4887 0.4773
2.2968 0.5301 0.4583
2.4323 0.5338 0.4167
2.5677 0.5639 0.3939
2.7226 0.5789 0.3712
2.8645 0.6128 0.3371
3.0194 0.6579 0.3182
3.1548 0.6917 0.2841
3.3097 0.7068 0.2689
3.4323 0.7406 0.2424
3.6000 0.7594 0.2159
3.7226 0.8045 0.1742
3.8839 0.8459 0.1326
4.0387 0.8835 0.0909
4.2129 0.9286 0.0530
4.3613 0.9850 0.0114
4.5355 1.0000 0.0000
