1.0000 0.0000 1.0000
0.9719 0.0435 0.9231
0.9518 0.1304 0.9385
0.9237 0.1159 0.8923
0.9157 0.1304 0.9077
0.8876 0.1594 0.8308
0.8755 0.1304 0.8308
0.8594 0.2029 0.8154
0.8514 0.1304 0.8154
0.8273 0.1449 0.7538
0.8193 0.1159 0.7538
0.7952 0.1884 0.6923
0.7791 0.2174 0.6462
0.7510 0.2029 0.5692
0.7349 0.2319 0.5692
0.7028 0.2899 0.5077
0.6908 0.2754 0.5231
0.6506 0.3478 0.4308
0.6345 0.3188 0.4308
0.5984 0.3333 0.4154
0.5783 0.3188 0.4000
0.5462 0.3623 0.3538
0.5341 0.3623 0.3385
0.4980 0.4058 0.2769
0.4940 0.4203 0.2308
0.4578 0.4638 0.1538
0.4378 0.5217 0.1538
0.3896 0.5942 0.1077
0.3695 0.6087 0.1385
0.3293 0.6522 0.0769
0.3012 0.6812 0.0923
0.2610 0.7101 0.0923
0.2369 0.6377 0.1692
0.2169 0.6667 0.1077
0.1888 0.6667 0.1077
0.1446 0.7101 0.0308
0.1165 0.8261 0.0615
0.0683 0.8841 0.0462
0.0402 0.9130 0.0769
0.0000 1.0000 0.0000
