0.7714 0.9893 0.0000
0.8857 1.0000 0.0381
0.7429 0.9822 0.0698
0.8857 0.9858 0.1142
0.7143 0.9751 0.1353
0.8857 0.9431 0.1755
0.7714 0.9324 0.2030
1.0000 0.9039 0.2431
0.8000 0.9075 0.2643
1.0000 0.8861 0.3044
0.7429 0.8861 0.3192
1.0000 0.8541 0.3552
0.7429 0.8399 0.3805
0.8857 0.8149 0.4271
0.7429 0.8043 0.4419
0.8286 0.7829 0.4757
0.7429 0.7367 0.4989
0.8571 0.7153 0.5307
0.6571 0.6797 0.5539
0.8000 0.6726 0.5899
0.6000 0.6406 0.6110
0.6571 0.6335 0.6321
0.5143 0.5943 0.6533
0.6286 0.5587 0.6850
0.4286 0.5267 0.7104
0.5714 0.5018 0.7378
0.4000 0.4804 0.7421
0.4000 0.4626 0.7653
0.2571 0.4128 0.7865
0.4000 0.3665 0.8118
0.2571 0.3523 0.8245
0.4000 0.3060 0.8457
0.2000 0.2847 0.8668
0.4286 0.2420 0.8837
0.0857 0.2242 0.8985
0.2000 0.1601 0.9281
0.0000 0.1352 0.9387
0.0857 0.0534 0.9767
0.0000 0.0356 0.9789
0.0857 0.0000 1.0000
