1.0000 0.0000 1.0000
0.9792 0.0352 0.9091
0.9583 0.0804 0.8182
0.9306 0.0854 0.8409
0.8958 0.1055 0.9091
0.8958 0.1055 0.7500
0.8889 0.1457 0.6818
0.8264 0.1910 0.6818
0.8125 0.2211 0.7045
0.7639 0.2312 0.6818
0.7500 0.2563 0.5909
0.7014 0.3015 0.5682
0.6944 0.3116 0.5909
0.6736 0.3116 0.5682
0.6528 0.3618 0.5909
0.6111 0.4171 0.5455
0.6111 0.4271 0.5455
0.5972 0.4372 0.5227
0.5764 0.4774 0.5455
0.5556 0.5075 0.5455
0.5625 0.5226 0.5000
0.5625 0.5528 0.3864
0.5486 0.5779 0.3636
0.5278 0.5829 0.3864
0.5556 0.5879 0.4091
0.4861 0.6432 0.3636
0.4514 0.6683 0.3636
0.4236 0.6884 0.3182
0.4306 0.7186 0.3182
0.3681 0.7688 0.2500
0.3542 0.7889 0.2727
0.3194 0.7990 0.2500
0.2917 0.8241 0.2955
0.2292 0.8744 0.2500
0.2292 0.8794 0.2273
0.1806 0.9246 0.1818
0.1181 0.9799 0.1136
0.0833 1.0000 0.0000
0.0694 0.9950 0.0682
0.0000 0.9950 0.1818
