10.0000 0.0230 1.0000
9.4286 0.0345 0.9907
8.4286 0.0000 0.9074
8.2857 0.1034 0.8981
7.1429 0.1149 0.8426
7.1429 0.1839 0.8796
6.0000 0.1609 0.8056
5.8571 0.2299 0.7685
4.8571 0.3103 0.7037
4.2857 0.2874 0.7222
3.7143 0.3218 0.6667
3.0000 0.2644 0.6759
2.2857 0.3103 0.5926
2.0000 0.4253 0.5833
1.2857 0.5057 0.5278
1.0000 0.4943 0.5556
-0.0000 0.4828 0.5370
-0.0000 0.4598 0.5185
-1.4286 0.5057 0.4444
-1.7143 0.5862 0.4259
-2.5714 0.6437 0.3796
-3.2857 0.6782 0.4074
-3.8571 0.6092 0.3796
-4.2857 0.5977 0.3704
-5.2857 0.7126 0.2963
-5.5714 0.6897 0.3056
-6.7143 0.7356 0.2593
-6.8571 0.6897 0.2593
-8.1429 0.7011 0.2130
-8.8571 0.7471 0.1852
-9.5714 0.8736 0.1296
-10.2857 0.8966 0.1389
-11.1429 0.8276 0.1759
-12.2857 0.8161 0.1481
-13.0000 0.8276 0.0741
-13.7143 0.8966 0.0833
-15.2857 0.9080 0.0463
-16.1429 0.9540 0.0463
-17.2857 1.0000 0.0000
-18.4286 0.9540 0.0185
