1.0000 0.0417 0.0000
0.9710 0.2222 0.0186
0.9464 0.3056 0.0466
0.9129 0.3750 0.0559
0.8884 0.5000 0.0963
0.8571 0.5139 0.1118
0.8304 0.5833 0.1522
0.7991 0.7083 0.1801
0.7679 0.6944 0.2236
0.7344 0.7917 0.2422
0.7098 0.8194 0.2764
0.6696 0.8056 0.3012
0.6473 0.8611 0.3416
0.6094 0.8472 0.3602
0.5781 0.8472 0.4006
0.5446 0.8472 0.4224
0.5179 0.8889 0.4658
0.4866 0.9583 0.4814
0.4643 1.0000 0.5124
0.4353 0.9583 0.5342
0.4085 1.0000 0.5714
0.3817 0.9306 0.5776
0.3594 0.8889 0.6242
0.3304 0.8889 0.6366
0.3080 0.8611 0.6832
0.2835 0.7500 0.6957
0.2589 0.7639 0.7329
0.2321 0.6667 0.7453
0.2098 0.6667 0.7764
0.1853 0.6111 0.7826
0.1652 0.5139 0.8199
0.1406 0.5139 0.8292
0.1228 0.4306 0.8882
0.1049 0.3750 0.8820
0.0826 0.4028 0.9193
0.0603 0.3056 0.9193
0.0469 0.3056 0.9503
0.0268 0.1944 0.9565
0.0089 0.0833 0.9938
0.0000 -0.0000 1.0000
