1.0000 0.0000 0.0000
0.9324 0.0897 0.1190
0.8649 0.0769 0.0714
0.8108 0.2308 0.1429
0.7568 0.2179 0.1429
0.7297 0.3462 0.2381
0.7297 0.3077 0.2381
0.6757 0.3718 0.2857
0.6216 0.3333 0.2619
0.5811 0.3846 0.3095
0.5135 0.3846 0.2857
0.4730 0.3846 0.3810
0.4459 0.3077 0.4524
0.4324 0.3974 0.4048
0.3919 0.4231 0.4286
0.3243 0.5128 0.4048
0.2703 0.4744 0.4048
0.2027 0.5769 0.4762
0.2297 0.6282 0.4524
0.1486 0.6667 0.5476
0.1486 0.7051 0.5714
0.0541 0.7564 0.5952
0.0676 0.7436 0.5714
0.0000 0.7179 0.6429
0.0000 0.7308 0.6429
-0.0405 0.6923 0.7619
-0.0541 0.8333 0.7381
-0.0946 0.8718 0.7857
-0.0811 0.8718 0.7619
-0.2027 0.8718 0.8333
-0.1892 0.8462 0.8333
-0.2568 1.0000 0.8810
-0.2432 0.9872 0.8810
-0.3243 0.9872 0.9762
-0.3378 0.9744 0.9286
-0.4189 0.8846 0.9762
-0.4054 0.8974 0.9762
-0.5135 0.8462 0.9762
-0.4730 0.8718 0.9762
-0.5811 0.9744 1.0000
