0.1649 -0.0000 1.0000
0.1649 0.0366 0.9923
0.1959 0.0634 0.9897
0.1443 0.1073 0.9752
0.1443 0.1366 0.9760
0.1031 0.1756 0.9615
0.1546 0.2122 0.9564
0.0515 0.2780 0.9401
0.0928 0.3146 0.9299
0.0412 0.3732 0.9136
0.0928 0.4049 0.9033
-0.0000 0.4634 0.8896
0.0309 0.5000 0.8777
0.0412 0.5341 0.8520
0.1237 0.6195 0.8238
0.1031 0.6707 0.8015
0.1856 0.7000 0.7827
0.2680 0.7366 0.7571
0.3196 0.7561 0.7348
0.3196 0.7902 0.7049
0.3711 0.8634 0.6707
0.4639 0.9146 0.6305
0.5258 0.9195 0.6014
0.5773 0.9268 0.5697
0.5979 0.9366 0.5364
0.6598 0.9707 0.4996
0.7113 0.9659 0.4628
0.7216 0.9878 0.4192
0.8144 0.9976 0.3772
0.8660 1.0000 0.3370
0.9175 0.9780 0.3028
0.9485 0.9366 0.2660
0.9897 0.9268 0.2275
1.0000 0.9122 0.1848
0.9794 0.9024 0.1471
0.9794 0.8341 0.1163
0.9588 0.8171 0.0796
0.8969 0.7366 0.0547
0.8041 0.6976 0.0265
0.6701 0.6488 0.0000
