1.0000 0.0000 0.0227
0.9600 0.0438 0.0000
0.9600 0.0511 0.0455
0.9200 0.0803 0.0227
0.9200 0.0876 0.0682
0.8800 0.0949 0.0227
0.9200 0.1095 0.1136
0.8400 0.1533 0.0909
0.8000 0.1752 0.2500
0.7600 0.2117 0.1591
0.8400 0.2117 0.2045
0.8000 0.2190 0.1591
0.8000 0.2336 0.2273
0.8000 0.2701 0.1591
0.8000 0.2847 0.2727
0.7600 0.3066 0.1591
0.7200 0.3285 0.2273
0.7200 0.3431 0.1591
0.7600 0.3723 0.2727
0.7200 0.4161 0.1818
0.7600 0.4453 0.3182
0.6400 0.4745 0.2955
0.6400 0.4818 0.4318
0.6800 0.5474 0.3864
0.6000 0.5547 0.5000
0.4400 0.6058 0.4773
0.4800 0.6204 0.5909
0.4000 0.6496 0.5682
0.4000 0.6642 0.7273
0.2800 0.7080 0.6818
0.2400 0.7372 0.8182
0.1600 0.7810 0.8182
0.2000 0.7956 0.9091
0.1600 0.8248 0.8636
0.1600 0.8540 0.9318
0.0800 0.9051 0.8864
0.1600 0.9051 0.9545
0.1600 0.9343 0.9773
0.1200 0.9489 1.0000
0.0000 1.0000 0.9545
