0.1071 1.0000 1.0000
0.0000 1.0000 0.9615
0.1429 0.9643 0.9103
0.0357 0.8929 0.8846
0.1429 0.7857 0.8718
0.1786 0.7738 0.8333
0.3571 0.7143 0.8077
0.2143 0.6786 0.7821
0.3929 0.6310 0.7179
0.3929 0.5952 0.6667
0.4643 0.5476 0.6410
0.3571 0.5714 0.6154
0.4286 0.5357 0.5897
0.3929 0.5119 0.5385
0.5000 0.4286 0.5513
0.5357 0.3452 0.5000
0.6429 0.3452 0.4744
0.6429 0.3452 0.4231
0.7143 0.2976 0.4487
0.7143 0.2500 0.3718
0.7857 0.2619 0.3462
0.8214 0.2500 0.2692
0.8929 0.2500 0.3333
1.0000 0.2738 0.1923
0.8571 0.2381 0.2179
0.8571 0.2738 0.1538
0.8214 0.2738 0.1667
0.8214 0.2024 0.1026
0.8571 0.2024 0.1410
0.8571 0.1548 0.0769
0.8929 0.1786 0.1154
0.8571 0.1548 0.0641
0.9286 0.1429 0.1154
0.7857 0.1190 0.0769
0.8929 0.1190 0.1026
0.7857 0.0476 0.0641
0.8929 0.0595 0.0641
0.8929 0.0119 0.0128
0.9643 0.0119 0.0256
0.8571 0.0000 0.0000
