1.0000 0.0000 0.5000
1.0000 0.0413 0.6667
0.9438 0.0744 0.3333
0.9551 0.1074 0.3333
0.8989 0.0992 0.0000
0.8989 0.1074 0.3333
0.8427 0.1240 0.0000
0.8539 0.1322 0.3333
0.8090 0.1405 0.0833
0.8202 0.1488 0.3333
0.7978 0.2149 0.0833
0.7865 0.2314 0.3333
0.7416 0.2893 0.0833
0.7528 0.3471 0.3333
0.7079 0.3554 0.0000
0.7079 0.3884 0.3333
0.6629 0.4215 0.1667
0.6517 0.4876 0.5000
0.6180 0.5041 0.2500
0.6180 0.5289 0.5000
0.5618 0.5620 0.2500
0.5618 0.5372 0.4167
0.5169 0.5372 0.0833
0.4719 0.5620 0.6667
0.4270 0.5868 0.3333
0.4157 0.5950 0.7500
0.3820 0.6033 0.4167
0.4045 0.6529 0.7500
0.3483 0.6860 0.2500
0.3596 0.6694 0.7500
0.2809 0.7273 0.2500
0.2921 0.7355 0.6667
0.2360 0.7934 0.7500
0.2697 0.8182 0.7500
0.2022 0.8512 0.6667
0.1573 0.9008 0.7500
0.1236 0.9091 0.5833
0.0899 0.9587 1.0000
0.0225 0.9504 0.8333
0.0000 1.0000 1.0000
