0.1538 0.0364 0.3514
0.0769 0.1091 0.0541
0.1538 0.0000 0.2973
0.0385 0.0455 0.0541
0.1538 0.0091 0.3243
0.0385 0.0545 0.0000
0.1538 0.0091 0.2973
0.0385 0.0727 0.0270
0.1154 0.0182 0.2973
-0.0000 0.0909 0.1081
0.1923 0.0091 0.2973
0.0769 0.0727 0.1081
0.0769 0.0182 0.3784
-0.0000 0.0636 0.1081
0.1923 0.0091 0.4595
0.0385 0.1000 0.1622
0.1154 0.0545 0.4324
0.0769 0.1273 0.1622
0.1923 0.0545 0.4324
0.1538 0.1182 0.1892
0.2308 0.0273 0.4595
0.0769 0.1273 0.2432
0.2308 0.0455 0.4865
0.0385 0.1364 0.2432
0.1923 0.1000 0.5405
0.0385 0.2000 0.2703
0.2692 0.1636 0.5405
0.1538 0.2727 0.3243
0.3462 0.2636 0.5676
0.1538 0.4091 0.4054
0.4231 0.3727 0.6216
0.3462 0.4818 0.4324
0.5769 0.4727 0.6757
0.4615 0.5818 0.5135
0.6923 0.5909 0.7838
0.6538 0.7091 0.6216
0.8462 0.6909 0.8919
0.7308 0.8273 0.7568
1.0000 0.8455 1.0000
0.9615 1.0000 0.8378
