1.0000 0.1878 1.0000
0.9781 0.1117 0.9810
0.9397 0.1574 0.9591
0.9123 0.2335 0.9343
0.8932 0.3655 0.9051
0.8603 0.4670 0.8745
0.8384 0.4924 0.8511
0.7973 0.4924 0.8234
0.7699 0.4924 0.7985
0.7616 0.6142 0.7620
0.7315 0.6904 0.7343
0.7096 0.8376 0.7022
0.6712 0.7259 0.6788
0.6493 0.7056 0.6511
0.6274 0.7817 0.6161
0.5918 0.8426 0.5839
0.5671 1.0000 0.5504
0.5397 0.8680 0.5212
0.5096 0.8376 0.4964
0.4932 0.8426 0.4599
0.4795 0.9188 0.4307
0.4603 0.9949 0.3956
0.4274 0.9137 0.3781
0.3890 0.8020 0.3460
0.3699 0.7563 0.3168
0.3534 0.8528 0.2847
0.3342 0.8579 0.2555
0.3014 0.8629 0.2292
0.2767 0.6751 0.2117
0.2630 0.6193 0.1810
0.2411 0.6599 0.1620
0.2219 0.6294 0.1343
0.2027 0.5584 0.1153
0.1699 0.4010 0.1007
0.1315 0.3350 0.0818
0.1151 0.3452 0.0599
0.0932 0.2437 0.0453
0.0712 0.2792 0.0219
0.0411 0.0812 0.0131
-0.0000 -0.0000 0.0000
