-0.0000 -0.0000 0.8636
0.0417 0.0109 0.9545
0.0781 0.0409 1.0000
0.1562 0.1037 0.9205
0.1771 0.1419 0.9545
0.2448 0.1692 0.9659
0.3229 0.1869 0.9773
0.3750 0.2210 1.0000
0.3802 0.2360 0.9886
0.4167 0.2783 0.9773
0.4844 0.3138 0.8750
0.5260 0.3220 0.9205
0.5521 0.3492 0.8750
0.5938 0.3670 0.8409
0.6094 0.4256 0.7273
0.6094 0.4352 0.7614
0.6302 0.4570 0.7273
0.6354 0.4625 0.6818
0.6719 0.5171 0.6136
0.6823 0.5280 0.5795
0.7292 0.5471 0.6023
0.7292 0.5593 0.5568
0.7604 0.5907 0.5114
0.7448 0.6057 0.4886
0.7708 0.6126 0.4886
0.7812 0.6589 0.3523
0.8125 0.7012 0.2841
0.8021 0.6930 0.3636
0.8281 0.7040 0.3636
0.8177 0.7462 0.2727
0.8333 0.8022 0.1705
0.8177 0.8063 0.2045
0.8542 0.8172 0.1932
0.8750 0.8663 0.0909
0.9167 0.8936 0.0909
0.9167 0.9141 0.0682
0.9531 0.9209 0.1364
0.9583 0.9523 0.0795
0.9948 0.9782 0.0455
1.0000 1.0000 0.0000
