0.2045 1.0000 1.0000
0.1761 0.9420 0.9597
0.1562 0.9121 0.9194
0.1364 0.8458 0.9355
0.1080 0.8292 0.8790
0.0682 0.7944 0.8548
0.0455 0.7811 0.8468
0.0170 0.7330 0.8065
0.0085 0.7148 0.7500
-0.0000 0.6998 0.6855
0.0057 0.6882 0.6452
0.0085 0.6567 0.5968
0.0256 0.6285 0.5726
0.0341 0.6020 0.5000
0.0625 0.5821 0.4194
0.0966 0.5655 0.3468
0.1278 0.5721 0.2419
0.1733 0.5224 0.2016
0.2102 0.4842 0.1694
0.2528 0.4577 0.1129
0.2869 0.4660 0.0726
0.3381 0.4328 0.0403
0.3778 0.4013 0.0161
0.4233 0.3814 0.0000
0.4773 0.3632 0.0081
0.5227 0.3333 0.0323
0.5653 0.3035 0.0565
0.6136 0.2703 0.1452
0.6506 0.2405 0.2097
0.6932 0.2189 0.2419
0.7358 0.1957 0.2903
0.7784 0.1725 0.3468
0.8125 0.1393 0.4919
0.8494 0.0962 0.5645
0.8636 0.0962 0.6129
0.8892 0.0746 0.6774
0.9119 0.0365 0.7984
0.9432 0.0149 0.8548
0.9716 0.0332 0.8629
1.0000 -0.0000 0.9758
