0.0000 1.0000 0.0000
0.0248 0.9731 0.0155
0.0372 0.9624 0.0466
0.0661 0.9355 0.0570
0.0826 0.9301 0.0881
0.0992 0.9059 0.0933
0.1240 0.8898 0.1140
0.1446 0.8710 0.1192
0.1570 0.8656 0.1399
0.1736 0.8548 0.1347
0.1901 0.8575 0.1658
0.2025 0.8468 0.1606
0.2149 0.8522 0.1865
0.2273 0.8441 0.2176
0.2397 0.8306 0.2539
0.2645 0.8118 0.2591
0.2851 0.7903 0.3057
0.3140 0.7769 0.3212
0.3430 0.7527 0.3627
0.3595 0.7177 0.3834
0.3843 0.6962 0.4145
0.4215 0.6559 0.4301
0.4380 0.6317 0.4611
0.4711 0.5995 0.4611
0.5000 0.5887 0.4663
0.5207 0.5511 0.4611
0.5579 0.5161 0.5130
0.5744 0.4677 0.5389
0.6074 0.4220 0.5959
0.6488 0.3683 0.6166
0.6777 0.3360 0.6528
0.7355 0.2715 0.6891
0.7769 0.2312 0.7358
0.8223 0.1801 0.7772
0.8554 0.1478 0.8187
0.9008 0.1102 0.8394
0.9463 0.0780 0.8964
0.9752 0.0457 0.9119
0.9917 0.0376 0.9689
1.0000 0.0000 1.0000
