1.0000 0.9752 1.0000
0.8971 0.9627 0.9868
0.9118 1.0000 0.9561
0.9265 0.9814 0.9320
0.8382 0.8944 0.9101
0.7647 0.8323 0.8904
0.8235 0.7516 0.8684
0.7647 0.6460 0.8531
0.7500 0.6708 0.8202
0.6765 0.6398 0.8092
0.6324 0.5776 0.7851
0.5147 0.5155 0.7719
0.5735 0.4596 0.7412
0.5000 0.4472 0.7259
0.4853 0.3665 0.7061
0.4412 0.3043 0.6930
0.4118 0.2857 0.6645
0.3529 0.2857 0.6491
0.3088 0.2671 0.6184
0.2647 0.2857 0.6009
0.2941 0.2547 0.5702
0.2353 0.1801 0.5614
0.2500 0.1056 0.5461
0.1912 0.1429 0.5175
0.1765 0.2112 0.4715
0.1176 0.1863 0.4518
0.1471 0.1118 0.4211
0.0882 0.0870 0.3947
0.0588 0.0186 0.3706
0.0441 0.0000 0.3399
0.0588 0.1553 0.2873
0.0000 0.1739 0.2632
0.0147 0.1118 0.2325
0.0147 0.0683 0.2105
0.0588 0.0373 0.1754
0.0588 0.0248 0.1469
0.1029 0.1180 0.0943
0.0882 0.1863 0.0614
0.1176 0.1491 0.0241
0.1029 0.1056 0.0000
