1.0000 -1.5904 0.0000
0.9530 -1.5181 0.0333
0.9128 -1.4819 0.1778
0.8658 -1.3373 0.1556
0.8121 -1.3494 0.2444
0.7651 -1.2289 0.2556
0.7315 -1.1084 0.3222
0.6846 -1.0482 0.3556
0.6510 -0.9398 0.4333
0.6174 -0.9277 0.4556
0.5906 -0.8554 0.5444
0.5369 -0.7590 0.5556
0.5101 -0.7229 0.6111
0.4564 -0.6506 0.6222
0.4497 -0.5783 0.6778
0.4161 -0.5060 0.6667
0.3960 -0.3614 0.7444
0.3423 -0.2169 0.7667
0.3221 -0.1687 0.8222
0.2953 -0.0602 0.8111
0.2819 -0.0482 0.8778
0.2752 0.0000 0.8444
0.2617 0.0723 0.8778
0.2282 0.1205 0.8667
0.2282 0.2048 0.9222
0.2013 0.2651 0.8889
0.1946 0.2892 0.9444
0.1678 0.3735 0.9333
0.1678 0.4337 0.9778
0.1544 0.4578 0.9444
0.1477 0.5783 1.0000
0.1141 0.6747 0.9556
0.1007 0.7711 0.9889
0.0805 0.8434 0.9556
0.0738 0.9157 0.9778
0.0604 0.9759 0.9556
0.0336 0.9759 1.0000
0.0201 0.9880 0.9556
0.0268 1.0000 0.9889
0.0000 1.0000 0.9556
