-38.0000 0.1111 0.0000
-37.6667 0.0667 0.1500
-35.6667 0.0000 0.0500
-35.0000 0.2667 0.2500
-33.0000 0.2667 0.1500
-31.6667 0.2222 0.3500
-29.3333 0.1111 0.1500
-28.6667 0.3778 0.3000
-26.0000 0.4444 0.2500
-26.0000 0.5556 0.4500
-23.3333 0.4889 0.3500
-23.0000 0.4889 0.5000
-20.3333 0.3778 0.3000
-20.6667 0.3556 0.4000
-18.6667 0.3778 0.2500
-18.6667 0.4889 0.5000
-16.0000 0.5111 0.3500
-15.0000 0.4444 0.4500
-12.3333 0.4222 0.3000
-11.3333 0.5111 0.4500
-10.3333 0.6000 0.3000
-8.6667 0.7778 0.5500
-6.3333 0.7556 0.4000
-5.6667 0.6444 0.6500
-3.6667 0.5556 0.5500
-3.3333 0.6444 0.7000
-2.3333 0.8444 0.6000
-2.6667 0.8444 0.7500
-0.0000 0.8222 0.6000
1.0000 0.7111 0.8000
2.3333 0.6222 0.6500
3.0000 0.8889 0.9000
5.0000 0.8889 0.8000
4.3333 1.0000 0.9500
7.6667 0.8222 0.7000
8.6667 0.7111 0.9000
9.6667 0.7556 0.7000
9.3333 0.8667 1.0000
12.0000 0.9556 0.8000
13.6667 0.9333 1.0000
