0.8421 0.4000 0.5714
0.8947 0.0000 0.2857
0.9474 0.0000 0.6429
1.0000 0.2000 0.2143
0.8421 0.6000 0.3571
0.9474 0.4000 0.1429
0.8947 0.4000 0.3571
0.8947 0.0000 0.0000
0.8947 0.4000 0.3571
0.8947 0.2000 0.1429
0.9474 0.6000 0.2857
0.8947 0.2000 0.0714
0.9474 0.6000 0.3571
0.8947 0.0000 0.2857
0.8421 0.4000 0.3571
0.8421 0.2000 0.1429
0.8947 0.4000 0.3571
0.8421 0.0000 0.2143
0.8947 0.4000 0.3571
0.8421 0.0000 0.2857
0.8421 0.6000 0.4286
0.7895 0.0000 0.2143
0.9474 0.8000 0.5000
0.8947 0.2000 0.2857
0.7895 0.8000 0.5714
0.7368 0.0000 0.3571
0.7368 0.8000 0.5714
0.6842 0.0000 0.4286
0.6842 0.8000 0.6429
0.6316 0.2000 0.5000
0.5789 0.6000 0.7857
0.5789 0.4000 0.6429
0.5263 0.8000 0.7143
0.4211 0.2000 0.7857
0.4211 1.0000 0.7857
0.2632 0.4000 0.7143
0.2632 1.0000 0.8571
0.1579 0.6000 0.7143
0.1579 1.0000 1.0000
0.0000 0.4000 0.9286
