0.0000 1.0000 1.0000
0.0079 0.9000 0.9540
0.0198 0.8033 0.9125
0.0264 0.7233 0.8556
0.0410 0.5533 0.8425
0.0489 0.4567 0.7724
0.0634 0.3700 0.7396
0.0779 0.4000 0.6389
0.1057 0.2300 0.6171
0.1229 0.2133 0.5361
0.1440 0.1100 0.4967
0.1638 0.1667 0.4092
0.1902 0.0000 0.3676
0.2087 0.0500 0.2976
0.2312 0.0500 0.2385
0.2563 0.0733 0.2013
0.2919 0.0533 0.1444
0.3078 0.0967 0.1116
0.3408 0.1767 0.0525
0.3620 0.1433 0.0503
0.3989 0.2467 0.0284
0.4161 0.2167 0.0263
0.4584 0.3400 0.0284
0.4967 0.3600 0.0044
0.5205 0.4233 0.0284
0.5443 0.5167 0.0000
0.5760 0.4700 0.0635
0.6129 0.5633 0.0613
0.6354 0.5100 0.1225
0.6684 0.7267 0.1028
0.7054 0.6067 0.1532
0.7279 0.6433 0.1816
0.7596 0.5933 0.1969
0.7913 0.6533 0.2232
0.8349 0.6567 0.2319
0.8613 0.6000 0.3042
0.8996 0.6967 0.2713
0.9353 0.5567 0.3414
0.9828 0.6300 0.3304
1.0000 0.5567 0.3676
