1.0000 1.0000 0.6875
1.0000 0.9565 1.0000
0.9524 0.8696 0.8125
0.9405 0.9565 0.9375
0.9048 0.8261 0.7500
0.9167 0.9130 0.8125
0.8929 0.8696 0.6875
0.8810 0.9565 0.9375
0.8452 0.9130 0.6875
0.8452 1.0000 0.9375
0.8452 0.8696 0.6250
0.8333 1.0000 0.8750
0.8095 0.7826 0.5000
0.7857 0.7391 0.6250
0.7857 0.5652 0.5625
0.7619 0.6087 0.7500
0.7500 0.6087 0.5000
0.7381 0.7391 0.6250
0.7024 0.7391 0.2500
0.7024 0.7826 0.5625
0.6905 0.8696 0.3750
0.6667 0.9565 0.4375
0.6310 0.8696 0.3125
0.6310 0.9130 0.5625
0.6190 0.7826 0.3125
0.6190 0.9565 0.3750
0.6071 0.5652 0.2500
0.5476 0.6522 0.3125
0.5476 0.6087 0.2500
0.5000 0.6087 0.3125
0.4643 0.3913 0.0625
0.4405 0.5217 0.3750
0.3810 0.3478 0.1875
0.3571 0.3043 0.3125
0.3095 0.0870 0.2500
0.2262 0.1304 0.3750
0.1905 0.2174 0.2500
0.1429 0.0435 0.3750
0.0952 0.0435 0.0000
0.0000 -0.0000 0.0625
