1.0685 0.3571 0.0000
0.9726 0.3036 0.0606
1.0000 0.2679 0.0909
0.9178 0.1786 0.1212
0.8904 0.1250 0.0909
0.8219 0.1071 0.1818
0.8493 0.0179 0.0909
0.7534 -0.0000 0.2424
0.7397 0.0536 0.1818
0.6438 0.1071 0.2727
0.6849 0.1964 0.2121
0.5890 0.1964 0.3030
0.6027 0.3393 0.2424
0.5068 0.3750 0.3030
0.5479 0.3929 0.3030
0.4384 0.4643 0.3333
0.4521 0.4821 0.3636
0.3973 0.4464 0.3939
0.4658 0.4821 0.3939
0.3425 0.5536 0.4848
0.3973 0.5000 0.4848
0.3014 0.4643 0.5758
0.3014 0.4464 0.6364
0.2329 0.3571 0.6364
0.2603 0.3036 0.6364
0.1781 0.3214 0.6667
0.2055 0.3036 0.7576
0.1233 0.2321 0.7576
0.1370 0.3036 0.8182
0.0548 0.3571 0.8182
0.0685 0.4643 0.8788
0.0000 0.5000 0.8182
-0.0137 0.5357 1.0000
-0.0411 0.6250 0.8485
-0.0685 0.7143 0.8485
-0.1644 0.7679 0.8182
-0.1370 0.8214 0.8485
-0.2055 0.8929 0.9091
-0.2055 0.8929 0.9697
-0.2740 1.0000 0.9697
