5.6364 -5.3333 0.9850
5.5455 -5.2857 1.0000
5.3636 -6.3333 0.9850
4.9091 -6.1429 0.9800
5.0000 -7.3333 0.9550
5.0000 -7.4762 0.9500
5.0000 -9.5238 0.8900
4.3636 -8.6667 0.8900
4.6364 -8.6667 0.8800
4.9091 -9.1429 0.8350
4.4545 -10.8571 0.7550
4.0000 -11.0000 0.7250
3.8182 -10.0952 0.7150
3.9091 -10.1429 0.6850
3.2727 -10.1429 0.6450
3.0000 -9.9524 0.5900
2.8182 -10.3810 0.5300
2.7273 -10.0476 0.4900
2.1818 -9.5238 0.4500
1.9091 -8.8095 0.4000
1.8182 -8.6667 0.3350
2.1818 -8.2857 0.2950
2.0000 -7.6190 0.2350
1.8182 -6.5238 0.1900
1.7273 -5.7619 0.1250
1.4545 -5.0476 0.0950
1.0000 -4.4762 0.0500
0.0000 -2.9048 0.0350
-0.0909 -2.9048 0.0000
-0.9091 -1.1905 0.0100
-1.0909 0.0000 0.0100
-2.0000 1.0000 0.0300
-2.3636 1.6667 0.0550
-3.4545 3.1905 0.0900
-4.1818 4.2381 0.1500
-5.1818 4.9048 0.2100
-5.1818 6.1905 0.2850
-6.0909 7.2381 0.3650
-7.0000 8.6190 0.4450
-7.9091 8.6667 0.5250
