0.0000 0.0000 0.0000
0.0200 0.1800 0.0281
0.0374 0.2267 0.0756
0.0723 0.5800 0.0778
0.0748 0.6333 0.1210
0.1022 0.6867 0.1749
0.1172 0.6800 0.2225
0.1471 0.8867 0.2613
0.1746 1.0000 0.2851
0.2095 0.9133 0.3391
0.2120 0.9533 0.3672
0.2569 0.8200 0.4060
0.2594 0.8733 0.4320
0.3067 0.7267 0.4752
0.3167 0.7867 0.4860
0.3766 0.8000 0.4946
0.3965 0.6800 0.5184
0.4264 0.6533 0.5335
0.4439 0.5667 0.5486
0.4713 0.6600 0.5616
0.4988 0.6267 0.5767
0.5262 0.6733 0.5832
0.5586 0.6200 0.5896
0.5835 0.6200 0.6069
0.6035 0.5200 0.6263
0.6234 0.5133 0.6328
0.6484 0.5800 0.6307
0.6958 0.5733 0.6501
0.7107 0.5400 0.6717
0.7406 0.4200 0.6825
0.7606 0.4867 0.6976
0.8080 0.4333 0.7279
0.8105 0.4800 0.7538
0.8529 0.4733 0.7646
0.8628 0.5000 0.7948
0.9127 0.4533 0.8402
0.9102 0.4800 0.8704
0.9501 0.4933 0.9093
0.9651 0.4267 0.9525
1.0000 0.3933 1.0000
