1.0000 1.0000 0.9836
0.9157 0.9459 0.8852
0.9157 0.7027 1.0000
0.8708 0.5766 0.8361
0.8483 0.5405 0.7213
0.7921 0.4144 0.5738
0.8034 0.3514 0.5246
0.7135 0.1802 0.4262
0.7022 0.1081 0.4098
0.6461 0.0811 0.2787
0.6517 0.1081 0.2459
0.5955 0.0360 0.1967
0.5787 0.0450 0.1967
0.5112 0.0000 0.0984
0.5112 0.0631 0.0492
0.4494 0.0270 0.0492
0.4270 0.0450 0.0492
0.3708 0.0631 0.0000
0.3989 0.1441 0.0164
0.3652 0.1261 0.0820
0.3820 0.0991 0.1311
0.3596 0.1351 0.1311
0.3652 0.2523 0.0492
0.3483 0.2523 0.0492
0.3371 0.2432 0.1475
0.2753 0.2072 0.2131
0.2921 0.1802 0.2787
0.2360 0.3514 0.1475
0.2416 0.4414 0.1967
0.2022 0.4505 0.2295
0.1910 0.3694 0.3770
0.1685 0.3874 0.3607
0.1573 0.5315 0.2951
0.1236 0.5766 0.3115
0.0955 0.6306 0.3115
0.0449 0.6036 0.3607
0.0618 0.6306 0.4426
0.0393 0.7117 0.4590
0.0393 0.8288 0.4754
0.0000 0.9099 0.4098
