0.0000 1.0000 1.0000
0.0247 0.9905 0.9787
0.0448 0.9764 1.0000
0.0740 0.9598 0.9362
0.0897 0.9433 0.9149
0.1031 0.9173 0.9043
0.1256 0.9054 0.8936
0.1457 0.8936 0.8830
0.1704 0.8794 0.8617
0.1883 0.8511 0.8617
0.2152 0.8345 0.8511
0.2354 0.8156 0.8191
0.2623 0.7967 0.7979
0.2848 0.7636 0.7979
0.3139 0.7636 0.7660
0.3296 0.7423 0.7340
0.3565 0.7305 0.7128
0.3789 0.7021 0.6809
0.4058 0.6856 0.6702
0.4327 0.6501 0.6596
0.4552 0.6312 0.6489
0.4798 0.6028 0.6383
0.5067 0.5839 0.5851
0.5314 0.5461 0.5638
0.5583 0.5248 0.5638
0.5897 0.4965 0.5213
0.6188 0.4728 0.4787
0.6457 0.4397 0.4787
0.6771 0.4066 0.4362
0.7063 0.3712 0.4043
0.7309 0.3452 0.3404
0.7623 0.3002 0.3298
0.7892 0.2695 0.2766
0.8251 0.2246 0.2660
0.8498 0.1939 0.2234
0.8767 0.1489 0.2128
0.9081 0.1206 0.1489
0.9395 0.0780 0.0957
0.9686 0.0496 0.0532
1.0000 0.0000 0.0000
