1.0000 1.0000 0.9569
0.9982 0.9818 1.0000
0.9911 0.9736 0.9765
0.9893 0.9636 0.9765
0.9822 0.9418 0.9843
0.9813 0.9300 0.9882
0.9716 0.9127 0.9804
0.9716 0.8900 1.0000
0.9618 0.8709 0.9961
0.9609 0.8691 0.9569
0.9529 0.8573 0.9451
0.9556 0.8345 0.9412
0.9529 0.8191 0.9373
0.9547 0.8009 0.9255
0.9467 0.7818 0.9059
0.9458 0.7691 0.8627
0.9378 0.7591 0.8353
0.9352 0.7364 0.8353
0.9290 0.7182 0.8078
0.9227 0.6936 0.8078
0.9067 0.6809 0.7882
0.8961 0.6573 0.7647
0.8828 0.6400 0.7569
0.8668 0.6191 0.7412
0.8526 0.5891 0.7490
0.8321 0.5673 0.7373
0.8073 0.5418 0.7294
0.7815 0.5036 0.7333
0.7522 0.4736 0.7059
0.7140 0.4482 0.7020
0.6758 0.4118 0.6745
0.6332 0.3682 0.6392
0.5764 0.3245 0.6353
0.5187 0.2800 0.5882
0.4529 0.2318 0.5451
0.3810 0.1927 0.4824
0.2993 0.1464 0.3882
0.2140 0.0927 0.2941
0.1101 0.0491 0.1529
0.0000 0.0000 0.0000
