1.0000 0.3870 1.0000
0.9875 0.3870 0.9842
0.9698 0.3085 0.9596
0.9470 0.2828 0.9561
0.9205 0.2260 0.9202
0.8976 0.2030 0.9140
0.8719 0.1800 0.8614
0.8468 0.1421 0.8561
0.8181 0.1421 0.8044
0.7931 0.0622 0.8035
0.7614 0.0907 0.7430
0.7261 0.0352 0.7316
0.6944 0.0514 0.6781
0.6605 0.0189 0.6465
0.6222 0.0257 0.6123
0.5884 0.0000 0.5763
0.5552 0.0068 0.5377
0.5191 0.0162 0.4912
0.4772 0.0217 0.4596
0.4477 0.0284 0.4123
0.4102 0.0392 0.3825
0.3778 0.0758 0.3421
0.3417 0.0853 0.3140
0.3181 0.1137 0.2719
0.2776 0.1624 0.2298
0.2482 0.2003 0.2026
0.2143 0.2314 0.1798
0.1915 0.2747 0.1500
0.1598 0.3315 0.1228
0.1370 0.3924 0.1035
0.1112 0.4425 0.0842
0.0928 0.5047 0.0632
0.0692 0.5656 0.0500
0.0530 0.6252 0.0412
0.0376 0.6888 0.0272
0.0287 0.7578 0.0211
0.0184 0.8200 0.0088
0.0125 0.8850 0.0114
0.0074 0.9378 0.0000
0.0000 1.0000 0.0044
