0.4054 1.0000 0.0000
0.2703 0.9370 0.0391
0.3243 0.9134 0.1016
0.1351 0.9370 0.0859
0.2432 0.9764 0.1094
0.0270 1.0000 0.1328
0.1351 0.9291 0.1953
0.0541 0.9055 0.2188
0.2162 0.8898 0.2578
0.0541 0.8268 0.3047
0.1351 0.7717 0.3516
0.0000 0.8504 0.3438
0.1892 0.9134 0.3516
0.0000 0.9291 0.4062
0.0811 0.8583 0.4609
0.0811 0.7953 0.4844
0.2703 0.8031 0.5156
0.2162 0.7638 0.5469
0.2973 0.7165 0.5859
0.1622 0.6614 0.6250
0.3514 0.7165 0.6172
0.1622 0.7165 0.6250
0.2973 0.6614 0.6641
0.1892 0.5748 0.6875
0.4595 0.5748 0.7109
0.4324 0.5591 0.7422
0.5676 0.4724 0.7656
0.4054 0.4409 0.7969
0.6216 0.3701 0.8359
0.5135 0.4409 0.8281
0.6757 0.4724 0.8203
0.6486 0.3858 0.8594
0.7568 0.3071 0.9219
0.8649 0.3071 0.9141
0.8378 0.3071 0.9062
0.8649 0.2362 0.9219
1.0000 0.1260 0.9688
0.9459 0.0157 1.0000
1.0000 0.0000 0.9922
0.8649 0.0394 0.9844
