0.0800 1.0000 0.5625
0.0800 0.9130 0.6406
0.1000 0.8634 0.6250
0.0000 0.8820 0.6250
0.0800 0.8634 0.6406
0.0400 0.8634 0.6875
0.1800 0.8075 0.7344
0.1400 0.7888 0.7344
0.2400 0.7329 0.7656
0.2200 0.6957 0.7812
0.2600 0.6770 0.8438
0.2800 0.7081 0.7812
0.2800 0.6894 0.8281
0.2400 0.5901 0.8750
0.2200 0.5901 0.9219
0.1800 0.5590 0.8906
0.2600 0.5776 0.8281
0.2800 0.5466 0.8438
0.3800 0.5093 0.9062
0.3800 0.3789 1.0000
0.4800 0.3230 0.9688
0.4400 0.3665 0.9375
0.5400 0.4099 0.8438
0.5200 0.3416 0.8906
0.5400 0.2857 0.8906
0.5000 0.2733 0.8750
0.5600 0.2733 0.7812
0.5200 0.2671 0.7969
0.6400 0.2298 0.7031
0.6600 0.1739 0.6875
0.7000 0.1553 0.6562
0.6200 0.1118 0.6562
0.7000 0.0745 0.5625
0.6600 0.1304 0.4531
0.7600 0.1429 0.2969
0.7200 0.1180 0.3281
0.8600 0.0124 0.2812
0.8600 0.0000 0.2031
0.9800 0.0870 0.0312
1.0000 0.1056 0.0000
