0.6957 0.0000 0.6250
0.8261 0.0106 1.0000
0.7391 0.0638 0.5000
0.8696 0.0957 0.8750
0.7826 0.1277 0.5000
0.9130 0.1170 0.8750
0.8261 0.1064 0.5000
1.0000 0.1383 1.0000
0.7826 0.1489 0.1250
0.9130 0.2021 0.8750
0.7391 0.1702 0.3750
0.9130 0.2447 0.8750
0.7391 0.2872 0.3750
0.8696 0.3085 0.8750
0.7826 0.3085 0.5000
0.9130 0.3511 1.0000
0.7391 0.3936 0.3750
0.8261 0.4149 0.6250
0.7826 0.4255 0.3750
0.7826 0.4468 0.7500
0.7391 0.4681 0.1250
0.7391 0.5000 0.5000
0.6087 0.5000 0.8750
0.7826 0.5851 0.3750
0.4783 0.6064 0.0000
0.6522 0.6170 0.2500
0.4348 0.6489 0.2500
0.5217 0.6809 0.3750
0.4783 0.6383 0.2500
0.4348 0.6809 0.5000
0.4348 0.7128 0.2500
0.4783 0.7660 0.5000
0.2609 0.8085 0.3750
0.2174 0.8936 0.5000
0.0435 0.8617 0.2500
0.0435 0.9468 0.6250
0.0000 0.9043 0.3750
0.0870 0.9468 0.5000
0.0000 0.9468 0.8750
0.0435 1.0000 1.0000
