0.9577 0.9375 1.0000
1.0000 0.9125 0.9348
0.9155 0.9875 0.8478
0.9296 0.9500 0.8261
0.8310 1.0000 0.7609
0.8592 0.8750 0.7609
0.7324 0.8875 0.6957
0.7746 0.7625 0.6957
0.6479 0.7750 0.5652
0.6620 0.6500 0.5652
0.6056 0.6625 0.4783
0.6197 0.6375 0.5217
0.5493 0.5875 0.5000
0.5775 0.5750 0.4783
0.5211 0.4875 0.4348
0.5352 0.5000 0.3913
0.4366 0.4625 0.3696
0.4930 0.5125 0.3913
0.4085 0.5125 0.3913
0.4507 0.4875 0.3478
0.3521 0.4375 0.3478
0.3944 0.3625 0.3043
0.3380 0.2875 0.2826
0.3521 0.2875 0.2391
0.3099 0.2500 0.2174
0.3380 0.2250 0.2174
0.2676 0.1625 0.1739
0.2817 0.1125 0.1739
0.2254 0.0375 0.1522
0.2254 0.0375 0.1304
0.1690 0.0875 0.0870
0.2113 0.1875 0.1522
0.1408 0.2125 0.0870
0.1690 0.2250 0.1304
0.0704 0.2125 0.1087
0.0704 0.0875 0.1087
0.0282 0.0750 0.0870
0.0282 0.0875 0.0435
0.0282 0.1125 0.0000
-0.0000 0.0000 0.0435
