1.0000 0.0000 0.6964
0.9385 0.0382 0.6964
0.9154 0.1274 0.7500
0.8692 0.1146 0.7321
0.8538 0.1083 0.7857
0.7923 0.0637 0.7857
0.8154 0.1783 0.8214
0.7538 0.1783 0.8750
0.7692 0.2293 0.8214
0.7000 0.1720 0.8750
0.7231 0.2102 0.8214
0.6385 0.2038 0.9107
0.7077 0.3694 0.9286
0.5769 0.3949 1.0000
0.6231 0.4777 0.8750
0.5385 0.4268 0.9464
0.5923 0.4204 0.7857
0.4846 0.4140 0.9464
0.5769 0.5478 0.8214
0.4769 0.5541 0.9286
0.5231 0.5860 0.7321
0.3923 0.5541 0.8929
0.4769 0.5732 0.6607
0.3385 0.5732 0.8214
0.4231 0.7070 0.6071
0.3077 0.7261 0.8214
0.3846 0.8662 0.5536
0.2462 0.8025 0.7857
0.3000 0.9045 0.4821
0.1846 0.8471 0.6964
0.2538 0.8981 0.4107
0.1538 0.8662 0.6071
0.2308 0.9045 0.3036
0.1308 0.8981 0.4821
0.2000 0.9682 0.1964
0.0769 0.9108 0.3750
0.1615 1.0000 0.0893
0.0385 0.9427 0.3036
0.1077 0.9873 0.0000
-0.0000 0.9873 0.2321
