1.0000 0.0078 0.0000
0.9763 -0.0000 0.0602
0.9645 0.0096 0.1087
0.9408 0.0148 0.1553
0.9527 0.0383 0.1961
0.9290 0.0304 0.2602
0.8817 0.0374 0.3029
0.8521 0.0557 0.3553
0.8521 0.0817 0.3864
0.8284 0.0852 0.4466
0.7929 0.0957 0.4874
0.7574 0.1148 0.5398
0.7278 0.1383 0.5786
0.6627 0.1557 0.6350
0.6213 0.1748 0.6699
0.5740 0.1930 0.7107
0.5444 0.2296 0.7340
0.4970 0.2583 0.7728
0.4556 0.2652 0.8097
0.4201 0.2948 0.8485
0.3964 0.3313 0.8660
0.3609 0.3748 0.8971
0.3373 0.3843 0.9243
0.2959 0.4122 0.9495
0.2781 0.4496 0.9515
0.2604 0.5130 0.9534
0.2485 0.5330 0.9767
0.2012 0.5626 0.9922
0.1657 0.5930 1.0000
0.1598 0.6530 0.9806
0.1302 0.6870 0.9845
0.0888 0.7191 0.9845
0.0651 0.7391 0.9922
0.0473 0.7922 0.9534
0.0473 0.8330 0.9495
0.0414 0.8730 0.9165
0.0237 0.8939 0.9262
-0.0000 0.9235 0.9010
0.0118 0.9661 0.8796
0.0237 1.0000 0.8388
