1.0000 -0.0000 0.0000
0.9690 0.1250 0.0190
0.9483 0.1875 0.0759
0.9199 0.1406 0.0696
0.9044 0.1719 0.1139
0.8734 0.2031 0.1456
0.8527 0.2812 0.1772
0.8320 0.2500 0.2025
0.8036 0.2500 0.2405
0.7752 0.2031 0.2848
0.7468 0.3281 0.3038
0.7235 0.2500 0.3228
0.7158 0.2500 0.3734
0.6925 0.2031 0.4051
0.6693 0.2969 0.4241
0.6408 0.2812 0.4557
0.6176 0.2969 0.4810
0.5995 0.2656 0.5063
0.5711 0.3125 0.5316
0.5375 0.3281 0.5506
0.5220 0.2969 0.5759
0.5013 0.3906 0.6013
0.4729 0.4844 0.6139
0.4496 0.4375 0.6519
0.4315 0.4219 0.6709
0.4057 0.4219 0.7025
0.3721 0.6250 0.7215
0.3385 0.7031 0.7532
0.3178 0.6250 0.7722
0.2972 0.6094 0.7785
0.2687 0.6875 0.7975
0.2429 0.7500 0.8228
0.2145 0.8125 0.8354
0.1835 0.9219 0.8418
0.1447 0.9844 0.8797
0.1163 0.9688 0.9051
0.0956 0.8594 0.9177
0.0646 0.8438 0.9304
0.0336 0.9531 0.9620
-0.0000 1.0000 1.0000
