0.0000 1.0000 0.9502
0.0501 0.8576 1.0000
0.1137 0.9209 0.9279
0.1464 0.8006 0.9428
0.2100 0.8544 0.8831
0.2620 0.6930 0.8706
0.3160 0.7595 0.8383
0.3565 0.7057 0.7836
0.4085 0.6551 0.7935
0.4644 0.6234 0.7264
0.5067 0.6234 0.7114
0.5588 0.6741 0.6443
0.6050 0.5285 0.6468
0.6590 0.5696 0.5970
0.6917 0.5000 0.5721
0.7341 0.6013 0.5025
0.7688 0.5791 0.4776
0.7938 0.5759 0.4577
0.8208 0.5728 0.4229
0.8555 0.5696 0.4055
0.8767 0.6013 0.3582
0.8960 0.5538 0.3607
0.9210 0.6456 0.2836
0.9364 0.5886 0.3134
0.9615 0.6329 0.2637
0.9615 0.5633 0.2811
0.9923 0.6266 0.2189
0.9942 0.5380 0.2338
1.0000 0.5949 0.2189
0.9961 0.5253 0.2264
1.0000 0.5285 0.2090
0.9884 0.4272 0.2114
0.9846 0.4304 0.2090
0.9730 0.4051 0.1841
0.9692 0.3386 0.1866
0.9576 0.2342 0.1692
0.9403 0.1899 0.1418
0.9326 0.1487 0.0970
0.9210 0.0316 0.0697
0.9094 0.0000 0.0000
