0.0000 1.0000 0.0000
0.0263 0.9898 0.0267
0.0461 0.9592 0.1067
0.0855 0.9490 0.0933
0.0855 0.9184 0.1067
0.0987 0.9048 0.0933
0.1316 0.8844 0.1333
0.1447 0.8741 0.1467
0.1711 0.8537 0.1600
0.1776 0.8367 0.1867
0.2105 0.8163 0.2267
0.2237 0.7959 0.2267
0.2434 0.7687 0.2800
0.2632 0.7517 0.2800
0.2895 0.7143 0.3200
0.3092 0.6905 0.3333
0.3421 0.6667 0.3600
0.3618 0.6463 0.3733
0.3882 0.6224 0.4133
0.4013 0.6122 0.4267
0.4408 0.5850 0.4800
0.4605 0.5680 0.5200
0.4868 0.5306 0.5333
0.5197 0.5034 0.5467
0.5658 0.4660 0.6267
0.5855 0.4320 0.6400
0.6184 0.3946 0.6933
0.6579 0.3537 0.7067
0.7105 0.3231 0.7600
0.7303 0.2925 0.7867
0.7632 0.2517 0.8133
0.8092 0.2245 0.8133
0.8355 0.1803 0.8800
0.8816 0.1463 0.9067
0.9079 0.1122 0.9200
0.9211 0.0884 0.9200
0.9539 0.0578 0.9867
0.9605 0.0408 0.9733
0.9934 0.0034 1.0000
1.0000 0.0000 1.0000
