1.0000 1.0000 0.0038
0.9801 1.0000 0.0000
0.9139 0.9686 0.0646
0.9536 0.9267 0.0798
0.8808 0.8979 0.1103
0.8543 0.8796 0.1597
0.8278 0.8272 0.1787
0.7947 0.8246 0.1939
0.7682 0.8194 0.1787
0.7152 0.7906 0.2129
0.6556 0.7356 0.2662
0.6358 0.7042 0.3080
0.6159 0.6675 0.3156
0.6159 0.6806 0.3042
0.5894 0.6518 0.3270
0.5695 0.5890 0.4106
0.5232 0.5445 0.4411
0.5232 0.4974 0.4753
0.4834 0.5707 0.3878
0.4437 0.5393 0.4335
0.4106 0.4738 0.5095
0.3576 0.4372 0.5817
0.3444 0.3455 0.6312
0.3046 0.4398 0.5627
0.2848 0.4188 0.5665
0.2384 0.3691 0.6578
0.2119 0.3220 0.6844
0.1854 0.2618 0.7452
0.1722 0.2984 0.6958
0.1325 0.2853 0.7224
0.0993 0.2513 0.7795
0.0795 0.2277 0.8175
0.0927 0.1257 0.8897
0.0993 0.1545 0.8555
0.1192 0.1571 0.8403
0.0728 0.1335 0.9049
0.0596 0.0864 0.9049
0.0265 0.0131 1.0000
0.0397 0.0000 0.9772
0.0000 0.0131 0.9696
