1.0000 0.1022 0.4833
0.9965 0.1825 0.3833
0.9647 0.0803 0.3167
0.9753 0.0438 0.2833
0.9435 0.0073 0.2500
0.9329 0.0365 0.2167
0.8799 0.0292 0.1667
0.8905 0.0000 0.1667
0.8445 0.0803 0.0667
0.8516 0.0146 0.1333
0.8057 0.0730 0.0167
0.7915 0.0292 0.0167
0.7597 0.1022 0.0500
0.7597 0.1387 0.0000
0.6926 0.1460 0.0167
0.6714 0.1898 0.0333
0.6502 0.1241 0.0500
0.6360 0.2628 0.0500
0.5936 0.1825 0.1167
0.5760 0.2847 0.1167
0.5406 0.1825 0.1500
0.5194 0.3650 0.0833
0.4735 0.3431 0.1500
0.4417 0.3577 0.2333
0.3816 0.3869 0.3667
0.3922 0.3650 0.3000
0.3286 0.5620 0.3000
0.3180 0.5547 0.4167
0.2615 0.6058 0.3667
0.2473 0.5474 0.5167
0.2085 0.6569 0.4667
0.1873 0.6861 0.5167
0.1449 0.7153 0.5833
0.1307 0.7883 0.6333
0.0989 0.7080 0.7333
0.0989 0.8613 0.7000
0.0707 0.9270 0.7000
0.0459 0.9197 0.8167
0.0035 1.0000 0.8167
0.0000 0.9197 1.0000
