1.0000 0.0000 1.0000
0.8500 0.0000 0.9722
0.8500 0.0204 0.9167
0.7500 0.0102 0.9167
0.6000 0.0408 0.8333
0.6000 0.0204 0.8056
0.6000 0.0000 0.7222
0.7500 0.0714 0.6667
0.5500 0.0000 0.6111
0.7000 0.0102 0.5833
0.6000 0.0408 0.5556
0.6500 0.0306 0.5833
0.5500 0.0510 0.6667
0.7500 0.1327 0.5000
0.3500 0.1633 0.4722
0.5500 0.2245 0.5000
0.4000 0.2959 0.4167
0.5000 0.3469 0.4444
0.5000 0.3776 0.3333
0.6000 0.4286 0.4167
0.5000 0.4082 0.2778
0.5500 0.4694 0.3333
0.2500 0.4694 0.2778
0.3000 0.4592 0.2778
0.1000 0.5204 0.1944
0.1000 0.5408 0.2500
0.1000 0.5306 0.2222
0.2000 0.5714 0.2222
0.0000 0.5714 0.1667
0.2000 0.5816 0.2222
0.0500 0.6224 0.1111
0.1500 0.6429 0.1944
0.0500 0.6633 0.1111
0.1000 0.7755 0.1667
0.0500 0.8061 0.0833
0.2000 0.8776 0.1389
0.1000 0.8878 0.0278
0.2500 0.9184 0.1667
0.1000 0.9694 0.0000
0.1500 1.0000 0.0833
