0.0336 0.8445 1.0000
0.0336 0.9328 0.9787
0.0403 0.9538 0.9680
0.0403 0.8529 0.9653
0.0738 0.8529 0.9520
0.0067 0.8950 0.9413
0.0268 0.8992 0.9227
0.0336 0.9664 0.8960
0.0403 0.9748 0.8853
0.0470 0.8739 0.8667
0.0671 0.8571 0.8480
-0.0000 0.9454 0.8240
0.0604 0.9118 0.8160
0.0470 0.9328 0.7707
0.0940 0.9706 0.7520
0.1141 0.9076 0.7360
0.1409 0.9160 0.7147
0.1342 0.9076 0.6853
0.1879 0.9286 0.6587
0.2148 1.0000 0.6160
0.2685 0.9706 0.5973
0.2685 0.9538 0.5653
0.3020 0.9328 0.5307
0.3154 0.8866 0.5013
0.3826 0.9076 0.4587
0.4228 0.9664 0.4187
0.4765 0.9160 0.3920
0.5101 0.8487 0.3493
0.5906 0.7857 0.3253
0.5973 0.7269 0.2853
0.6510 0.7101 0.2507
0.6711 0.7059 0.2133
0.7517 0.5924 0.1840
0.7584 0.5336 0.1520
0.8188 0.4202 0.1120
0.8456 0.3193 0.0907
0.9128 0.2311 0.0587
0.9262 0.2017 0.0347
1.0000 0.1008 0.0213
0.9799 -0.0000 0.0000
