-12.8000 -0.0000 1.0000
-15.3500 0.0782 0.9871
-17.0500 0.1715 0.9676
-18.6500 0.2219 0.9569
-20.2500 0.2769 0.9482
-21.2000 0.3181 0.9266
-22.1000 0.3702 0.8986
-22.7000 0.4293 0.8587
-22.7000 0.4977 0.8155
-22.8000 0.5377 0.7875
-22.8500 0.5678 0.7605
-22.7500 0.5915 0.7282
-22.3500 0.6240 0.6936
-21.7000 0.6657 0.6483
-20.6500 0.7196 0.5987
-19.9500 0.7335 0.5728
-19.3500 0.7474 0.5458
-18.6500 0.7572 0.5135
-17.7500 0.7752 0.4822
-16.4500 0.8076 0.4369
-15.3000 0.8563 0.3873
-14.4000 0.8569 0.3689
-13.6500 0.8633 0.3571
-12.7000 0.8598 0.3279
-11.3000 0.8749 0.3020
-10.3500 0.8992 0.2621
-9.1000 0.9368 0.2276
-8.2000 0.9299 0.2125
-7.4500 0.9264 0.2028
-6.2000 0.9276 0.1802
-5.4000 0.9351 0.1618
-4.3500 0.9537 0.1327
-3.3000 0.9728 0.1068
-2.6000 0.9722 0.0960
-1.6000 0.9647 0.0906
-0.7000 0.9728 0.0701
-0.0000 0.9849 0.0475
1.0000 0.9971 0.0227
1.6500 0.9983 0.0173
2.5000 1.0000 0.0000
