0.3158 0.0000 0.0000
0.3158 4.5000 0.0870
0.4211 5.2500 0.1130
0.2105 1.0000 0.1565
-0.0000 1.2500 0.1739
0.1053 -0.5000 0.1913
0.0526 2.7500 0.2435
0.0526 1.5000 0.2783
0.0526 -2.7500 0.3130
0.1053 0.0000 0.3652
0.2632 -5.5000 0.4087
0.3684 -1.2500 0.4783
0.4211 -5.2500 0.5217
0.3684 -3.5000 0.5826
0.4737 -7.7500 0.5913
0.7368 -9.0000 0.6435
0.8947 -8.2500 0.6957
0.8947 -10.2500 0.7565
0.7368 -7.7500 0.8435
1.0000 -10.0000 0.8609
0.7895 -12.7500 0.8870
0.4737 -17.0000 0.8957
0.2632 -12.5000 1.0000
0.1053 -12.7500 0.9652
0.2632 -15.5000 0.9217
0.1579 -18.5000 0.9130
0.0526 -24.2500 0.8870
0.2632 -24.0000 0.8870
0.3158 -24.7500 0.8435
0.4737 -26.0000 0.8348
0.1579 -31.5000 0.7217
0.4211 -34.5000 0.6783
0.3684 -37.7500 0.5739
0.4211 -36.7500 0.5304
0.4737 -40.0000 0.4522
0.6316 -39.5000 0.4087
0.8421 -39.2500 0.2957
0.6316 -39.2500 0.2522
0.6316 -40.0000 0.1043
0.7368 -42.0000 0.0174
