1.0000 0.0000 1.0000
0.9158 0.0033 0.9481
0.8351 0.0289 0.8257
0.7663 0.0314 0.7697
0.6959 0.0653 0.6390
0.6271 0.0826 0.5892
0.5619 0.1157 0.4876
0.5017 0.1264 0.4461
0.4399 0.1628 0.3714
0.3814 0.1793 0.3299
0.3230 0.2215 0.2386
0.2818 0.2421 0.2158
0.2371 0.2868 0.1618
0.2027 0.3116 0.1390
0.1718 0.3471 0.0975
0.1460 0.3760 0.0705
0.1151 0.4091 0.0581
0.0876 0.4496 0.0290
0.0670 0.4818 0.0415
0.0533 0.5107 0.0311
0.0344 0.5529 0.0249
0.0172 0.5934 0.0000
0.0137 0.6198 0.0290
0.0069 0.6496 0.0187
0.0069 0.6802 0.0498
0.0000 0.7157 0.0394
0.0189 0.7430 0.0622
0.0344 0.7736 0.0560
0.0498 0.7909 0.0871
0.0653 0.8231 0.0851
0.0893 0.8380 0.1162
0.0979 0.8694 0.1058
0.1168 0.8876 0.1079
0.1340 0.9099 0.1266
0.1649 0.9207 0.1369
0.1787 0.9413 0.1598
0.1976 0.9570 0.1515
0.2216 0.9669 0.1680
0.2388 0.9934 0.1245
0.2543 1.0000 0.1494
