1.0000 15.5625 0.0000
0.9776 14.8125 0.0489
0.9553 14.3750 0.0578
0.9351 13.8125 0.0978
0.9060 12.8750 0.1156
0.8837 11.8750 0.1467
0.8613 11.4375 0.1689
0.8322 11.0000 0.2089
0.8076 10.4375 0.2311
0.7875 9.5625 0.2711
0.7606 9.1250 0.2756
0.7315 8.5625 0.3333
0.7092 7.7500 0.3378
0.6823 6.9375 0.3822
0.6532 6.4375 0.4000
0.6331 5.9375 0.4311
0.6018 5.5000 0.4489
0.5772 4.8750 0.4978
0.5548 4.4375 0.4933
0.5324 3.6250 0.5333
0.5034 3.1875 0.5467
0.4810 2.7500 0.5822
0.4586 2.1250 0.6000
0.4362 1.3125 0.6311
0.4116 1.0000 0.6267
0.3826 0.0000 0.6889
0.3647 -0.1250 0.6844
0.3333 -0.8125 0.7156
0.3110 -1.0000 0.7200
0.2841 -1.0625 0.7600
0.2573 -1.6875 0.7689
0.2327 -2.3125 0.8089
0.2081 -2.7500 0.8178
0.1790 -3.3125 0.8444
0.1521 -3.8125 0.8533
0.1163 -3.5625 0.9022
0.0917 -3.9375 0.9244
0.0649 -4.6250 0.9467
0.0380 -5.3125 0.9511
0.0000 -5.7500 1.0000
