-0.0000 1.5956 1.0000
0.0130 1.3603 0.9837
0.0325 1.0000 0.9593
0.0519 0.8529 0.9533
0.0671 0.7868 0.9350
0.0887 0.7574 0.9228
0.1104 0.5882 0.8882
0.1407 0.2794 0.8618
0.1645 -0.0074 0.8313
0.1818 -0.0882 0.8211
0.1948 0.0000 0.7947
0.2100 -0.1176 0.7805
0.2251 -0.3235 0.7317
0.2511 -0.6029 0.6992
0.2684 -0.8603 0.6646
0.2857 -0.9779 0.6565
0.2987 -1.0221 0.6260
0.3247 -1.1471 0.6016
0.3571 -1.3162 0.5528
0.3896 -1.4926 0.5325
0.4177 -1.5515 0.4980
0.4329 -1.5809 0.4837
0.4545 -1.7426 0.4390
0.4848 -1.8750 0.4146
0.5065 -2.0221 0.3760
0.5281 -2.0882 0.3638
0.5563 -2.1765 0.3211
0.5952 -2.2721 0.3008
0.6255 -2.3382 0.2602
0.6602 -2.3971 0.2480
0.6818 -2.4044 0.2093
0.7143 -2.5809 0.1850
0.7511 -2.7206 0.1484
0.7792 -2.8529 0.1362
0.8074 -2.8456 0.1037
0.8506 -2.8750 0.0894
0.8874 -2.9706 0.0447
0.9329 -3.1103 0.0305
0.9697 -3.1029 0.0020
1.0000 -3.0588 0.0000
