-0.0000 4.5926 0.9964
0.0202 3.5926 1.0000
0.0376 2.8889 0.9457
0.0565 1.8148 0.9565
0.0659 1.0000 0.9058
0.0860 -0.1481 0.9058
0.0941 -0.5556 0.8442
0.1116 -1.4074 0.8370
0.1223 -1.6667 0.7717
0.1452 -2.3333 0.7572
0.1532 -2.6667 0.6884
0.1788 -2.8519 0.6486
0.1895 -2.9630 0.5652
0.2151 -3.1852 0.5254
0.2245 -2.8519 0.4384
0.2487 -3.0000 0.4022
0.2581 -2.8519 0.3188
0.2863 -2.9259 0.2899
0.3024 -2.5926 0.2283
0.3374 -2.7407 0.2138
0.3589 -2.2593 0.1630
0.3952 -2.5926 0.1522
0.4126 -2.4815 0.1304
0.4435 -2.2593 0.1268
0.4731 -2.1111 0.0978
0.5081 -2.1481 0.1123
0.5309 -1.6296 0.1014
0.5685 -1.3333 0.1341
0.5914 -0.4815 0.1196
0.6317 0.0000 0.1377
0.6586 1.0370 0.1232
0.7030 1.5926 0.1449
0.7285 2.7407 0.1232
0.7728 3.3704 0.1341
0.7970 4.6296 0.1051
0.8427 5.9259 0.1087
0.8696 7.6667 0.0652
0.9140 8.7778 0.0652
0.9476 10.4815 0.0145
1.0000 11.6296 0.0000
