0.60628663 0.70748899 0.00000000
0.60841769 0.71629956 0.02605210
0.60895045 0.72863436 0.05210421
0.61108151 0.74537445 0.05010020
0.61267981 0.75770925 0.07414830
0.61481087 0.76651982 0.09619238
0.61321257 0.77797357 0.13026052
0.61267981 0.78678414 0.14228457
0.60895045 0.80352423 0.12825651
0.60628663 0.81762115 0.13226453
0.60149174 0.82643172 0.14028056
0.59350027 0.84052863 0.16633267
0.58550879 0.84845815 0.17434870
0.57591902 0.86343612 0.17434870
0.56366542 0.88634361 0.14829659
0.55034630 0.89427313 0.15030060
0.53329782 0.91101322 0.16232465
0.51411827 0.91894273 0.17835671
0.49280767 0.93392070 0.18036072
0.46670218 0.95154185 0.16432866
0.43846564 0.96740088 0.15230461
0.40756526 0.98766520 0.14829659
0.37506660 0.98854626 0.18236473
0.33883857 0.99295154 0.20641283
0.30101225 1.00000000 0.21442886
0.26105487 0.99823789 0.20440882
0.22056473 0.99735683 0.21242485
0.17794353 0.97268722 0.25651303
0.13798615 0.94449339 0.32665331
0.10175812 0.90132159 0.36673347
0.06659563 0.85110132 0.40681363
0.03409696 0.80440529 0.38877756
0.01278636 0.73656388 0.44488978
0.00319659 0.65550661 0.52705411
0.00000000 0.56123348 0.60120240
0.00426212 0.47048458 0.62725451
0.01704848 0.38414097 0.61523046
0.03622802 0.30396476 0.60921844
0.06659563 0.22555066 0.62725451
0.10388918 0.15330396 0.65330661
0.14544486 0.09251101 0.67535070
0.19179542 0.04669604 0.64929860
0.23974427 0.02907489 0.60521042
0.28716036 0.01233480 0.59318637
0.33937134 0.00000000 0.59719439
0.38678743 0.00176211 0.58717435
0.43207246 0.00704846 0.56713427
0.47629196 0.02819383 0.54308617
0.51784763 0.04845815 0.52505010
0.55407565 0.06519824 0.53106212
0.58923815 0.09339207 0.53306613
0.62013852 0.10748899 0.53507014
0.65370272 0.14449339 0.51903808
0.68087373 0.17092511 0.51903808
0.70431540 0.19559471 0.54108216
0.72562600 0.22114537 0.55511022
0.74746937 0.24140969 0.57715431
0.76451785 0.27400881 0.56913828
0.78263186 0.29867841 0.57715431
0.79595099 0.32246696 0.59719439
0.80873735 0.34537445 0.61322645
0.82152371 0.36299559 0.63126253
0.83217901 0.39118943 0.64929860
0.84496537 0.40088106 0.65731463
0.85402238 0.42378855 0.67535070
0.86201385 0.44052863 0.68336673
0.86734150 0.45638767 0.69739479
0.87373468 0.47136564 0.71943888
0.88066063 0.48546256 0.73346693
0.88545551 0.50572687 0.73146293
0.89078316 0.52070485 0.74549098
0.89877464 0.53744493 0.75951904
0.90463506 0.54625551 0.79158317
0.90836441 0.56387665 0.79759519
0.91262653 0.57268722 0.81162325
0.91475759 0.58237885 0.82965932
0.92061801 0.60264317 0.82565130
0.92488013 0.61057269 0.83967936
0.92860948 0.61850220 0.85971944
0.93287160 0.63171806 0.87174349
0.93713372 0.64493392 0.88577154
0.94299414 0.65110132 0.88376754
0.94778903 0.65903084 0.89579158
0.95098562 0.67048458 0.89378758
0.95418221 0.67753304 0.91182365
0.95737880 0.68193833 0.91783567
0.96110815 0.69603524 0.91783567
0.96537027 0.70660793 0.92184369
0.96856686 0.71718062 0.92985972
0.96963239 0.72599119 0.93587174
0.97389451 0.73392070 0.94589178
0.97868940 0.74273128 0.94789579
0.98454981 0.75330396 0.95591182
0.98561534 0.75594714 0.96392786
0.98614811 0.76828194 0.97194389
0.98881193 0.77621145 0.96993988
0.99307405 0.79471366 0.96392786
0.99627064 0.80176211 0.97394790
0.99840170 0.81057269 0.98997996
1.00000000 0.82114537 1.00000000
