1.8462 -9.8400 0.1311
2.0385 -9.8267 0.1276
2.3462 -9.7333 0.1265
2.4231 -9.7067 0.1219
2.5769 -9.6133 0.1192
2.6923 -9.5800 0.1142
2.7692 -9.4000 0.1119
2.7308 -9.2800 0.1077
2.9231 -9.1867 0.1020
2.8462 -9.1067 0.0966
2.9231 -8.9467 0.0935
2.6923 -8.7867 0.0870
2.6154 -8.5933 0.0797
2.1923 -8.4333 0.0732
1.8462 -8.1600 0.0675
1.5385 -7.9000 0.0594
1.0000 -7.5667 0.0517
-0.0769 -7.2200 0.0433
-1.1538 -6.7733 0.0353
-2.3077 -6.3667 0.0241
-4.0769 -5.7933 0.0161
-6.2308 -5.1333 0.0092
-9.0000 -4.3333 0.0034
-12.3846 -3.4600 0.0011
-16.6923 -2.4600 0.0000
-22.0000 -1.3267 0.0069
-28.9231 0.0000 0.0184
-37.5385 1.4467 0.0425
-48.0769 3.0067 0.0759
-61.0000 4.5933 0.1319
-76.3077 6.0800 0.2054
-93.7692 7.2600 0.3047
-113.0769 7.9467 0.4159
-132.5385 7.7400 0.5470
-151.2308 6.7267 0.6838
-166.3846 4.3600 0.8141
-176.2308 1.0000 0.9138
-178.1923 -3.4400 0.9785
-174.4615 -8.0867 1.0000
-163.6923 -12.7267 0.9701
-147.8846 -16.6200 0.8984
-127.9615 -19.7000 0.7999
-107.7308 -21.4400 0.6938
-87.6154 -22.3067 0.5818
-70.5000 -22.1333 0.4818
-55.0769 -21.5667 0.3956
-42.7692 -20.5467 0.3281
-32.0385 -19.4400 0.2706
-23.7308 -18.3333 0.2265
-16.9615 -17.1867 0.1959
-11.5385 -16.1133 0.1744
-6.8846 -15.0933 0.1610
-3.2308 -14.2200 0.1522
0.0000 -13.3733 0.1491
2.7308 -12.6067 0.1487
4.8846 -11.9000 0.1518
6.9231 -11.3467 0.1541
8.6538 -10.8267 0.1598
10.2692 -10.3067 0.1683
11.4615 -9.8800 0.1786
12.8846 -9.6000 0.1870
13.7308 -9.3267 0.1966
14.7692 -9.1133 0.2070
15.5769 -8.8533 0.2169
16.3846 -8.7733 0.2258
16.8846 -8.5800 0.2357
17.5769 -8.5000 0.2457
18.0385 -8.4267 0.2541
18.5769 -8.5200 0.2599
18.9231 -8.4933 0.2660
19.3462 -8.5267 0.2729
19.6538 -8.5333 0.2744
19.8462 -8.6667 0.2748
19.9615 -8.7800 0.2737
20.2692 -8.8467 0.2744
20.1923 -8.8733 0.2721
20.2692 -9.0067 0.2675
20.0000 -9.1067 0.2580
19.8846 -9.2000 0.2507
19.6923 -9.2400 0.2411
19.6923 -9.2467 0.2342
19.1923 -9.2733 0.2250
19.0385 -9.2200 0.2181
18.7308 -9.2467 0.2097
18.4231 -9.2267 0.2012
17.9615 -9.1800 0.1916
17.7308 -9.1533 0.1847
17.1923 -9.0400 0.1775
16.7692 -9.0000 0.1725
16.3846 -8.9333 0.1656
16.1923 -8.9067 0.1610
15.6154 -8.7733 0.1579
15.3462 -8.7800 0.1522
15.0000 -8.6533 0.1483
14.8462 -8.6600 0.1456
14.2692 -8.5067 0.1445
13.9615 -8.4867 0.1456
13.6538 -8.3933 0.1430
13.3846 -8.3400 0.1426
12.6923 -8.3000 0.1403
