0.2083 1.0000 0.0187
0.2083 0.8667 0.0748
0.3333 0.9926 0.0000
0.2083 0.8815 0.0654
0.3750 0.9852 0.0093
0.2500 0.8815 0.0748
0.4167 0.9704 0.0374
0.2083 0.8444 0.0935
0.4583 0.9704 0.0467
0.1667 0.8444 0.1121
0.3750 0.9704 0.0654
0.1667 0.8593 0.1402
0.3750 0.9407 0.0654
0.1667 0.8222 0.1495
0.3750 0.8963 0.0935
0.0417 0.8222 0.1589
0.2083 0.8889 0.0935
0.0833 0.8370 0.1495
0.3333 0.8963 0.0935
0.2083 0.8370 0.1589
0.6667 0.8741 0.1028
0.3750 0.8222 0.1869
0.6250 0.8963 0.1495
0.3333 0.8370 0.1963
0.5417 0.9037 0.1589
0.3750 0.8222 0.2056
0.6667 0.8815 0.1495
0.2500 0.8370 0.2430
0.6250 0.8741 0.1869
0.1667 0.8148 0.2430
0.5000 0.8593 0.2336
-0.0000 0.7852 0.2617
0.5417 0.8074 0.1963
0.2083 0.7704 0.2430
0.5000 0.7926 0.2056
0.2917 0.7481 0.2710
0.5833 0.7704 0.2336
0.2083 0.7185 0.2710
0.5000 0.7630 0.2523
0.1250 0.7037 0.2991
0.4583 0.7333 0.2804
0.1250 0.7111 0.3458
0.4583 0.7111 0.3178
0.0417 0.6963 0.3551
0.3750 0.6741 0.3551
0.0417 0.6667 0.3925
0.3750 0.6593 0.3738
-0.0000 0.6370 0.4019
0.3333 0.6593 0.3925
0.0417 0.6222 0.4019
0.4583 0.6148 0.3551
0.1250 0.5778 0.4019
0.5000 0.5704 0.4019
0.1250 0.5778 0.4393
0.3333 0.5407 0.4299
-0.0000 0.5481 0.4206
0.2917 0.4889 0.4393
-0.0000 0.4593 0.4766
0.3333 0.4370 0.4673
-0.0000 0.4370 0.5140
0.2500 0.4296 0.4953
-0.0000 0.4074 0.5140
0.2500 0.3704 0.5047
0.1250 0.3556 0.5234
0.5000 0.3333 0.5140
0.2083 0.3556 0.5607
0.4583 0.3481 0.5514
0.1250 0.3852 0.5794
0.3333 0.3259 0.5794
0.1250 0.3333 0.6075
0.4167 0.2963 0.6355
0.1250 0.3037 0.6355
0.3333 0.2889 0.6449
0.0833 0.3185 0.6729
0.3750 0.2815 0.6449
0.1250 0.2519 0.6729
0.5417 0.2296 0.6542
0.2083 0.2370 0.6636
0.5000 0.2296 0.6822
0.2500 0.2222 0.6822
0.4583 0.1926 0.7477
0.2500 0.1630 0.7290
0.6667 0.1630 0.7383
0.5000 0.1778 0.7477
0.6667 0.1407 0.7664
0.4583 0.1704 0.7664
0.5833 0.1185 0.7757
0.4583 0.1556 0.7850
0.7500 0.1111 0.8318
0.7083 0.1037 0.8224
0.9583 0.0889 0.8411
0.7500 0.0963 0.8692
0.8750 0.0667 0.9159
0.6667 0.0815 0.9252
0.9167 0.0444 0.9533
0.7917 0.0444 0.9439
1.0000 0.0222 0.9626
0.7917 -0.0000 0.9907
1.0000 -0.0000 1.0000
0.8750 0.0074 1.0000
