0.00000000 1.00000000 0.92031873
0.00724638 0.99551570 0.92629482
0.01739130 0.98206278 0.92629482
0.03188406 0.96636771 0.93426295
0.04057971 0.94843049 0.92629482
0.05652174 0.94394619 0.93625498
0.07101449 0.91031390 0.93227092
0.07971014 0.90582960 0.92828685
0.09565217 0.89013453 0.93027888
0.10434783 0.87443946 0.93227092
0.11449275 0.85426009 0.94023904
0.13333333 0.86098655 0.93426295
0.13768116 0.83632287 0.93426295
0.14492754 0.81838565 0.93426295
0.15797101 0.79372197 0.93426295
0.17101449 0.76233184 0.92629482
0.18405797 0.76681614 0.93027888
0.19565217 0.73318386 0.92430279
0.19565217 0.72197309 0.92031873
0.20579710 0.69282511 0.91035857
0.21884058 0.65695067 0.90239044
0.22898551 0.61883408 0.89840637
0.23623188 0.62780269 0.89043825
0.24202899 0.60313901 0.88645418
0.25797101 0.58071749 0.87649402
0.27391304 0.54260090 0.86254980
0.27971014 0.50000000 0.85458167
0.29420290 0.49551570 0.84063745
0.30434783 0.47533632 0.82470120
0.30579710 0.46188341 0.81274900
0.31449275 0.43721973 0.79681275
0.32608696 0.39910314 0.78286853
0.33623188 0.35650224 0.76892430
0.34057971 0.35201794 0.75498008
0.33913043 0.34977578 0.74302789
0.35217391 0.32959641 0.72709163
0.36521739 0.30717489 0.70717131
0.36956522 0.23991031 0.68127490
0.38115942 0.26905830 0.66932271
0.38260870 0.23318386 0.64541833
0.39130435 0.23094170 0.62549801
0.39855072 0.21076233 0.60557769
0.40869565 0.15919283 0.57968127
0.41159420 0.13901345 0.55776892
0.42898551 0.12331839 0.53585657
0.43043478 0.11659193 0.50597610
0.44637681 0.12331839 0.48207171
0.45652174 0.08744395 0.45418327
0.46521739 0.04035874 0.42231076
0.47246377 0.04708520 0.39243028
0.47826087 0.04260090 0.36653386
0.48260870 0.05605381 0.33864542
0.49565217 0.03587444 0.31673307
0.49710145 0.01345291 0.28486056
0.50434783 0.01569507 0.26095618
0.51159420 0.00000000 0.23107570
0.51884058 0.03363229 0.20717131
0.52608696 0.04260090 0.17928287
0.53768116 0.02242152 0.15537849
0.54927536 0.02017937 0.12151394
0.55652174 0.01569507 0.10756972
0.56086957 0.07847534 0.08167331
0.56521739 0.09865471 0.07171315
0.58260870 0.10089686 0.05179283
0.59565217 0.09192825 0.03187251
0.60434783 0.08520179 0.02390438
0.60724638 0.11434978 0.01195219
0.62028986 0.17488789 0.00597610
0.63478261 0.19955157 0.00597610
0.65217391 0.20403587 0.00000000
0.66231884 0.20852018 0.00996016
0.66811594 0.21973094 0.00597610
0.67246377 0.30269058 0.02390438
0.68695652 0.33632287 0.03784861
0.70000000 0.34977578 0.05976096
0.71449275 0.34977578 0.08167331
0.72753623 0.35201794 0.10557769
0.73623188 0.39686099 0.12948207
0.74347826 0.46188341 0.15737052
0.76086957 0.48654709 0.18924303
0.77681159 0.49103139 0.22709163
0.78260870 0.48206278 0.26693227
0.78985507 0.49551570 0.30677291
0.80289855 0.53363229 0.35258964
0.82608696 0.56502242 0.39641434
0.84057971 0.55605381 0.44023904
0.85072464 0.54260090 0.48207171
0.86231884 0.54708520 0.52191235
0.87971014 0.52914798 0.56972112
0.89855072 0.54932735 0.61354582
0.90724638 0.53587444 0.66135458
0.91449275 0.50672646 0.70318725
0.92173913 0.47085202 0.74501992
0.93478261 0.41255605 0.78884462
0.94492754 0.45291480 0.83266932
0.95797101 0.40358744 0.87250996
0.96811594 0.34977578 0.90637450
0.97681159 0.25112108 0.94023904
0.99130435 0.20852018 0.97211155
1.00000000 0.21300448 1.00000000
