1.00000000 0.00000000 0.14950980
0.99310345 0.01149425 0.14705882
0.97931034 0.02177858 0.12745098
0.98275862 0.03508772 0.11519608
0.98620690 0.03992740 0.10294118
0.98620690 0.04960678 0.08578431
0.97586207 0.05868119 0.07598039
0.96206897 0.07017544 0.07598039
0.97586207 0.07803993 0.05637255
0.95517241 0.09195402 0.06127451
0.96551724 0.09921355 0.04656863
0.96551724 0.11010284 0.04901961
0.97241379 0.11554749 0.03186275
0.95862069 0.12764670 0.03186275
0.97586207 0.13793103 0.02450980
0.96206897 0.15003025 0.03431373
0.96896552 0.15970962 0.01470588
0.95517241 0.17241379 0.01960784
0.95862069 0.17846340 0.00735294
0.95172414 0.18874773 0.01715686
0.94482759 0.19782214 0.00000000
0.92758621 0.21113128 0.00980392
0.92758621 0.21899577 0.00490196
0.92068966 0.22988506 0.01715686
0.91034483 0.24137931 0.01225490
0.90344828 0.25347852 0.02205882
0.91379310 0.26013309 0.01960784
0.91724138 0.27283727 0.01960784
0.91034483 0.28191168 0.02205882
0.90344828 0.29219601 0.02450980
0.90344828 0.30248034 0.02450980
0.89310345 0.31578947 0.03921569
0.89655172 0.32667877 0.04166667
0.88965517 0.33817302 0.05147059
0.88275862 0.34422263 0.04901961
0.87931034 0.35692680 0.05882353
0.87931034 0.36539625 0.06127451
0.86896552 0.37749546 0.07598039
0.86206897 0.38535995 0.07598039
0.86206897 0.39806413 0.09313725
0.86551724 0.40834846 0.10049020
0.86551724 0.42347247 0.11274510
0.85517241 0.42891712 0.11519608
0.85517241 0.44101633 0.12500000
0.85862069 0.45130067 0.12990196
0.85172414 0.45977011 0.13970588
0.83793103 0.47005445 0.14705882
0.84137931 0.48396854 0.15931373
0.83793103 0.49606776 0.17892157
0.83448276 0.50574713 0.19117647
0.81379310 0.51482154 0.20098039
0.80689655 0.52450091 0.20588235
0.80000000 0.53539020 0.22794118
0.79655172 0.54506957 0.24019608
0.78275862 0.55474894 0.25735294
0.76206897 0.56140351 0.26470588
0.75517241 0.57592257 0.28676471
0.75517241 0.58741682 0.30882353
0.73793103 0.59649123 0.32598039
0.72413793 0.60677556 0.33088235
0.71379310 0.61584997 0.35049020
0.69655172 0.62613430 0.36764706
0.69310345 0.63702359 0.38725490
0.67931034 0.64246824 0.39215686
0.66206897 0.65275257 0.40931373
0.63793103 0.66303690 0.42647059
0.63448276 0.67513612 0.44607843
0.61379310 0.68421053 0.46568627
0.60689655 0.69207502 0.47549020
0.57586207 0.70235935 0.49019608
0.56206897 0.70961887 0.50490196
0.54137931 0.71990321 0.52696078
0.52758621 0.72837266 0.53676471
0.51034483 0.73563218 0.55392157
0.49310345 0.74349667 0.56372549
0.46896552 0.75378100 0.58333333
0.45862069 0.76527526 0.60784314
0.43448276 0.77555959 0.62500000
0.42068966 0.78342408 0.63235294
0.39310345 0.79249849 0.65686275
0.38965517 0.79854809 0.66911765
0.35517241 0.80943739 0.68627451
0.34482759 0.82093164 0.70098039
0.30689655 0.83666062 0.72549020
0.29655172 0.84150030 0.73529412
0.27586207 0.85057471 0.75490196
0.25862069 0.85783424 0.76470588
0.22758621 0.87053842 0.78431373
0.21724138 0.87840290 0.79901961
0.19310345 0.88808227 0.82598039
0.17931034 0.89473684 0.84803922
0.17241379 0.90623109 0.85294118
0.14827586 0.91893527 0.86274510
0.11724138 0.93224440 0.88725490
0.09655172 0.94131881 0.90686275
0.07241379 0.95523291 0.92156863
0.05862069 0.96612220 0.94117647
0.03793103 0.97882638 0.96568627
0.02068966 0.99032063 0.98529412
0.00000000 1.00000000 1.00000000
