1.00000000 1.00000000 0.00000000
1.00000000 0.99228792 0.00478469
0.98591549 0.98457584 0.02392344
0.98591549 0.98071979 0.04306220
0.98591549 0.97557841 0.06220096
0.97183099 0.97043702 0.08612440
0.94366197 0.96015424 0.10047847
0.94366197 0.95758355 0.11004785
0.92957746 0.95886889 0.13875598
0.90140845 0.94987147 0.15311005
0.88732394 0.94473008 0.19138756
0.87323944 0.93316195 0.20574163
0.81690141 0.93444730 0.23923445
0.81690141 0.92287918 0.25358852
0.80281690 0.91002571 0.27751196
0.80281690 0.90102828 0.30143541
0.77464789 0.89845758 0.32057416
0.76056338 0.88303342 0.32535885
0.74647887 0.88046272 0.36363636
0.73239437 0.87660668 0.36842105
0.67605634 0.87275064 0.39712919
0.66197183 0.86246787 0.39712919
0.63380282 0.85732648 0.42105263
0.59154930 0.85732648 0.43540670
0.52112676 0.85218509 0.45933014
0.49295775 0.84061697 0.46411483
0.47887324 0.83804627 0.49760766
0.45070423 0.83161954 0.49760766
0.46478873 0.82133676 0.52153110
0.45070423 0.81233933 0.53110048
0.46478873 0.80719794 0.55502392
0.42253521 0.80077121 0.55980861
0.46478873 0.79434447 0.58851675
0.40845070 0.78791774 0.59808612
0.47887324 0.78149100 0.61722488
0.43661972 0.76863753 0.63157895
0.43661972 0.75835476 0.66028708
0.38028169 0.75192802 0.67464115
0.42253521 0.74035990 0.69377990
0.42253521 0.72493573 0.71291866
0.46478873 0.72107969 0.72727273
0.43661972 0.71336761 0.73684211
0.45070423 0.70308483 0.75598086
0.38028169 0.69280206 0.77033493
0.35211268 0.68894602 0.77033493
0.33802817 0.67352185 0.79425837
0.33802817 0.66452442 0.79904306
0.28169014 0.65809769 0.80861244
0.26760563 0.64652956 0.81339713
0.22535211 0.63881748 0.81818182
0.22535211 0.63753213 0.84210526
0.25352113 0.62596401 0.83253589
0.19718310 0.61439589 0.83732057
0.22535211 0.60539846 0.84210526
0.19718310 0.59640103 0.85167464
0.19718310 0.58097686 0.86124402
0.21126761 0.57840617 0.87081340
0.21126761 0.56298201 0.86602871
0.21126761 0.55012853 0.88038278
0.19718310 0.53984576 0.89952153
0.22535211 0.53213368 0.89952153
0.25352113 0.51670951 0.90430622
0.21126761 0.50771208 0.92344498
0.22535211 0.49485861 0.92822967
0.15492958 0.48714653 0.94258373
0.18309859 0.47043702 0.93779904
0.12676056 0.46272494 0.95693780
0.09859155 0.44987147 0.95693780
0.05633803 0.44087404 0.96172249
0.04225352 0.42930591 0.96172249
0.02816901 0.42802057 0.97607656
0.05633803 0.41259640 0.96172249
0.00000000 0.40102828 0.97129187
0.07042254 0.38817481 0.96172249
0.05633803 0.38174807 0.96650718
0.11267606 0.36246787 0.97129187
0.11267606 0.35347044 0.97129187
0.15492958 0.34061697 0.98086124
0.18309859 0.32390746 0.99043062
0.22535211 0.30719794 0.98564593
0.26760563 0.29434447 0.98086124
0.28169014 0.27506427 0.98564593
0.29577465 0.26606684 0.98086124
0.33802817 0.24678663 0.99043062
0.38028169 0.23264781 0.99043062
0.32394366 0.20822622 1.00000000
0.35211268 0.19537275 0.99043062
0.36619718 0.17866324 0.98086124
0.38028169 0.16066838 0.97607656
0.40845070 0.14652956 0.96650718
0.42253521 0.13753213 0.94258373
0.47887324 0.11053985 0.92822967
0.47887324 0.10411311 0.91866029
0.47887324 0.08097686 0.90430622
0.50704225 0.07455013 0.88995215
0.49295775 0.05784062 0.88516746
0.53521127 0.04370180 0.87081340
0.52112676 0.03341902 0.86124402
0.56338028 0.01928021 0.84210526
0.59154930 0.00000000 0.85167464
