0.93627451 0.00000000 1.00000000
0.93137255 0.01971831 0.97959184
0.93137255 0.02816901 0.92517007
0.93627451 0.02253521 0.92517007
0.95588235 0.00281690 0.92517007
0.93137255 0.01971831 0.91836735
0.94607843 0.03661972 0.83673469
0.95098039 0.05070423 0.80272109
0.96568627 0.04225352 0.78911565
0.97058824 0.03380282 0.80952381
0.97058824 0.04225352 0.77551020
0.96078431 0.05915493 0.76190476
0.96568627 0.04225352 0.72789116
0.96078431 0.06478873 0.72789116
0.97549020 0.06197183 0.70068027
0.97058824 0.05915493 0.67346939
0.96078431 0.06478873 0.63265306
0.98529412 0.06760563 0.59863946
0.99509804 0.04225352 0.57142857
0.99019608 0.06760563 0.57142857
0.97549020 0.04788732 0.59183673
1.00000000 0.06760563 0.52380952
0.95588235 0.07042254 0.50340136
0.96568627 0.07887324 0.48979592
0.96078431 0.07605634 0.46258503
0.96568627 0.08450704 0.42857143
0.94607843 0.08732394 0.42176871
0.96078431 0.08732394 0.41496599
0.93627451 0.10140845 0.42176871
0.96078431 0.10140845 0.40136054
0.92647059 0.10140845 0.38775510
0.92156863 0.11267606 0.38095238
0.91176471 0.13239437 0.35374150
0.91666667 0.12112676 0.35374150
0.90196078 0.12676056 0.34013605
0.89215686 0.13521127 0.34013605
0.88725490 0.14929577 0.29251701
0.87745098 0.16338028 0.29251701
0.87745098 0.18028169 0.27210884
0.87254902 0.17183099 0.29251701
0.85784314 0.18309859 0.27210884
0.83823529 0.20845070 0.29251701
0.83823529 0.21126761 0.26530612
0.81862745 0.22535211 0.25850340
0.82352941 0.23943662 0.23809524
0.81372549 0.26478873 0.25850340
0.82352941 0.25070423 0.21768707
0.81862745 0.27605634 0.23809524
0.82843137 0.27887324 0.23809524
0.80882353 0.29577465 0.23809524
0.81372549 0.30140845 0.21768707
0.80882353 0.31830986 0.19727891
0.81862745 0.32394366 0.18367347
0.81372549 0.34084507 0.17687075
0.80392157 0.34366197 0.16326531
0.79901961 0.36338028 0.14965986
0.80392157 0.35774648 0.15646259
0.79901961 0.38309859 0.15646259
0.78431373 0.40000000 0.12925170
0.76960784 0.43098592 0.11564626
0.76470588 0.42535211 0.11564626
0.75000000 0.44507042 0.12925170
0.73039216 0.47042254 0.13605442
0.72549020 0.48450704 0.11564626
0.71078431 0.47887324 0.10884354
0.70098039 0.49577465 0.13605442
0.68627451 0.50985915 0.13605442
0.67647059 0.53521127 0.10204082
0.66176471 0.52957746 0.09523810
0.63235294 0.55211268 0.10204082
0.62745098 0.56619718 0.11564626
0.63725490 0.58591549 0.08163265
0.60784314 0.57746479 0.07482993
0.59313725 0.59718310 0.08163265
0.56862745 0.59436620 0.10204082
0.55882353 0.61126761 0.06802721
0.54901961 0.63380282 0.06122449
0.52450980 0.65915493 0.06122449
0.50490196 0.66760563 0.06802721
0.49509804 0.67323944 0.06122449
0.47549020 0.67605634 0.05442177
0.46568627 0.70140845 0.04761905
0.43137255 0.70704225 0.09523810
0.42156863 0.70704225 0.06802721
0.40196078 0.73239437 0.02721088
0.38725490 0.75492958 0.02040816
0.34803922 0.76901408 0.04761905
0.34313725 0.77464789 0.01360544
0.29901961 0.79154930 0.00680272
0.27941176 0.80845070 0.00000000
0.24509804 0.83380282 0.03401361
0.23039216 0.83943662 0.02721088
0.19607843 0.86478873 0.02040816
0.16666667 0.88169014 0.01360544
0.14705882 0.90985915 0.04761905
0.10294118 0.92112676 0.03401361
0.07352941 0.93521127 0.00680272
0.03921569 0.96619718 0.04081633
0.03921569 0.97746479 0.01360544
0.00000000 1.00000000 0.06122449
