1.00000000 1.00000000 0.60098522
0.98214286 0.98039216 0.62315271
0.95982143 0.96229261 0.64285714
0.94642857 0.93514329 0.66748768
0.94196429 0.93363499 0.65517241
0.93750000 0.91704374 0.68226601
0.91517857 0.89592760 0.70935961
0.90178571 0.87782805 0.73399015
0.87946429 0.84917044 0.76600985
0.89285714 0.84313725 0.77093596
0.90625000 0.82805430 0.78325123
0.90625000 0.81297134 0.80049261
0.88392857 0.78883861 0.82512315
0.88392857 0.76772247 0.83990148
0.87500000 0.74962293 0.85467980
0.89732143 0.73755656 0.85467980
0.86607143 0.72247360 0.86945813
0.86607143 0.70739065 0.89408867
0.82589286 0.67420814 0.92610837
0.83035714 0.66666667 0.93103448
0.80803571 0.63800905 0.94088670
0.79017857 0.61689291 0.95812808
0.76339286 0.59125189 0.96798030
0.74107143 0.56259427 0.98029557
0.72767857 0.54751131 0.97536946
0.73660714 0.51282051 0.98275862
0.70089286 0.49019608 0.99261084
0.68303571 0.45701357 0.99753695
0.64732143 0.43891403 1.00000000
0.64732143 0.41025641 0.99014778
0.64732143 0.38612368 0.98275862
0.62946429 0.35897436 0.98522167
0.61607143 0.32880845 0.96798030
0.59375000 0.30920060 0.96798030
0.57589286 0.29110106 0.94334975
0.56696429 0.27149321 0.93103448
0.54464286 0.23529412 0.92610837
0.51785714 0.20814480 0.92610837
0.49553571 0.18853695 0.90147783
0.48660714 0.18099548 0.87192118
0.48660714 0.15987934 0.85467980
0.49107143 0.13574661 0.82758621
0.45089286 0.11010558 0.80788177
0.42857143 0.08597285 0.79310345
0.41071429 0.07993967 0.75615764
0.42857143 0.07843137 0.71674877
0.41071429 0.05580694 0.69458128
0.40178571 0.04072398 0.66995074
0.39285714 0.01960784 0.65270936
0.39732143 0.01659125 0.60837438
0.39732143 0.02111614 0.56157635
0.40625000 0.01960784 0.53694581
0.37946429 0.00754148 0.49507389
0.36160714 0.00000000 0.47536946
0.35714286 0.00452489 0.43103448
0.36160714 0.00754148 0.39408867
0.31696429 0.01508296 0.37931034
0.32589286 0.01659125 0.33990148
0.29017857 0.01357466 0.31527094
0.31696429 0.01659125 0.26354680
0.29464286 0.03921569 0.23645320
0.29017857 0.04072398 0.21674877
0.26339286 0.05128205 0.18965517
0.25892857 0.05882353 0.15517241
0.25446429 0.07843137 0.11822660
0.25446429 0.09653092 0.10344828
0.22767857 0.09200603 0.09359606
0.23660714 0.10859729 0.07635468
0.20982143 0.12368024 0.04187192
0.23214286 0.15384615 0.01724138
0.22321429 0.16591252 0.00492611
0.21875000 0.17496229 0.00738916
0.18303571 0.18702866 0.01724138
0.17857143 0.20060332 0.00000000
0.16517857 0.23227753 0.00492611
0.16517857 0.24434389 0.01477833
0.15625000 0.26093514 0.02709360
0.15178571 0.25791855 0.04926108
0.13839286 0.28959276 0.02955665
0.14732143 0.31221719 0.04679803
0.12946429 0.32428356 0.06896552
0.12946429 0.33031674 0.09852217
0.12946429 0.33634992 0.12068966
0.13839286 0.36953243 0.13793103
0.15178571 0.36802413 0.15763547
0.15625000 0.37858220 0.18472906
0.14732143 0.38009050 0.19704433
0.15178571 0.38310709 0.22660099
0.15178571 0.39517345 0.23645320
0.14732143 0.41628959 0.25862069
0.12946429 0.40874811 0.29064039
0.13392857 0.40271493 0.32758621
0.09821429 0.42383107 0.32019704
0.09375000 0.41930618 0.34482759
0.07589286 0.40874811 0.37931034
0.05357143 0.39668175 0.40147783
0.04017857 0.39215686 0.40886700
0.03125000 0.40422323 0.40886700
0.02232143 0.40120664 0.42610837
0.00000000 0.38461538 0.45812808
