0.9882 0.6346 0.0000
1.0000 0.5962 0.0459
0.9765 0.6923 0.0550
1.0000 0.7115 0.0642
0.9529 0.7885 0.0917
0.9529 0.7885 0.1284
0.9529 0.7500 0.1376
0.9412 0.8077 0.1560
0.9294 0.7692 0.1835
0.9412 0.8269 0.2202
0.9294 0.7500 0.2385
0.9294 0.8462 0.2661
0.9176 0.8269 0.2844
0.9059 0.8462 0.3028
0.8706 0.8462 0.3303
0.8706 0.8654 0.3578
0.8588 0.9423 0.3670
0.8588 0.9423 0.3761
0.8353 0.9615 0.4128
0.8235 0.9808 0.4220
0.7882 0.9231 0.4862
0.8000 1.0000 0.4862
0.7412 0.8846 0.5138
0.7647 0.9231 0.5413
0.7412 0.9231 0.5413
0.7294 0.9038 0.5688
0.7294 0.9038 0.6055
0.6824 0.9038 0.6055
0.6706 0.8462 0.6239
0.6471 0.8654 0.6330
0.6353 0.8077 0.6422
0.6353 0.8077 0.6606
0.6235 0.8654 0.6697
0.6235 0.8846 0.6881
0.6118 0.8462 0.6972
0.5765 0.8846 0.7156
0.5647 0.7692 0.7248
0.5412 0.7692 0.7248
0.5059 0.8077 0.7523
0.4706 0.7885 0.7523
0.4588 0.6923 0.7615
0.4471 0.7692 0.7706
0.4471 0.7308 0.7798
0.4353 0.6731 0.7890
0.4118 0.6731 0.8165
0.4118 0.6731 0.8165
0.4000 0.5962 0.8349
0.3765 0.5962 0.8440
0.3765 0.5769 0.8440
0.3412 0.5769 0.8349
0.3059 0.4808 0.8532
0.3059 0.5192 0.8532
0.2588 0.5192 0.8624
0.2353 0.5000 0.8532
0.2588 0.4808 0.8624
0.2235 0.4615 0.8716
0.2235 0.4615 0.8807
0.2118 0.5192 0.8899
0.2118 0.4231 0.8991
0.2118 0.3846 0.9174
0.1882 0.4038 0.9266
0.1529 0.4038 0.9266
0.1412 0.3269 0.9266
0.1059 0.2692 0.9174
0.0941 0.2308 0.9450
0.0471 0.3269 0.9266
0.0706 0.3269 0.9358
0.0235 0.2308 0.9450
0.0235 0.1731 0.9541
0.0235 0.2115 0.9541
0.0471 0.2308 1.0000
0.0706 0.2308 0.9541
0.0706 0.2115 0.9725
0.0588 0.1923 0.9633
0.0706 0.0962 0.9725
0.0471 0.1346 0.9541
0.0824 0.0962 0.9633
0.0471 0.0769 0.9541
0.0706 0.0000 0.9817
0.0824 0.0769 0.9633
0.0706 0.1154 0.9633
0.0471 0.0962 0.9633
0.0471 0.0577 0.9633
0.0235 0.0577 0.9541
0.0353 0.0385 0.9633
0.0000 0.0769 0.9908
0.0235 0.0962 0.9817
0.0118 0.0962 0.9450
0.0706 0.0962 0.9817
0.0471 0.1346 0.9541
0.0706 0.1538 0.9817
0.0706 0.1731 0.9541
0.0941 0.1346 0.9541
0.0706 0.1346 0.9450
0.1176 0.1538 0.9541
0.0706 0.1538 0.9541
0.0941 0.1731 0.9541
0.0588 0.2115 0.9541
0.0941 0.2115 0.9450
0.0588 0.1731 0.9450
