0.01408451 0.10084034 1.00000000
0.01971831 0.10084034 0.70588235
0.01971831 0.09243697 0.82352941
0.01690141 0.08403361 0.76470588
0.01971831 0.04201681 0.82352941
0.01408451 0.05882353 0.70588235
0.02253521 0.04201681 0.76470588
0.01408451 0.03361345 0.70588235
0.01971831 0.00000000 0.88235294
0.02253521 0.03361345 0.76470588
0.01971831 0.05042017 0.76470588
0.01408451 0.04201681 0.76470588
0.01408451 0.02521008 0.76470588
0.00845070 0.02521008 0.70588235
0.01126761 0.01680672 0.76470588
0.00281690 0.03361345 0.94117647
0.00845070 0.04201681 0.88235294
0.00563380 0.04201681 0.64705882
0.01971831 0.04201681 0.88235294
0.01408451 0.05882353 0.70588235
0.01971831 0.06722689 0.88235294
0.01971831 0.07563025 0.70588235
0.02535211 0.05882353 0.70588235
0.01971831 0.05882353 0.64705882
0.03098592 0.06722689 0.70588235
0.01971831 0.06722689 0.70588235
0.02535211 0.07563025 0.70588235
0.01690141 0.09243697 0.70588235
0.02535211 0.09243697 0.64705882
0.01690141 0.07563025 0.64705882
0.01690141 0.06722689 0.64705882
0.00000000 0.05882353 0.64705882
0.00845070 0.04201681 0.64705882
0.00000000 0.05042017 0.58823529
0.01126761 0.04201681 0.58823529
0.00563380 0.04201681 0.58823529
0.01126761 0.04201681 0.58823529
0.00281690 0.06722689 0.35294118
0.01690141 0.06722689 0.41176471
0.01971831 0.05882353 0.47058824
0.03380282 0.05882353 0.35294118
0.02816901 0.05882353 0.29411765
0.05352113 0.08403361 0.29411765
0.05070423 0.08403361 0.29411765
0.05915493 0.08403361 0.35294118
0.05915493 0.07563025 0.23529412
0.07042254 0.07563025 0.29411765
0.06478873 0.07563025 0.29411765
0.07605634 0.07563025 0.17647059
0.07323944 0.10084034 0.29411765
0.08450704 0.10084034 0.47058824
0.09295775 0.11764706 0.29411765
0.09295775 0.10924370 0.23529412
0.09295775 0.12605042 0.23529412
0.11267606 0.12605042 0.29411765
0.10985915 0.14285714 0.35294118
0.12957746 0.17647059 0.29411765
0.13239437 0.17647059 0.23529412
0.15492958 0.17647059 0.41176471
0.16056338 0.20168067 0.29411765
0.18309859 0.25210084 0.35294118
0.19154930 0.27731092 0.29411765
0.21126761 0.28571429 0.35294118
0.22253521 0.30252101 0.41176471
0.24788732 0.30252101 0.47058824
0.25633803 0.31932773 0.47058824
0.28450704 0.34453782 0.52941176
0.29295775 0.37815126 0.64705882
0.31830986 0.41176471 0.58823529
0.33239437 0.43697479 0.64705882
0.35492958 0.42016807 0.52941176
0.37183099 0.45378151 0.52941176
0.40000000 0.46218487 0.47058824
0.41408451 0.50420168 0.47058824
0.43943662 0.52941176 0.52941176
0.45915493 0.56302521 0.52941176
0.48732394 0.58823529 0.41176471
0.49859155 0.57983193 0.47058824
0.52676056 0.59663866 0.29411765
0.54366197 0.62184874 0.35294118
0.56901408 0.63865546 0.35294118
0.58873239 0.67226891 0.35294118
0.61408451 0.67226891 0.35294118
0.63098592 0.69747899 0.41176471
0.65070423 0.72268908 0.23529412
0.66760563 0.75630252 0.47058824
0.69577465 0.77310924 0.41176471
0.70704225 0.79831933 0.47058824
0.73802817 0.79831933 0.47058824
0.75211268 0.80672269 0.29411765
0.77183099 0.79831933 0.35294118
0.80281690 0.82352941 0.35294118
0.83098592 0.83193277 0.35294118
0.84225352 0.86554622 0.17647059
0.87042254 0.89075630 0.23529412
0.88450704 0.91596639 0.23529412
0.92394366 0.90756303 0.11764706
0.94647887 0.91596639 0.00000000
0.97746479 0.94117647 0.00000000
1.00000000 1.00000000 0.00000000
