-1.0000 0.2857 0.1429
-0.0000 0.5714 0.4286
-1.0000 0.5714 0.2857
1.0000 1.0000 0.5714
-1.0000 0.2857 0.0000
2.0000 1.0000 0.4286
1.0000 0.0000 0.2857
-0.0000 0.4286 0.2857
-1.0000 0.5714 0.4286
1.0000 0.8571 0.1429
1.0000 0.4286 0.4286
2.0000 0.5714 0.1429
-1.0000 0.4286 0.2857
3.0000 0.4286 0.2857
-0.0000 0.5714 0.2857
1.0000 0.2857 0.0000
-0.0000 0.7143 0.2857
-0.0000 0.4286 0.2857
-0.0000 0.8571 0.1429
-0.0000 0.4286 0.4286
-1.0000 0.4286 0.1429
1.0000 0.5714 0.4286
-0.0000 0.4286 0.0000
-0.0000 0.5714 0.5714
-1.0000 0.7143 0.0000
1.0000 0.7143 0.5714
-1.0000 0.5714 0.1429
2.0000 0.8571 0.2857
-1.0000 0.4286 0.0000
2.0000 0.8571 0.2857
-0.0000 0.2857 0.0000
1.0000 0.7143 0.4286
-1.0000 0.4286 0.1429
2.0000 1.0000 0.5714
-2.0000 0.4286 0.0000
1.0000 0.7143 0.5714
-0.0000 0.5714 0.2857
1.0000 0.5714 0.5714
-0.0000 0.4286 0.4286
1.0000 0.5714 0.0000
-0.0000 0.1429 1.0000
-3.0000 0.7143 0.2857
-0.0000 0.2857 0.2857
-0.0000 0.4286 0.2857
-0.0000 0.7143 0.2857
-0.0000 0.5714 0.1429
-0.0000 0.7143 0.2857
-1.0000 0.1429 0.0000
-0.0000 0.7143 0.2857
-0.0000 0.7143 0.4286
-0.0000 0.4286 0.1429
-0.0000 0.2857 0.4286
-0.0000 0.7143 0.1429
-0.0000 0.7143 0.1429
-0.0000 0.5714 0.0000
1.0000 0.4286 0.2857
-0.0000 0.8571 0.1429
1.0000 0.5714 0.4286
-0.0000 0.8571 0.1429
1.0000 0.5714 0.4286
-0.0000 0.5714 0.1429
-0.0000 0.5714 0.2857
-1.0000 0.8571 0.1429
1.0000 0.7143 0.2857
-0.0000 0.7143 0.0000
2.0000 0.5714 0.5714
-1.0000 0.1429 0.0000
2.0000 0.8571 0.2857
-0.0000 0.2857 0.1429
2.0000 0.8571 0.1429
-1.0000 0.4286 0.0000
-1.0000 1.0000 0.1429
2.0000 0.7143 0.0000
1.0000 0.8571 0.4286
-0.0000 0.7143 0.5714
1.0000 0.8571 0.5714
-0.0000 0.5714 0.1429
1.0000 0.8571 0.2857
-0.0000 0.8571 0.2857
2.0000 0.8571 0.1429
-0.0000 0.5714 0.4286
1.0000 0.4286 0.4286
-0.0000 0.4286 0.2857
1.0000 0.4286 0.4286
1.0000 0.7143 0.5714
-0.0000 0.7143 0.2857
-1.0000 1.0000 0.2857
-0.0000 0.2857 0.5714
-0.0000 0.5714 0.4286
-1.0000 0.5714 0.0000
-1.0000 0.5714 0.7143
-5.0000 0.5714 0.2857
1.0000 0.7143 0.2857
-1.0000 0.4286 0.1429
-0.0000 0.8571 0.2857
1.0000 0.5714 0.2857
-0.0000 0.7143 0.4286
1.0000 0.5714 0.4286
-0.0000 0.7143 0.0000
-0.0000 0.4286 0.2857
