0.0400 -1.0000 0.0056
-0.0000 -1.0000 0.0000
0.0489 -1.0843 0.0028
0.0311 -1.0120 0.0125
0.0533 -0.9036 0.0125
0.0533 -0.8795 0.0194
0.0533 -0.8072 0.0222
0.0489 -0.7952 0.0292
0.0711 -0.8675 0.0319
0.0489 -0.7470 0.0403
0.0578 -0.7349 0.0417
0.0444 -0.7108 0.0500
0.0444 -0.6506 0.0528
0.0178 -0.6265 0.0556
0.0578 -0.6867 0.0611
0.0267 -0.6024 0.0611
0.0533 -0.5060 0.0694
0.0356 -0.4217 0.0750
0.0400 -0.3614 0.0819
0.0267 -0.4458 0.0889
0.0711 -0.4699 0.0972
0.0578 -0.3133 0.1028
0.0844 -0.2530 0.1125
0.0756 -0.2289 0.1153
0.0756 -0.1928 0.1250
0.0667 -0.1687 0.1278
0.1022 -0.2530 0.1361
0.0844 -0.1446 0.1417
0.1200 -0.0964 0.1500
0.1067 -0.0602 0.1569
0.1111 -0.0361 0.1694
0.1022 -0.1084 0.1736
0.1289 -0.3012 0.1833
0.1200 -0.1325 0.1903
0.1422 -0.0843 0.1917
0.1289 -0.1446 0.2000
0.1467 -0.1566 0.2056
0.1556 -0.3133 0.2042
0.1867 -0.3494 0.2097
0.1822 -0.2289 0.2139
0.2267 -0.2048 0.2222
0.2133 -0.2289 0.2278
0.2400 -0.2651 0.2319
0.2533 -0.3253 0.2347
0.2756 -0.3373 0.2431
0.2756 -0.4337 0.2444
0.3067 -0.3614 0.2472
0.3067 -0.1566 0.2500
0.3422 -0.1205 0.2542
0.3600 -0.1566 0.2542
0.3644 -0.1325 0.2708
0.3467 -0.0602 0.2694
0.3733 0.0000 0.2792
0.3556 0.1325 0.2792
0.3822 0.2530 0.2847
0.3822 0.2771 0.2861
0.3733 0.2289 0.2931
0.3644 0.2892 0.2958
0.3778 0.3735 0.3000
0.3778 0.5783 0.3028
0.4178 0.7711 0.3139
0.3911 0.7711 0.3208
0.4178 0.7470 0.3333
0.4089 0.8313 0.3458
0.4044 1.0000 0.3542
0.4267 1.2169 0.3639
0.4311 1.2289 0.3722
0.4400 1.2410 0.3847
0.4444 1.3373 0.3986
0.4356 1.4217 0.4125
0.4667 1.6265 0.4222
0.4800 1.8313 0.4403
0.4844 1.9036 0.4556
0.4889 1.9880 0.4750
0.4756 2.0241 0.4917
0.4844 2.1446 0.5097
0.5022 2.2169 0.5222
0.5111 2.3133 0.5417
0.5289 2.3253 0.5611
0.5244 2.3494 0.5833
0.5244 2.4940 0.6042
0.5644 2.5422 0.6236
0.5644 2.5663 0.6431
0.5867 2.5783 0.6722
0.6000 2.5783 0.6917
0.5956 2.6506 0.7208
0.6089 2.6265 0.7389
0.6489 2.5663 0.7611
0.6667 2.5060 0.7847
0.6844 2.4217 0.8083
0.6800 2.3976 0.8319
0.7022 2.3133 0.8556
0.7333 2.2048 0.8806
0.7467 2.0602 0.9042
0.7733 1.7229 0.9250
0.8000 1.6265 0.9444
0.8089 1.3253 0.9611
0.8756 1.0241 0.9764
0.9244 0.7229 0.9861
1.0000 0.3133 1.0000
