0.14285714 0.00564972 0.08139535
0.16571429 0.00564972 0.02325581
0.13714286 0.02259887 0.06976744
0.16571429 0.00000000 0.04651163
0.14285714 0.02259887 0.04651163
0.14857143 0.03389831 0.04651163
0.13142857 0.04519774 0.03488372
0.13714286 0.06779661 0.04651163
0.12000000 0.06779661 0.03488372
0.12000000 0.09604520 0.04651163
0.11428571 0.07909605 0.04651163
0.12000000 0.09604520 0.06976744
0.11428571 0.07344633 0.04651163
0.10285714 0.10734463 0.08139535
0.10857143 0.10734463 0.06976744
0.09142857 0.14689266 0.08139535
0.10285714 0.15254237 0.03488372
0.08000000 0.17514124 0.09302326
0.06857143 0.19774011 0.06976744
0.08571429 0.18644068 0.06976744
0.07428571 0.19774011 0.08139535
0.09142857 0.20338983 0.08139535
0.08000000 0.23163842 0.05813953
0.09714286 0.24293785 0.04651163
0.08000000 0.24293785 0.08139535
0.08571429 0.27118644 0.04651163
0.06285714 0.27683616 0.03488372
0.08000000 0.29378531 0.05813953
0.05714286 0.31638418 0.03488372
0.06285714 0.32203390 0.04651163
0.04571429 0.33333333 0.06976744
0.05714286 0.37853107 0.05813953
0.04571429 0.36723164 0.00000000
0.02285714 0.40112994 0.04651163
0.02285714 0.41242938 0.01162791
0.00000000 0.44632768 0.06976744
0.01714286 0.42372881 0.02325581
0.01142857 0.45197740 0.08139535
0.01714286 0.44067797 0.04651163
0.01142857 0.46327684 0.09302326
0.02285714 0.47457627 0.09302326
0.02285714 0.49152542 0.11627907
0.02285714 0.50847458 0.10465116
0.03428571 0.52542373 0.10465116
0.02285714 0.53672316 0.12790698
0.04000000 0.53107345 0.10465116
0.02285714 0.54802260 0.13953488
0.04571429 0.55367232 0.08139535
0.02857143 0.58757062 0.11627907
0.04571429 0.59322034 0.11627907
0.03428571 0.62711864 0.15116279
0.05714286 0.64971751 0.13953488
0.05142857 0.66666667 0.17441860
0.06285714 0.69491525 0.18604651
0.04571429 0.67796610 0.22093023
0.06857143 0.70621469 0.22093023
0.08571429 0.67796610 0.24418605
0.09142857 0.71186441 0.27906977
0.12571429 0.68926554 0.26744186
0.13714286 0.72316384 0.27906977
0.18285714 0.71751412 0.27906977
0.20000000 0.73446328 0.29069767
0.24571429 0.72316384 0.32558140
0.28571429 0.73446328 0.36046512
0.31428571 0.73446328 0.36046512
0.36571429 0.71751412 0.38372093
0.40000000 0.70621469 0.43023256
0.46285714 0.67796610 0.39534884
0.49142857 0.68926554 0.43023256
0.56571429 0.64971751 0.44186047
0.60000000 0.64971751 0.47674419
0.66857143 0.63841808 0.46511628
0.69142857 0.64406780 0.55813953
0.73714286 0.63841808 0.52325581
0.76571429 0.61581921 0.54651163
0.80000000 0.63276836 0.55813953
0.82857143 0.61581921 0.58139535
0.86285714 0.62146893 0.59302326
0.87428571 0.61581921 0.61627907
0.88000000 0.64406780 0.62790698
0.90857143 0.63841808 0.66279070
0.92571429 0.69491525 0.65116279
0.91428571 0.66666667 0.63953488
0.88000000 0.71751412 0.68604651
0.90285714 0.72316384 0.69767442
0.86285714 0.79096045 0.75581395
0.88000000 0.77966102 0.73255814
0.86857143 0.81355932 0.79069767
0.89142857 0.79661017 0.76744186
0.87428571 0.84745763 0.84883721
0.89714286 0.85310734 0.84883721
0.88000000 0.88135593 0.90697674
0.92000000 0.86440678 0.91860465
0.92000000 0.88135593 0.93023256
0.94285714 0.90960452 0.93023256
0.95428571 0.92090395 0.93023256
0.96000000 0.94915254 0.98837209
0.98857143 0.94350282 0.94186047
0.98285714 0.96610169 1.00000000
1.00000000 1.00000000 0.96511628
