0.9910 0.9031 0.9447
1.0000 0.7931 0.9796
0.9836 0.6650 0.9967
0.9475 0.5312 1.0000
0.8926 0.4072 0.9855
0.8230 0.3046 0.9545
0.7369 0.2044 0.9111
0.6475 0.1190 0.8570
0.5533 0.0649 0.7971
0.4623 0.0279 0.7312
0.3762 0.0066 0.6640
0.3008 0.0000 0.5962
0.2287 0.0148 0.5316
0.1697 0.0304 0.4704
0.1205 0.0558 0.4150
0.0844 0.0796 0.3603
0.0533 0.1182 0.3109
0.0311 0.1445 0.2675
0.0115 0.1806 0.2306
0.0066 0.2110 0.1963
0.0000 0.2529 0.1667
0.0082 0.2800 0.1370
0.0008 0.3136 0.1153
0.0139 0.3350 0.0949
0.0172 0.3678 0.0751
0.0320 0.3900 0.0580
0.0336 0.4204 0.0448
0.0484 0.4425 0.0349
0.0566 0.4754 0.0244
0.0738 0.4951 0.0165
0.0803 0.5213 0.0119
0.0984 0.5468 0.0072
0.1066 0.5731 0.0033
0.1262 0.5969 0.0000
0.1377 0.6223 0.0013
0.1566 0.6445 0.0033
0.1738 0.6749 0.0059
0.1959 0.6905 0.0079
0.2115 0.7217 0.0092
0.2295 0.7430 0.0165
0.2467 0.7709 0.0191
0.2615 0.7923 0.0283
0.2762 0.8194 0.0362
0.2902 0.8407 0.0481
0.3057 0.8703 0.0586
0.3172 0.8875 0.0705
0.3262 0.9080 0.0850
0.3369 0.9204 0.1054
0.3434 0.9458 0.1153
0.3508 0.9631 0.1337
0.3516 0.9778 0.1535
0.3598 0.9713 0.1825
0.3607 0.9951 0.1910
0.3582 1.0000 0.2121
0.3557 0.9984 0.2286
0.3533 0.9885 0.2516
0.3484 0.9901 0.2628
0.3426 0.9893 0.2806
0.3352 0.9770 0.2879
0.3361 0.9573 0.2997
0.3328 0.9409 0.3011
0.3279 0.9269 0.3037
0.3221 0.9113 0.2984
0.3213 0.8875 0.2951
0.3205 0.8695 0.2866
0.3213 0.8621 0.2773
0.3230 0.8489 0.2655
0.3287 0.8342 0.2510
0.3279 0.8235 0.2398
0.3303 0.8169 0.2246
0.3295 0.8120 0.2134
0.3393 0.8161 0.1943
0.3320 0.8071 0.1858
0.3402 0.8103 0.1739
0.3410 0.8112 0.1588
0.3500 0.8112 0.1443
0.3459 0.8079 0.1390
0.3500 0.8046 0.1304
0.3492 0.7989 0.1212
0.3566 0.7980 0.1120
0.3574 0.7964 0.1113
0.3607 0.8005 0.1074
0.3574 0.7972 0.1028
0.3623 0.8046 0.0975
0.3598 0.7997 0.0955
0.3598 0.7915 0.0949
0.3525 0.7931 0.0916
0.3492 0.7882 0.0929
0.3451 0.7931 0.0935
0.3418 0.7833 0.0968
0.3344 0.7824 0.0988
0.3303 0.7693 0.1008
0.3246 0.7660 0.0982
0.3197 0.7562 0.0988
0.3098 0.7570 0.0955
0.3041 0.7471 0.0955
0.2967 0.7414 0.0929
0.2926 0.7266 0.0916
0.2836 0.7200 0.0856
0.2738 0.7069 0.0804
