17.7692 0.0000 -1.1404
16.7949 0.0074 -0.0000
15.7692 0.0209 1.0000
14.5897 0.0454 1.8842
13.3333 0.0620 2.6456
11.9744 0.0914 3.3298
10.5128 0.1166 3.9298
9.3077 0.1454 4.4667
8.0256 0.1748 4.9404
6.8205 0.2006 5.3614
5.4359 0.2288 5.7298
4.2051 0.2534 6.0632
3.1026 0.2804 6.3544
2.1026 0.3025 6.6351
1.0000 0.3258 6.8772
-0.0000 0.3460 7.0877
-1.0256 0.3663 7.2526
-1.8974 0.3865 7.4351
-2.7179 0.4074 7.5789
-3.6154 0.4294 7.7228
-4.6667 0.4436 7.8281
-5.4103 0.4595 7.9228
-6.2051 0.4712 8.0211
-6.8718 0.4853 8.1158
-7.7692 0.4963 8.2035
-8.5128 0.5080 8.2737
-9.2564 0.5117 8.3298
-9.8205 0.5239 8.3965
-10.5128 0.5350 8.4456
-11.2051 0.5436 8.5123
-11.9487 0.5564 8.5754
-12.5385 0.5571 8.6351
-13.0513 0.5601 8.6632
-13.5385 0.5706 8.7333
-14.1795 0.5779 8.7930
-14.7949 0.5859 8.8526
-15.3333 0.5871 8.8912
-15.6667 0.5957 8.9404
-16.2564 0.6043 8.9930
-16.8205 0.6129 9.0421
-17.4359 0.6196 9.1053
-17.8718 0.6282 9.1719
-18.2308 0.6282 9.2070
-18.7179 0.6374 9.2596
-19.2821 0.6485 9.3123
-19.8462 0.6571 9.3754
-20.3077 0.6712 9.4175
-20.7692 0.6724 9.4561
-21.3333 0.6853 9.5088
-21.8718 0.6939 9.5404
-22.4359 0.7043 9.5719
-22.8718 0.7209 9.6456
-23.1538 0.7245 9.6632
-23.6154 0.7374 9.7053
-24.2051 0.7448 9.7158
-24.5385 0.7583 9.7263
-25.0000 0.7730 9.7579
-25.3333 0.7865 9.7930
-25.9231 0.7963 9.7965
-26.3846 0.8074 9.8105
-26.7436 0.8080 9.7860
-27.0000 0.8227 9.7895
-27.4359 0.8436 9.8246
-27.8974 0.8528 9.8211
-28.4359 0.8626 9.7754
-28.7949 0.8663 9.7684
-29.2051 0.8718 9.7404
-29.5641 0.8883 9.7439
-30.0513 0.8988 9.7263
-30.4359 0.9055 9.6912
-30.7949 0.9129 9.6561
-31.0000 0.9166 9.6000
-31.3846 0.9301 9.5684
-31.6923 0.9423 9.5263
-32.0000 0.9479 9.4632
-32.3333 0.9552 9.4140
-32.5641 0.9571 9.3439
-32.7949 0.9724 9.3053
-33.1282 0.9761 9.2491
-33.4359 0.9798 9.1789
-33.6923 0.9865 9.1123
-33.9231 0.9877 9.0421
-34.3590 0.9963 8.9860
-34.8462 0.9963 8.9193
-35.1538 0.9994 8.8491
-35.5128 0.9982 8.7930
-35.7436 1.0000 8.7263
-36.1795 0.9988 8.6702
-36.5641 0.9957 8.6140
-36.8718 0.9914 8.5474
-37.1795 0.9865 8.4667
-37.4103 0.9828 8.4105
-37.9231 0.9779 8.3474
-38.3077 0.9706 8.2737
-38.6154 0.9607 8.2140
-38.8974 0.9454 8.1404
-39.2051 0.9442 8.1088
-39.7179 0.9313 8.0491
-40.0000 0.9184 7.9895
-40.2821 0.9061 7.9368
