0.06818182 1.00000000 1.00000000
0.05909091 0.94181818 0.99720930
0.05681818 0.85454545 0.98790698
0.05454545 0.76727273 0.97860465
0.05454545 0.70909091 0.97302326
0.03636364 0.62545455 0.96651163
0.04090909 0.57090909 0.96000000
0.02045455 0.50545455 0.95069767
0.02954545 0.46545455 0.94232558
0.02045455 0.38181818 0.92837209
0.02045455 0.37090909 0.92558140
0.00227273 0.29818182 0.91162791
0.00000000 0.27272727 0.90232558
0.00227273 0.21818182 0.89395349
0.01363636 0.21454545 0.88186047
0.00909091 0.14181818 0.86511628
0.01590909 0.13454545 0.85395349
0.01818182 0.10181818 0.83534884
0.02500000 0.10909091 0.82511628
0.01590909 0.07272727 0.80651163
0.01590909 0.07272727 0.80186047
0.02045455 0.02545455 0.78046512
0.01818182 0.06545455 0.77302326
0.01136364 0.04000000 0.75627907
0.01818182 0.04000000 0.74232558
0.01363636 0.02181818 0.72558140
0.02045455 0.05818182 0.71720930
0.01136364 0.03636364 0.70139535
0.01590909 0.03636364 0.69116279
0.00454545 0.00000000 0.67348837
0.01818182 0.04000000 0.66604651
0.02272727 0.03636364 0.65116279
0.02954545 0.02545455 0.63906977
0.02954545 0.00000000 0.62232558
0.03636364 0.04363636 0.61488372
0.03409091 0.05090909 0.60279070
0.03636364 0.01818182 0.58697674
0.03181818 0.06181818 0.57860465
0.05000000 0.08000000 0.57116279
0.05454545 0.06909091 0.55534884
0.06363636 0.06181818 0.54325581
0.06590909 0.08000000 0.53302326
0.07500000 0.08000000 0.52000000
0.08636364 0.08727273 0.50883721
0.10000000 0.06545455 0.49581395
0.11818182 0.07272727 0.48093023
0.13636364 0.09090909 0.47069767
0.15000000 0.09090909 0.45395349
0.17954545 0.05454545 0.43255814
0.19545455 0.02909091 0.41767442
0.20909091 0.07272727 0.40651163
0.22500000 0.10181818 0.39348837
0.22727273 0.08727273 0.37767442
0.24545455 0.03636364 0.35534884
0.26363636 0.07272727 0.34511628
0.28409091 0.14545455 0.33767442
0.29772727 0.13818182 0.31906977
0.31363636 0.15272727 0.30046512
0.32954545 0.15636364 0.28651163
0.34090909 0.18545455 0.27441860
0.35227273 0.19636364 0.26232558
0.37954545 0.21818182 0.24651163
0.39772727 0.18909091 0.23534884
0.41590909 0.22545455 0.22046512
0.43409091 0.27272727 0.21023256
0.45000000 0.26909091 0.19441860
0.47045455 0.25818182 0.18232558
0.48181818 0.29454545 0.17488372
0.49090909 0.33818182 0.16837209
0.50909091 0.36363636 0.16093023
0.52272727 0.37090909 0.15534884
0.54772727 0.42181818 0.15069767
0.55454545 0.40363636 0.13488372
0.57045455 0.48000000 0.13488372
0.58181818 0.49090909 0.12744186
0.59772727 0.51636364 0.12558140
0.60681818 0.54181818 0.12186047
0.64090909 0.57454545 0.11534884
0.66363636 0.54181818 0.10232558
0.68863636 0.60000000 0.10604651
0.71136364 0.63272727 0.10325581
0.73409091 0.66181818 0.09395349
0.75227273 0.65090909 0.08837209
0.77272727 0.66909091 0.09116279
0.78409091 0.66181818 0.08279070
0.80681818 0.69818182 0.08372093
0.82272727 0.69454545 0.07534884
0.84318182 0.69090909 0.07255814
0.85454545 0.68000000 0.06697674
0.87727273 0.69818182 0.06511628
0.89318182 0.65454545 0.05674419
0.90227273 0.65454545 0.05395349
0.90909091 0.63272727 0.04930233
0.92727273 0.61818182 0.04372093
0.95000000 0.58909091 0.03720930
0.96590909 0.54545455 0.02790698
0.97272727 0.51272727 0.01953488
0.98863636 0.49818182 0.01674419
0.98863636 0.45818182 0.00837209
1.00000000 0.37818182 0.00000000
