-0.0000 0.0000 1.0000
0.0129 0.0034 0.9825
0.0356 0.0077 0.9679
0.0550 0.0103 0.9475
0.0680 0.0146 0.9329
0.0841 0.0215 0.9213
0.1003 0.0266 0.9067
0.1262 0.0300 0.8950
0.1392 0.0318 0.8834
0.1553 0.0335 0.8630
0.1715 0.0386 0.8688
0.1780 0.0472 0.8397
0.2104 0.0524 0.8309
0.2265 0.0541 0.8134
0.2427 0.0575 0.8017
0.2654 0.0601 0.7813
0.2848 0.0712 0.7668
0.3042 0.0747 0.7464
0.3301 0.0798 0.7318
0.3495 0.0867 0.7055
0.3689 0.0910 0.6968
0.3883 0.0979 0.6735
0.4142 0.1064 0.6618
0.4369 0.1150 0.6472
0.4498 0.1185 0.6327
0.4725 0.1245 0.6210
0.4919 0.1330 0.6093
0.5146 0.1399 0.5889
0.5275 0.1485 0.5714
0.5502 0.1562 0.5481
0.5663 0.1657 0.5423
0.5890 0.1751 0.5131
0.6084 0.1854 0.5015
0.6246 0.1948 0.4840
0.6472 0.2043 0.4752
0.6667 0.2163 0.4577
0.6764 0.2275 0.4490
0.6990 0.2326 0.4373
0.7087 0.2429 0.4315
0.7346 0.2549 0.4227
0.7476 0.2661 0.4052
0.7605 0.2721 0.4023
0.7767 0.2815 0.3936
0.7896 0.2910 0.3732
0.8026 0.3056 0.3615
0.8252 0.3142 0.3440
0.8317 0.3253 0.3353
0.8414 0.3348 0.3207
0.8544 0.3468 0.3120
0.8770 0.3562 0.3061
0.8867 0.3682 0.3061
0.8900 0.3708 0.2915
0.9029 0.3837 0.2886
0.9159 0.3931 0.2799
0.9256 0.4026 0.2799
0.9320 0.4094 0.2624
0.9353 0.4180 0.2566
0.9450 0.4318 0.2420
0.9547 0.4429 0.2362
0.9676 0.4524 0.2332
0.9741 0.4627 0.2332
0.9709 0.4807 0.2157
0.9903 0.4927 0.2041
0.9935 0.5021 0.1953
0.9935 0.5124 0.1924
0.9968 0.5296 0.1953
1.0000 0.5416 0.1924
1.0000 0.5545 0.1749
1.0000 0.5674 0.1778
0.9968 0.5828 0.1662
0.9968 0.5966 0.1603
0.9903 0.6086 0.1516
0.9935 0.6275 0.1458
0.9968 0.6438 0.1312
0.9838 0.6584 0.1312
0.9838 0.6738 0.1224
0.9741 0.6918 0.1166
0.9676 0.7082 0.1050
0.9482 0.7193 0.1050
0.9417 0.7330 0.0875
0.9288 0.7502 0.0875
0.9191 0.7605 0.0671
0.8964 0.7760 0.0729
0.8900 0.7888 0.0583
0.8770 0.8060 0.0641
0.8673 0.8172 0.0496
0.8414 0.8309 0.0583
0.8285 0.8403 0.0466
0.8091 0.8575 0.0496
0.7929 0.8661 0.0408
0.7702 0.8790 0.0408
0.7638 0.8893 0.0292
0.7314 0.9056 0.0350
0.7184 0.9142 0.0292
0.6926 0.9288 0.0262
0.6828 0.9416 0.0146
0.6570 0.9588 0.0146
0.6311 0.9682 0.0058
0.6117 0.9854 0.0087
0.5890 1.0000 0.0000
