0.50319001 0.88732394 0.60862555
0.50485437 0.88663126 0.60802096
0.50457698 0.88570769 0.60902862
0.50596394 0.88547680 0.60902862
0.50651872 0.88339875 0.60983474
0.50707351 0.88247518 0.60943168
0.50901526 0.88432233 0.60983474
0.51067961 0.88409143 0.60882709
0.51289875 0.88293697 0.60902862
0.51622746 0.88293697 0.60781943
0.51816921 0.88316786 0.60761790
0.52066574 0.88339875 0.60701330
0.52371706 0.88593858 0.60661024
0.52649098 0.88755484 0.60519952
0.52926491 0.89032556 0.60540105
0.53259362 0.89240360 0.60459492
0.53786408 0.89448164 0.60479645
0.54174757 0.89748326 0.60540105
0.54590846 0.90210113 0.60580411
0.55117892 0.90625722 0.60580411
0.55755895 0.91018241 0.60640871
0.56282940 0.91526206 0.60781943
0.56976422 0.91941815 0.60923015
0.57725381 0.92241976 0.61164853
0.58474341 0.92703764 0.61507457
0.59167822 0.93280997 0.61769448
0.60138696 0.93788963 0.62071745
0.61054092 0.94458555 0.62454655
0.62191401 0.95012699 0.62877872
0.63245492 0.95497576 0.63422007
0.64632455 0.95797737 0.64046755
0.65825243 0.96167167 0.64893188
0.67212205 0.96906026 0.65578396
0.68682386 0.97506350 0.66384522
0.70291262 0.97898869 0.67372027
0.71872399 0.98453013 0.68359532
0.73592233 0.98545371 0.69548569
0.75423024 0.98660817 0.70798065
0.77337032 0.98683907 0.72208787
0.79223301 0.98822443 0.73700121
0.81276006 0.98614639 0.75332527
0.83328710 0.98314477 0.76985087
0.85464632 0.97644886 0.78798871
0.87656033 0.96859848 0.80693269
0.89847434 0.95636112 0.82769045
0.91872399 0.94019857 0.84744055
0.93841886 0.92126530 0.87021362
0.95644938 0.89956130 0.89338976
0.97364771 0.87347033 0.91575977
0.98640777 0.84068344 0.93470375
0.99417476 0.80212422 0.95364772
1.00000000 0.75963981 0.96977025
0.99916782 0.70999769 0.98367594
0.99167822 0.65342877 0.99214027
0.97642164 0.59154930 0.99858928
0.95367545 0.52505195 1.00000000
0.92094313 0.45301316 0.99032648
0.87600555 0.38028169 0.96755341
0.81969487 0.30755022 0.93571141
0.75617198 0.23597322 0.89520355
0.68377254 0.16739783 0.84381298
0.60249653 0.10528746 0.78073358
0.51567268 0.05379820 0.70777912
0.42718447 0.01662434 0.62575574
0.33980583 0.00000000 0.53808948
0.25936200 0.00507966 0.44840790
0.18668516 0.02493650 0.36154776
0.12233010 0.05841607 0.27771060
0.06907074 0.10667282 0.20012092
0.02829404 0.16970677 0.13160016
0.00554785 0.24682521 0.07879887
0.00000000 0.33017779 0.04353083
0.00776699 0.41445394 0.02116082
0.01914008 0.49572847 0.00523982
0.03800277 0.57307781 0.00000000
0.06380028 0.64488571 0.00403063
0.09542302 0.71045948 0.01733172
0.13009709 0.76471946 0.03567110
0.16393897 0.81251443 0.05925030
0.19472954 0.85361348 0.08081419
0.22441054 0.88847841 0.10519952
0.25409154 0.91480028 0.13160016
0.28349515 0.93650427 0.15820234
0.30846047 0.95451397 0.18278920
0.33259362 0.96767490 0.20677146
0.35201110 0.97875779 0.22974607
0.37198336 0.98776264 0.25090689
0.38918169 0.99261141 0.27106006
0.40610264 0.99584392 0.28960097
0.41941748 0.99907643 0.30733575
0.43300971 0.99953821 0.32265216
0.44327323 1.00000000 0.33716243
0.45409154 1.00000000 0.34985893
0.46241331 0.99838375 0.36235389
0.47184466 0.99492034 0.37343813
0.48016644 0.99284230 0.38472390
0.48765603 0.99053336 0.39399436
0.49320388 0.98822443 0.40266022
0.49986130 0.98522281 0.41092301
0.50513176 0.98291388 0.41858122
