1.00000000 0.37190083 1.00000000
0.98410175 0.36466942 0.99522293
0.98092210 0.37913223 0.98487261
0.96184420 0.37809917 0.98248408
0.95071542 0.38223140 0.97770701
0.93640700 0.36983471 0.97213376
0.92209857 0.37809917 0.96974522
0.90779014 0.37706612 0.96417197
0.89984102 0.36983471 0.96098726
0.89030207 0.36157025 0.95541401
0.87917329 0.36260331 0.94984076
0.85055644 0.36260331 0.94904459
0.84260731 0.34710744 0.94506369
0.81875994 0.35537190 0.94347134
0.81717011 0.34607438 0.93789809
0.78696343 0.34917355 0.93949045
0.77742448 0.33574380 0.93391720
0.75993641 0.33471074 0.92993631
0.74403816 0.33471074 0.92754777
0.71701113 0.32541322 0.92595541
0.72178060 0.32231405 0.91958599
0.70270270 0.31611570 0.91799363
0.70111288 0.32438017 0.91003185
0.68362480 0.32024793 0.90445860
0.68362480 0.31611570 0.89649682
0.66136725 0.32024793 0.88853503
0.65023847 0.32024793 0.88614650
0.63275040 0.31404959 0.87898089
0.62639110 0.31611570 0.87500000
0.61208267 0.32024793 0.86305732
0.59459459 0.32128099 0.86464968
0.58664547 0.31301653 0.84952229
0.56915739 0.31714876 0.84633758
0.54848967 0.31198347 0.83917197
0.53259141 0.30681818 0.83917197
0.52623211 0.30475207 0.82882166
0.51510334 0.30991736 0.82404459
0.49602544 0.31714876 0.81767516
0.48489666 0.32024793 0.80971338
0.46581876 0.31818182 0.80414013
0.45151033 0.31714876 0.80254777
0.41971383 0.31818182 0.79697452
0.42289348 0.31301653 0.79458599
0.40222576 0.31198347 0.78025478
0.39586645 0.31198347 0.78264331
0.36883943 0.30061983 0.76831210
0.37042925 0.29132231 0.76990446
0.35453100 0.27479339 0.75716561
0.35135135 0.28099174 0.76035032
0.34499205 0.27789256 0.74124204
0.34658188 0.27582645 0.74363057
0.33704293 0.26549587 0.72452229
0.32750397 0.26033058 0.72850318
0.31796502 0.24793388 0.70780255
0.31001590 0.24483471 0.70859873
0.29729730 0.23966942 0.69347134
0.29888712 0.22830579 0.69028662
0.29252782 0.21900826 0.67117834
0.29093800 0.20351240 0.66560510
0.28139905 0.19731405 0.65047771
0.27980922 0.18181818 0.63773885
0.27344992 0.17665289 0.62340764
0.27980922 0.15495868 0.60828025
0.26550079 0.14566116 0.59872611
0.27503975 0.12396694 0.57484076
0.26550079 0.11466942 0.56210191
0.26391097 0.10433884 0.54219745
0.24960254 0.08574380 0.52945860
0.25437202 0.06714876 0.50636943
0.24324324 0.05785124 0.49124204
0.24324324 0.05371901 0.46974522
0.23529412 0.03822314 0.45382166
0.24006359 0.03099174 0.42436306
0.22575517 0.01756198 0.40605096
0.22893482 0.00826446 0.37818471
0.22575517 0.00516529 0.35509554
0.24165342 0.00000000 0.32404459
0.24324324 0.00619835 0.29538217
0.25278219 0.01033058 0.25796178
0.25596184 0.01446281 0.22611465
0.26391097 0.03099174 0.19187898
0.26550079 0.05475207 0.16003185
0.26550079 0.07851240 0.12340764
0.27186010 0.11363636 0.09394904
0.28139905 0.15909091 0.06050955
0.26868045 0.20867769 0.04299363
0.27980922 0.25723140 0.01751592
0.26709062 0.32438017 0.00716561
0.26391097 0.38429752 0.00000000
0.24801272 0.45041322 0.00079618
0.24801272 0.50929752 0.00318471
0.23052464 0.57954545 0.01035032
0.21303657 0.64979339 0.02627389
0.19236884 0.70661157 0.04538217
0.16693164 0.77376033 0.06847134
0.13672496 0.81714876 0.10031847
0.09856916 0.86880165 0.13296178
0.07472178 0.91425620 0.16321656
0.03974563 0.95764463 0.19984076
0.00000000 1.00000000 0.23407643
