0.8960 1.1585 0.9891
0.9071 1.1418 1.0000
0.9140 1.1240 0.9918
0.9223 1.1097 0.9946
0.9293 1.0942 0.9891
0.9348 1.0739 0.9891
0.9459 1.0560 0.9837
0.9542 1.0358 0.9891
0.9612 1.0167 0.9755
0.9639 1.0000 0.9783
0.9681 0.9821 0.9674
0.9736 0.9654 0.9701
0.9750 0.9464 0.9538
0.9806 0.9297 0.9565
0.9847 0.9082 0.9484
0.9861 0.8844 0.9457
0.9903 0.8665 0.9402
0.9931 0.8451 0.9321
0.9945 0.8188 0.9130
0.9958 0.8045 0.9130
0.9958 0.7855 0.8940
1.0000 0.7688 0.8940
0.9972 0.7497 0.8777
0.9958 0.7294 0.8723
0.9972 0.7092 0.8560
0.9931 0.6925 0.8478
0.9903 0.6746 0.8342
0.9889 0.6555 0.8288
0.9820 0.6365 0.8016
0.9778 0.6222 0.8016
0.9709 0.5995 0.7962
0.9736 0.5852 0.7853
0.9626 0.5650 0.7636
0.9570 0.5435 0.7500
0.9515 0.5256 0.7337
0.9445 0.5042 0.7201
0.9390 0.4875 0.7038
0.9334 0.4684 0.6902
0.9251 0.4434 0.6712
0.9182 0.4279 0.6630
0.9085 0.4076 0.6413
0.9001 0.3921 0.6304
0.8918 0.3731 0.6087
0.8849 0.3552 0.5951
0.8724 0.3361 0.5788
0.8613 0.3218 0.5625
0.8516 0.3087 0.5435
0.8391 0.2896 0.5408
0.8266 0.2718 0.5272
0.8155 0.2574 0.5163
0.8031 0.2408 0.5000
0.7933 0.2217 0.4837
0.7795 0.2086 0.4647
0.7698 0.1883 0.4565
0.7531 0.1752 0.4457
0.7406 0.1621 0.4321
0.7254 0.1430 0.4185
0.7101 0.1287 0.4130
0.6990 0.1156 0.3940
0.6810 0.0977 0.3804
0.6644 0.0822 0.3587
0.6519 0.0667 0.3533
0.6338 0.0524 0.3370
0.6144 0.0429 0.3207
0.5992 0.0298 0.3179
0.5811 0.0143 0.3016
0.5645 0.0000 0.2908
0.5479 -0.0167 0.2772
0.5340 -0.0262 0.2582
0.5173 -0.0417 0.2446
0.5021 -0.0513 0.2364
0.4854 -0.0620 0.2255
0.4688 -0.0739 0.2201
0.4508 -0.0870 0.2092
0.4355 -0.0989 0.1984
0.4175 -0.1132 0.1929
0.3994 -0.1216 0.1739
0.3842 -0.1347 0.1630
0.3662 -0.1454 0.1522
0.3467 -0.1549 0.1495
0.3301 -0.1681 0.1495
0.3162 -0.1704 0.1332
0.2940 -0.1859 0.1250
0.2760 -0.1943 0.1114
0.2635 -0.2038 0.1060
0.2455 -0.2110 0.0924
0.2302 -0.2241 0.0788
0.2122 -0.2300 0.0815
0.1956 -0.2396 0.0734
0.1775 -0.2479 0.0707
0.1595 -0.2563 0.0679
0.1415 -0.2682 0.0571
0.1221 -0.2765 0.0516
0.1082 -0.2837 0.0435
0.0915 -0.2896 0.0299
0.0721 -0.3015 0.0272
0.0541 -0.3063 0.0163
0.0347 -0.3159 0.0163
0.0208 -0.3242 0.0000
0.0000 -0.3290 0.0027
