1.0825 0.8626 0.2667
1.0696 0.8690 0.2889
1.0672 0.9010 0.3111
1.0578 0.9137 0.3444
1.0495 0.9042 0.3556
1.0354 0.8850 0.3667
1.0330 0.9073 0.3667
1.0224 0.9073 0.4000
1.0177 0.9169 0.4333
1.0071 0.9233 0.4444
1.0000 0.9233 0.4444
0.9870 0.9201 0.4889
0.9811 0.9201 0.5000
0.9729 0.9233 0.5111
0.9658 0.9393 0.5000
0.9505 0.9521 0.5556
0.9434 0.9297 0.5667
0.9351 0.9137 0.6000
0.9269 0.9073 0.5778
0.9175 0.9393 0.6000
0.9092 0.9681 0.5889
0.8950 0.9585 0.6111
0.8903 0.9233 0.6444
0.8762 0.9137 0.6667
0.8703 0.9393 0.6444
0.8538 0.9521 0.6667
0.8491 0.9489 0.6556
0.8373 0.9361 0.6889
0.8302 0.9489 0.6444
0.8184 0.9425 0.6667
0.8125 0.9649 0.6889
0.7995 0.9457 0.6889
0.7936 0.9265 0.6556
0.7854 0.9361 0.6667
0.7807 0.9425 0.6667
0.7677 0.9617 0.6667
0.7606 0.9393 0.6667
0.7476 0.9329 0.6333
0.7453 0.9553 0.6000
0.7323 0.9489 0.6222
0.7241 0.9776 0.6111
0.7134 0.9617 0.5556
0.7040 0.9265 0.5444
0.6922 0.9425 0.5222
0.6851 0.9521 0.5000
0.6686 0.9649 0.4889
0.6592 0.9776 0.4556
0.6439 0.9585 0.4333
0.6380 0.9521 0.4111
0.6238 0.9681 0.4111
0.6203 0.9840 0.3889
0.6073 1.0000 0.3778
0.6002 0.9936 0.3333
0.5837 0.9457 0.3333
0.5790 0.9521 0.3222
0.5672 0.9425 0.3000
0.5613 0.9553 0.2444
0.5460 0.9617 0.2333
0.5354 0.9265 0.2111
0.5200 0.9073 0.2000
0.5118 0.9169 0.1889
0.4988 0.9233 0.1444
0.4917 0.9233 0.1333
0.4717 0.9042 0.1222
0.4599 0.8690 0.1000
0.4493 0.8626 0.1000
0.4422 0.8530 0.0778
0.4257 0.8594 0.0778
0.4127 0.8403 0.0556
0.3950 0.8115 0.0333
0.3892 0.7827 0.0222
0.3750 0.7700 0.0444
0.3691 0.7572 0.0333
0.3502 0.7508 0.0222
0.3373 0.7093 0.0000
0.3219 0.6709 0.0333
0.3172 0.6518 0.0444
0.2972 0.6294 0.0667
0.2830 0.6038 0.0333
0.2642 0.5783 0.0556
0.2524 0.5399 0.0889
0.2370 0.4984 0.1333
0.2264 0.4920 0.1000
0.2064 0.4601 0.1444
0.1946 0.4441 0.1778
0.1804 0.3834 0.2333
0.1675 0.3514 0.2222
0.1450 0.3259 0.3000
0.1344 0.2875 0.3444
0.1203 0.2492 0.4333
0.1108 0.2300 0.4889
0.0979 0.1917 0.5111
0.0825 0.1789 0.5778
0.0660 0.1438 0.6444
0.0554 0.1182 0.6778
0.0377 0.0958 0.7667
0.0259 0.0703 0.8000
0.0094 0.0543 0.9111
0.0000 0.0128 0.9333
-0.0142 -0.0000 1.0000
