1.00000000 0.02600473 0.22382671
0.98770950 0.04018913 0.22382671
0.98212291 0.05437352 0.21299639
0.97430168 0.04728132 0.21660650
0.96983240 0.04255319 0.21660650
0.95754190 0.02836879 0.21660650
0.95083799 0.04491726 0.21660650
0.93854749 0.04964539 0.20577617
0.93631285 0.03309693 0.19494585
0.92402235 0.03782506 0.20216606
0.91620112 0.01654846 0.19855596
0.90614525 0.02836879 0.18050542
0.89720670 0.05437352 0.17689531
0.88603352 0.04255319 0.16967509
0.87932961 0.03546099 0.16245487
0.86368715 0.02600473 0.15884477
0.85474860 0.01654846 0.14801444
0.84022346 0.03073286 0.14079422
0.83463687 0.03546099 0.13357401
0.82122905 0.02364066 0.13357401
0.81787709 0.01182033 0.12635379
0.80558659 0.00000000 0.12274368
0.79888268 0.00472813 0.10830325
0.78324022 0.04018913 0.10830325
0.77877095 0.03546099 0.10469314
0.76759777 0.04255319 0.09747292
0.76201117 0.03309693 0.07942238
0.74748603 0.02836879 0.07581227
0.73743017 0.05437352 0.06859206
0.72290503 0.06855792 0.06498195
0.71508380 0.06146572 0.06137184
0.70279330 0.05673759 0.04693141
0.69608939 0.05673759 0.04332130
0.67709497 0.07092199 0.03971119
0.66592179 0.09692671 0.03249097
0.65586592 0.10165485 0.03249097
0.64916201 0.10874704 0.02527076
0.63351955 0.10401891 0.02527076
0.62122905 0.11820331 0.01805054
0.60446927 0.13947991 0.01083032
0.59888268 0.16075650 0.00722022
0.58547486 0.17021277 0.01444043
0.57988827 0.17966903 0.01083032
0.56201117 0.18439716 0.00722022
0.54972067 0.21513002 0.00000000
0.53519553 0.24349882 0.01083032
0.53072626 0.25768322 0.01444043
0.51173184 0.27423168 0.02166065
0.49832402 0.29314421 0.01083032
0.48044693 0.31205674 0.01805054
0.46927374 0.34042553 0.02888087
0.45474860 0.37115839 0.04332130
0.44469274 0.37588652 0.03249097
0.42569832 0.39952719 0.04693141
0.41452514 0.41134752 0.05776173
0.40111732 0.45626478 0.07581227
0.38882682 0.47990544 0.07220217
0.36759777 0.49881797 0.09747292
0.35754190 0.52718676 0.11191336
0.34413408 0.55555556 0.14079422
0.33519553 0.56973995 0.15884477
0.32290503 0.59810875 0.16606498
0.30837989 0.60756501 0.18772563
0.29273743 0.63356974 0.20938628
0.28268156 0.65248227 0.22021661
0.26592179 0.66903073 0.24909747
0.25474860 0.68794326 0.25992780
0.23910615 0.69976359 0.29602888
0.23016760 0.73049645 0.30324910
0.21675978 0.73995272 0.32490975
0.20446927 0.73049645 0.35018051
0.19217877 0.74468085 0.36823105
0.18324022 0.77777778 0.38989170
0.17094972 0.78959811 0.40794224
0.16089385 0.79905437 0.43321300
0.14748603 0.81560284 0.46570397
0.14189944 0.82742317 0.48736462
0.13407821 0.83215130 0.49819495
0.12625698 0.84869976 0.53790614
0.11620112 0.84633570 0.55234657
0.11061453 0.85342790 0.58122744
0.09944134 0.86524823 0.59927798
0.08938547 0.88179669 0.62454874
0.08044693 0.87706856 0.63176895
0.07597765 0.87943262 0.67148014
0.06480447 0.89834515 0.68231047
0.05810056 0.92907801 0.71841155
0.05139665 0.91725768 0.73646209
0.05027933 0.92907801 0.76534296
0.04469274 0.92907801 0.77617329
0.03687151 0.95981087 0.82310469
0.02458101 0.96217494 0.82671480
0.02681564 0.97872340 0.86281588
0.02122905 0.96217494 0.86642599
0.01899441 0.97635934 0.92057762
0.01340782 0.98108747 0.92057762
0.01787709 1.00000000 0.96028881
0.01452514 0.97872340 0.94945848
0.01005587 0.97163121 1.00000000
0.00000000 0.95271868 0.96750903
