1.00000000 1.00000000 0.11111111
0.98181818 0.88311688 0.00000000
0.98181818 0.94805195 0.22222222
0.89090909 0.79220779 0.08333333
0.83636364 0.93506494 0.33333333
0.85454545 0.81818182 0.15277778
0.94545455 0.85714286 0.43055556
0.81818182 0.63636364 0.22222222
0.81818182 0.75324675 0.47222222
0.83636364 0.67532468 0.20833333
0.89090909 0.77922078 0.59722222
0.89090909 0.59740260 0.27777778
0.83636364 0.68831169 0.58333333
0.83636364 0.53246753 0.25000000
0.92727273 0.59740260 0.63888889
0.89090909 0.40259740 0.20833333
0.87272727 0.38961039 0.51388889
0.80000000 0.35064935 0.16666667
0.83636364 0.42857143 0.56944444
0.85454545 0.33766234 0.16666667
0.83636364 0.27272727 0.50000000
0.74545455 0.28571429 0.12500000
0.83636364 0.24675325 0.51388889
0.83636364 0.27272727 0.16666667
0.85454545 0.16883117 0.48611111
0.76363636 0.15584416 0.11111111
0.72727273 0.10389610 0.48611111
0.72727273 0.28571429 0.16666667
0.78181818 0.10389610 0.44444444
0.70909091 0.20779221 0.15277778
0.69090909 0.03896104 0.44444444
0.65454545 0.32467532 0.15277778
0.67272727 0.12987013 0.44444444
0.60000000 0.31168831 0.19444444
0.58181818 0.01298701 0.43055556
0.50909091 0.38961039 0.23611111
0.56363636 0.18181818 0.43055556
0.54545455 0.46753247 0.30555556
0.58181818 0.15584416 0.47222222
0.56363636 0.45454545 0.40277778
0.60000000 0.19480519 0.48611111
0.60000000 0.46753247 0.41666667
0.58181818 0.23376623 0.50000000
0.63636364 0.55844156 0.45833333
0.65454545 0.22077922 0.52777778
0.65454545 0.40259740 0.48611111
0.65454545 0.16883117 0.48611111
0.69090909 0.45454545 0.50000000
0.67272727 0.20779221 0.50000000
0.63636364 0.44155844 0.48611111
0.60000000 0.23376623 0.48611111
0.63636364 0.46753247 0.54166667
0.61818182 0.25974026 0.52777778
0.61818182 0.49350649 0.59722222
0.60000000 0.31168831 0.55555556
0.63636364 0.41558442 0.62500000
0.56363636 0.22077922 0.54166667
0.60000000 0.32467532 0.63888889
0.49090909 0.20779221 0.58333333
0.52727273 0.35064935 0.66666667
0.45454545 0.25974026 0.65277778
0.60000000 0.36363636 0.65277778
0.43636364 0.20779221 0.59722222
0.43636364 0.22077922 0.65277778
0.36363636 0.11688312 0.55555556
0.40000000 0.24675325 0.65277778
0.30909091 0.19480519 0.61111111
0.34545455 0.27272727 0.68055556
0.29090909 0.18181818 0.62500000
0.40000000 0.19480519 0.70833333
0.32727273 0.14285714 0.66666667
0.34545455 0.09090909 0.69444444
0.23636364 0.09090909 0.66666667
0.32727273 0.09090909 0.69444444
0.21818182 0.10389610 0.63888889
0.32727273 0.06493506 0.68055556
0.21818182 0.00000000 0.66666667
0.29090909 0.02597403 0.69444444
0.14545455 0.03896104 0.63888889
0.20000000 0.00000000 0.65277778
0.10909091 0.02597403 0.65277778
0.18181818 0.07792208 0.69444444
0.07272727 0.10389610 0.69444444
0.12727273 0.10389610 0.75000000
0.05454545 0.14285714 0.76388889
0.18181818 0.10389610 0.70833333
0.03636364 0.02597403 0.75000000
0.10909091 0.03896104 0.76388889
0.05454545 0.15584416 0.75000000
0.09090909 0.19480519 0.76388889
0.00000000 0.23376623 0.80555556
0.12727273 0.18181818 0.80555556
0.03636364 0.24675325 0.86111111
0.12727273 0.22077922 0.86111111
0.01818182 0.28571429 0.88888889
0.14545455 0.36363636 0.91666667
0.12727273 0.41558442 0.95833333
0.20000000 0.41558442 0.95833333
0.18181818 0.42857143 1.00000000
0.29090909 0.46753247 1.00000000
