0.59732360 0.37466307 1.00000000
0.57177616 0.37331536 0.99142157
0.54136253 0.38140162 0.98651961
0.50608273 0.40431267 0.98120915
0.47323601 0.42991914 0.97916667
0.44647202 0.41239892 0.96936275
0.41484185 0.43665768 0.96895425
0.38564477 0.45013477 0.96527778
0.35401460 0.48247978 0.96486928
0.34063260 0.46900270 0.95669935
0.31751825 0.49865229 0.95955882
0.29440389 0.49191375 0.95383987
0.26885645 0.51886792 0.95302288
0.25912409 0.48787062 0.94566993
0.24452555 0.53638814 0.95220588
0.23357664 0.51752022 0.94689542
0.21897810 0.53234501 0.94566993
0.21897810 0.52021563 0.94199346
0.20681265 0.53638814 0.94158497
0.20194647 0.51212938 0.93872549
0.18978102 0.52021563 0.93750000
0.18734793 0.49730458 0.93300654
0.18491484 0.51752022 0.93382353
0.17883212 0.49326146 0.93300654
0.17639903 0.48247978 0.92851307
0.17761557 0.45822102 0.92401961
0.17153285 0.45148248 0.92116013
0.17274939 0.42183288 0.91748366
0.16545012 0.39487871 0.91217320
0.16423358 0.35983827 0.90645425
0.16666667 0.33423181 0.89910131
0.16788321 0.30323450 0.89338235
0.16423358 0.28301887 0.88848039
0.16301703 0.25067385 0.88112745
0.15693431 0.22237197 0.87214052
0.15206813 0.20350404 0.86519608
0.14963504 0.17385445 0.85580065
0.14598540 0.14690027 0.84926471
0.13990268 0.12668464 0.83864379
0.13746959 0.12129380 0.83088235
0.13138686 0.09164420 0.82066993
0.12652068 0.07547170 0.80759804
0.11435523 0.04447439 0.79493464
0.11678832 0.06064690 0.78594771
0.11557178 0.02695418 0.76756536
0.11435523 0.03369272 0.75735294
0.10827251 0.01482480 0.74346405
0.10218978 0.01886792 0.72753268
0.09732360 0.00000000 0.70874183
0.08880779 0.00673854 0.69321895
0.07785888 0.01078167 0.68055556
0.07177616 0.00808625 0.66176471
0.06204380 0.01752022 0.64787582
0.05109489 0.02021563 0.62949346
0.03527981 0.04851752 0.61764706
0.03163017 0.03099730 0.59763072
0.02311436 0.07142857 0.58741830
0.01094891 0.09164420 0.57720588
0.00729927 0.09568733 0.55923203
0.00729927 0.12533693 0.55024510
0.00364964 0.16037736 0.53962418
0.00000000 0.19811321 0.53390523
0.00486618 0.17520216 0.51429739
0.01581509 0.21698113 0.50857843
0.02189781 0.22641509 0.49754902
0.03771290 0.27088949 0.48856209
0.05961071 0.27088949 0.47998366
0.08150852 0.29514825 0.47017974
0.10340633 0.30592992 0.46364379
0.13138686 0.31132075 0.44975490
0.16423358 0.32479784 0.44281046
0.20194647 0.34231806 0.43218954
0.23479319 0.35983827 0.42606209
0.27615572 0.35175202 0.41053922
0.31751825 0.35714286 0.40032680
0.35158151 0.35579515 0.38562092
0.38686131 0.38679245 0.37785948
0.42579075 0.37331536 0.36274510
0.46836983 0.39083558 0.34967320
0.50243309 0.38544474 0.33537582
0.54501217 0.40026954 0.31862745
0.58029197 0.40566038 0.30392157
0.61557178 0.41105121 0.28553922
0.64720195 0.43261456 0.27491830
0.68004866 0.42991914 0.25204248
0.71776156 0.45956873 0.23692810
0.74695864 0.46091644 0.21650327
0.77737226 0.49460916 0.20261438
0.80413625 0.49460916 0.18014706
0.82968370 0.53099730 0.16503268
0.85036496 0.54582210 0.14705882
0.87591241 0.59838275 0.12990196
0.89172749 0.61051213 0.10947712
0.91362530 0.67250674 0.09599673
0.93065693 0.71293801 0.08129085
0.94403893 0.76684636 0.06454248
0.95620438 0.80592992 0.04616013
0.97201946 0.86927224 0.03104575
0.98175182 0.94204852 0.01838235
1.00000000 1.00000000 0.00000000
