0.0233 0.2581 0.0000
-0.0000 0.1290 0.0256
0.0930 0.2258 0.0623
0.0698 0.3871 0.0952
0.1628 0.3226 0.1264
0.0930 0.3226 0.1520
0.1395 0.3548 0.1850
0.1628 0.3871 0.2125
0.2093 0.3226 0.2381
0.2558 0.3226 0.2637
0.3023 0.3871 0.2894
0.3721 0.4839 0.3150
0.5116 0.4839 0.3407
0.5116 0.5161 0.3626
0.5814 0.5161 0.3901
0.5581 0.4516 0.4103
0.5581 0.6774 0.4341
0.5349 0.7419 0.4524
0.6279 0.8065 0.4707
0.6279 0.7097 0.4945
0.6047 0.7419 0.5220
0.6279 0.6774 0.5421
0.6047 0.8710 0.5659
0.6279 0.8710 0.5861
0.6279 0.8710 0.6081
0.6744 0.8710 0.6282
0.6512 0.7742 0.6484
0.7442 0.7419 0.6703
0.7442 0.8065 0.6886
0.8140 0.7742 0.7051
0.8605 0.9032 0.7253
0.8605 0.9032 0.7399
0.9302 1.0000 0.7637
0.9070 0.9032 0.7747
0.8605 0.8065 0.7949
0.8837 0.8387 0.8077
0.8837 0.8387 0.8242
0.8372 0.8065 0.8352
0.9070 0.7742 0.8480
0.8372 0.8065 0.8590
0.9302 0.6129 0.8773
0.8140 0.6129 0.8791
0.9302 0.5161 0.8919
0.8605 0.5161 0.8956
0.8605 0.3548 0.9103
0.8372 0.3548 0.9158
0.8837 0.3226 0.9249
0.8372 0.2581 0.9286
0.8605 0.2903 0.9377
0.8605 0.2903 0.9451
0.9070 0.2903 0.9469
0.8605 0.2581 0.9505
0.8837 0.1935 0.9615
0.8372 0.1613 0.9670
0.8837 0.1613 0.9689
0.8372 0.1613 0.9744
0.9070 0.0968 0.9799
0.8605 0.0645 0.9853
0.9302 0.0645 0.9872
0.8837 0.1290 0.9872
0.9535 0.0323 0.9908
0.9070 0.0323 0.9945
0.9070 0.0323 1.0000
0.8837 0.0968 0.9945
1.0000 0.0323 0.9945
0.8837 0.0000 0.9945
0.9302 0.0323 0.9982
0.9070 0.0323 0.9963
0.9535 0.0000 0.9945
0.8837 0.0645 0.9927
0.9767 0.0000 0.9872
0.9070 0.0645 0.9853
0.9302 0.0323 0.9835
0.8837 0.0323 0.9817
0.8837 0.0645 0.9799
0.8605 0.0323 0.9762
0.9070 0.0968 0.9780
0.9070 0.0968 0.9707
0.9302 0.0000 0.9670
0.8837 0.0968 0.9707
0.9070 0.0323 0.9689
0.9070 0.0645 0.9689
0.8837 0.1613 0.9707
0.8605 0.0968 0.9670
0.8837 0.0968 0.9689
0.8837 0.1290 0.9670
0.9302 0.0968 0.9689
0.8605 0.1290 0.9652
0.9070 0.0968 0.9707
0.8605 0.0968 0.9670
0.8837 0.0000 0.9762
0.7907 0.1290 0.9670
0.8837 0.1290 0.9725
0.8372 0.1290 0.9725
0.9070 0.1290 0.9744
0.8605 0.1935 0.9744
0.8837 0.0968 0.9744
0.8605 0.1290 0.9762
0.9070 0.1290 0.9780
0.8605 0.1290 0.9780
