0.67741935 0.00000000 0.98993289
0.63709677 0.01838235 0.98993289
0.66935484 0.03492647 0.98993289
0.66935484 0.04411765 1.00000000
0.68548387 0.05514706 0.97986577
0.66129032 0.06250000 0.97315436
0.66129032 0.08272059 0.96979866
0.63709677 0.10845588 0.97315436
0.66129032 0.11764706 0.96979866
0.63709677 0.11948529 0.95973154
0.65322581 0.12316176 0.95302013
0.64516129 0.14154412 0.94966443
0.66129032 0.16176471 0.93959732
0.66129032 0.17647059 0.94295302
0.67741935 0.18382353 0.94295302
0.67741935 0.17830882 0.92953020
0.67741935 0.21323529 0.93624161
0.68548387 0.23897059 0.93624161
0.71774194 0.24816176 0.92617450
0.72580645 0.25735294 0.93288591
0.70161290 0.25367647 0.91275168
0.70967742 0.28125000 0.90939597
0.75806452 0.31066176 0.90268456
0.75806452 0.32720588 0.89261745
0.78225806 0.33639706 0.88255034
0.73387097 0.34926471 0.87919463
0.76612903 0.36764706 0.86241611
0.76612903 0.38419118 0.85906040
0.77419355 0.38786765 0.84228188
0.78225806 0.39889706 0.82885906
0.79838710 0.41544118 0.82550336
0.79838710 0.43014706 0.80872483
0.82258065 0.44852941 0.80536913
0.81451613 0.45955882 0.80201342
0.83870968 0.47058824 0.79530201
0.83064516 0.49448529 0.77852349
0.84677419 0.50183824 0.77181208
0.83064516 0.51102941 0.77516779
0.83064516 0.52389706 0.75503356
0.83870968 0.54227941 0.74832215
0.87096774 0.55147059 0.73489933
0.86290323 0.56617647 0.72483221
0.87903226 0.57536765 0.71476510
0.89516129 0.58272059 0.69463087
0.91129032 0.60110294 0.69798658
0.91129032 0.61213235 0.67449664
0.92741935 0.61764706 0.67114094
0.93548387 0.62132353 0.66107383
0.93548387 0.63786765 0.65436242
0.95967742 0.64522059 0.65100671
1.00000000 0.66911765 0.64429530
0.97580645 0.66544118 0.62416107
0.97580645 0.67830882 0.63087248
0.94354839 0.70036765 0.61073826
0.94354839 0.71323529 0.61409396
0.91935484 0.71691176 0.59731544
0.91129032 0.72426471 0.59395973
0.91129032 0.72977941 0.57046980
0.90322581 0.74264706 0.56711409
0.86290323 0.75551471 0.55033557
0.87096774 0.75919118 0.54026846
0.86290323 0.77205882 0.52684564
0.83064516 0.78860294 0.52013423
0.80645161 0.79227941 0.50335570
0.78225806 0.80330882 0.50335570
0.77419355 0.81066176 0.48322148
0.74193548 0.82352941 0.48657718
0.74193548 0.83272059 0.46644295
0.70967742 0.84558824 0.47315436
0.70161290 0.84742647 0.45302013
0.66935484 0.86397059 0.44966443
0.64516129 0.87683824 0.43624161
0.60483871 0.88786765 0.42617450
0.55645161 0.88970588 0.40604027
0.54032258 0.89522059 0.40604027
0.50000000 0.89705882 0.38255034
0.47580645 0.90441176 0.36577181
0.46774194 0.91360294 0.34899329
0.42741935 0.91544118 0.34228188
0.39516129 0.91911765 0.32214765
0.36290323 0.92647059 0.31543624
0.32258065 0.93198529 0.30201342
0.29032258 0.93382353 0.29194631
0.27419355 0.93933824 0.27852349
0.24193548 0.94852941 0.26174497
0.20161290 0.95220588 0.24161074
0.20161290 0.95955882 0.21812081
0.17741935 0.96691176 0.20469799
0.14516129 0.97058824 0.18456376
0.12096774 0.97242647 0.16442953
0.11290323 0.96875000 0.14429530
0.09677419 0.96691176 0.12751678
0.07258065 0.98161765 0.09731544
0.06451613 0.97794118 0.07718121
0.05645161 0.98529412 0.06375839
0.06451613 0.99080882 0.04362416
0.03225806 0.98897059 0.03020134
0.00806452 0.99264706 0.01342282
0.00806452 0.99632353 0.00000000
0.00000000 1.00000000 0.00671141
