0.3258 0.7440 0.0104
0.3483 0.7680 0.0021
0.3596 0.7680 0.0062
0.3539 0.8000 0.0021
0.3483 0.7760 0.0062
0.3596 0.7680 0.0000
0.3596 0.7600 0.0104
0.3483 0.7600 0.0104
0.3427 0.7280 0.0166
0.3483 0.7440 0.0145
0.3820 0.7760 0.0228
0.3876 0.7520 0.0249
0.3820 0.7440 0.0207
0.4101 0.6960 0.0270
0.4157 0.6800 0.0249
0.4326 0.6720 0.0290
0.4494 0.6560 0.0311
0.4607 0.6560 0.0373
0.4719 0.6800 0.0332
0.4944 0.6640 0.0394
0.5225 0.6320 0.0394
0.5281 0.5920 0.0477
0.5449 0.5920 0.0456
0.5449 0.5360 0.0519
0.5562 0.5120 0.0539
0.5787 0.5120 0.0581
0.5899 0.4880 0.0560
0.6011 0.4560 0.0560
0.6180 0.3840 0.0602
0.6404 0.3680 0.0747
0.6404 0.2720 0.0664
0.6573 0.2880 0.0622
0.6854 0.2560 0.0664
0.6966 0.2960 0.0622
0.7022 0.2480 0.0685
0.7022 0.2080 0.0622
0.7191 0.1600 0.0685
0.7360 0.1200 0.0643
0.7360 0.1200 0.0705
0.7528 0.0880 0.0622
0.7697 0.0960 0.0685
0.7697 0.0640 0.0622
0.7865 0.0240 0.0602
0.7809 0.0160 0.0581
0.7921 -0.0000 0.0560
0.7640 -0.0000 0.0498
0.7865 0.0240 0.0498
0.7978 0.0480 0.0539
0.8034 0.0560 0.0560
0.8146 0.0560 0.0602
0.8258 0.0720 0.0539
0.8371 0.0560 0.0622
0.8427 0.0560 0.0622
0.8483 0.0560 0.0664
0.8652 0.1200 0.0643
0.8764 0.1600 0.0726
0.8820 0.1920 0.0768
0.8933 0.2080 0.0788
0.9101 0.2400 0.0851
0.9270 0.2480 0.0913
0.9270 0.2880 0.0954
0.9270 0.3520 0.1058
0.9382 0.3760 0.1141
0.9326 0.3920 0.1328
0.9382 0.4240 0.1432
0.9551 0.4960 0.1598
0.9551 0.4880 0.1722
0.9607 0.5280 0.1909
0.9831 0.5840 0.2075
0.9831 0.6320 0.2282
0.9888 0.6880 0.2407
0.9831 0.7360 0.2635
1.0000 0.7920 0.2801
0.9888 0.7840 0.3050
0.9831 0.8480 0.3278
0.9719 0.8800 0.3589
0.9663 0.9520 0.3776
0.9326 0.9520 0.4108
0.9213 0.9680 0.4336
0.9045 0.9840 0.4730
0.8596 0.9520 0.4876
0.8539 0.9680 0.5124
0.8258 0.9840 0.5311
0.7809 0.9840 0.5685
0.7528 1.0000 0.5851
0.7191 0.9920 0.6120
0.6854 0.9520 0.6369
0.6124 0.9200 0.6660
0.5843 0.8720 0.6950
0.5393 0.8640 0.7261
0.4719 0.8320 0.7510
0.4382 0.8080 0.7822
0.3876 0.7440 0.8112
0.3258 0.6800 0.8402
0.2640 0.6000 0.8651
0.2303 0.5760 0.8880
0.1854 0.5200 0.9191
0.1067 0.5520 0.9461
0.0562 0.4720 0.9730
-0.0000 0.4160 1.0000
