0.00000000 1.00000000 1.00000000
0.00000000 0.96529968 0.98571429
0.04705882 0.94321767 0.97582418
0.09411765 0.89905363 0.96043956
0.11764706 0.86750789 0.95604396
0.11764706 0.82334385 0.94285714
0.14117647 0.79810726 0.92857143
0.18823529 0.78548896 0.91208791
0.23529412 0.73817035 0.90109890
0.24705882 0.70977918 0.89010989
0.27058824 0.68138801 0.88131868
0.28235294 0.65615142 0.86593407
0.31764706 0.65299685 0.85274725
0.36470588 0.61829653 0.84065934
0.40000000 0.59621451 0.83076923
0.43529412 0.57097792 0.81978022
0.47058824 0.55205047 0.80989011
0.48235294 0.53943218 0.79340659
0.55294118 0.51735016 0.78241758
0.55294118 0.48580442 0.77032967
0.61176471 0.46372240 0.76703297
0.64705882 0.43533123 0.75054945
0.64705882 0.42902208 0.73956044
0.67058824 0.40694006 0.72307692
0.70588235 0.38170347 0.71538462
0.74117647 0.36277603 0.70219780
0.75294118 0.31861199 0.69010989
0.74117647 0.30599369 0.67802198
0.78823529 0.28706625 0.66813187
0.78823529 0.26498423 0.65604396
0.80000000 0.26182965 0.64395604
0.82352941 0.21451104 0.63076923
0.82352941 0.21451104 0.62087912
0.83529412 0.20189274 0.60879121
0.87058824 0.17981073 0.59890110
0.87058824 0.16403785 0.58681319
0.91764706 0.14826498 0.57912088
0.91764706 0.13249211 0.56593407
0.94117647 0.13249211 0.55824176
0.88235294 0.10725552 0.54835165
0.90588235 0.09779180 0.53956044
0.92941176 0.08201893 0.52527473
0.91764706 0.06309148 0.51428571
0.89411765 0.05993691 0.50329670
0.90588235 0.05993691 0.49230769
0.88235294 0.03785489 0.47912088
0.91764706 0.03785489 0.46703297
0.91764706 0.02208202 0.45714286
0.89411765 0.01261830 0.44725275
0.84705882 0.00630915 0.43516484
0.84705882 0.00946372 0.42527473
0.85882353 0.00000000 0.40989011
0.84705882 0.00315457 0.39890110
0.84705882 0.00630915 0.38901099
0.88235294 0.00315457 0.37912088
0.89411765 0.00630915 0.36703297
0.94117647 0.00630915 0.35824176
0.94117647 0.00000000 0.34835165
0.91764706 0.00946372 0.34065934
0.94117647 0.01892744 0.32417582
0.95294118 0.01577287 0.31318681
0.95294118 0.02523659 0.30109890
0.95294118 0.03470032 0.29010989
0.94117647 0.01577287 0.27802198
0.97647059 0.02208202 0.26593407
1.00000000 0.02208202 0.25604396
0.98823529 0.01577287 0.24835165
0.96470588 0.01577287 0.23626374
0.96470588 0.03470032 0.22417582
0.97647059 0.03785489 0.21538462
0.96470588 0.04731861 0.20989011
0.98823529 0.06940063 0.19780220
0.94117647 0.06940063 0.18791209
0.95294118 0.06624606 0.17692308
0.98823529 0.08832808 0.17142857
0.96470588 0.07255521 0.16263736
0.91764706 0.08201893 0.15714286
0.90588235 0.10094637 0.14725275
0.90588235 0.12302839 0.13956044
0.91764706 0.11041009 0.12857143
0.88235294 0.12302839 0.12197802
0.85882353 0.14511041 0.10879121
0.87058824 0.14511041 0.10219780
0.89411765 0.13564669 0.09670330
0.83529412 0.15141956 0.09010989
0.83529412 0.16088328 0.08241758
0.80000000 0.17350158 0.07252747
0.80000000 0.18927445 0.06813187
0.78823529 0.20189274 0.06153846
0.77647059 0.21451104 0.05494505
0.75294118 0.21451104 0.04725275
0.76470588 0.23028391 0.04285714
0.81176471 0.22082019 0.03516484
0.81176471 0.22397476 0.03406593
0.78823529 0.24605678 0.02307692
0.76470588 0.25552050 0.01868132
0.77647059 0.24605678 0.01318681
0.74117647 0.26182965 0.00879121
0.72941176 0.27129338 0.00329670
0.69411765 0.27760252 0.00000000
