-65.3571 0.4911 0.0200
-65.1429 0.4899 0.0105
-65.0000 0.4975 0.0126
-64.9286 0.4962 0.0105
-64.9286 0.4937 0.0116
-65.0000 0.4937 0.0063
-64.8571 0.5038 0.0053
-64.6429 0.5089 0.0011
-64.5000 0.5114 0.0000
-64.2857 0.5177 0.0021
-64.2857 0.5190 0.0095
-64.5714 0.5342 0.0042
-64.1429 0.5506 0.0095
-63.6429 0.5570 0.0137
-63.7857 0.5696 0.0189
-63.3571 0.5722 0.0315
-63.5714 0.5911 0.0336
-63.5714 0.6101 0.0410
-63.5000 0.6354 0.0494
-63.2143 0.6544 0.0651
-63.4286 0.6747 0.0830
-63.6429 0.6886 0.0966
-63.8571 0.7228 0.1092
-63.9286 0.7494 0.1229
-64.0000 0.7810 0.1429
-63.7857 0.7975 0.1691
-63.1429 0.8127 0.2017
-62.7857 0.8329 0.2279
-62.4286 0.8684 0.2574
-61.7143 0.8911 0.2899
-61.2857 0.9177 0.3256
-60.6429 0.9291 0.3613
-59.6429 0.9494 0.3981
-58.6429 0.9608 0.4380
-57.6429 0.9734 0.4811
-56.5714 0.9835 0.5189
-55.3571 0.9975 0.5609
-54.0714 1.0000 0.6019
-53.0000 0.9911 0.6439
-51.7857 0.9937 0.6786
-50.3571 0.9835 0.7132
-48.7143 0.9684 0.7468
-47.3571 0.9506 0.7763
-45.8571 0.9304 0.8046
-44.2857 0.9013 0.8319
-42.8571 0.8684 0.8540
-41.4286 0.8494 0.8718
-39.7857 0.8228 0.8876
-38.5714 0.7899 0.8971
-37.0000 0.7456 0.9034
-35.4286 0.7266 0.9034
-33.7143 0.6886 0.9076
-32.8571 0.6544 0.9044
-31.2143 0.6342 0.9002
-29.8571 0.6114 0.8876
-28.6429 0.5835 0.8803
-27.6429 0.5570 0.8655
-26.5714 0.5608 0.8540
-25.5714 0.5342 0.8435
-24.2857 0.5190 0.8288
-23.1429 0.5101 0.8193
-21.6429 0.5051 0.8078
-20.2857 0.4949 0.7983
-19.0714 0.4823 0.7931
-17.7857 0.4835 0.7815
-16.2143 0.4759 0.7794
-15.4286 0.4633 0.7721
-13.9286 0.4544 0.7700
-12.4286 0.4443 0.7679
-11.1429 0.4329 0.7637
-10.0000 0.4228 0.7616
-9.0000 0.4253 0.7605
-7.8571 0.4190 0.7595
-6.8571 0.3937 0.7647
-5.8571 0.3886 0.7595
-4.9286 0.3684 0.7689
-4.0000 0.3709 0.7658
-3.1429 0.3506 0.7700
-2.0714 0.3354 0.7731
-1.0000 0.3329 0.7815
-0.0000 0.2987 0.7889
1.0000 0.2962 0.7962
1.8571 0.2848 0.8025
2.7857 0.2747 0.8130
3.6429 0.2646 0.8193
4.6429 0.2304 0.8340
5.7143 0.2190 0.8424
6.6429 0.2063 0.8550
7.5000 0.2025 0.8634
8.2857 0.1962 0.8761
8.7857 0.1810 0.8866
9.5000 0.1557 0.9034
10.0714 0.1418 0.9139
10.5714 0.1304 0.9254
11.1429 0.1177 0.9338
11.7857 0.0937 0.9506
12.3571 0.0722 0.9611
13.3571 0.0494 0.9748
14.1429 0.0291 0.9874
15.0714 0.0000 1.0000
