0.0000 -0.0000 0.0000
0.0034 0.0657 0.0075
0.0056 0.0511 0.0224
0.0090 0.1095 0.0224
0.0112 0.1241 0.0373
0.0135 0.1825 0.0448
0.0191 0.1898 0.0448
0.0213 0.2336 0.0522
0.0247 0.2044 0.0634
0.0336 0.2482 0.0597
0.0392 0.2117 0.0672
0.0437 0.2336 0.0709
0.0493 0.2044 0.0746
0.0561 0.2336 0.0858
0.0639 0.2190 0.0821
0.0695 0.2628 0.0970
0.0785 0.2482 0.0970
0.0841 0.2701 0.1194
0.0908 0.2555 0.1157
0.1009 0.2847 0.1306
0.1076 0.2920 0.1530
0.1200 0.3066 0.1530
0.1211 0.3139 0.1455
0.1289 0.3358 0.1716
0.1390 0.3212 0.1716
0.1469 0.3431 0.1940
0.1536 0.3212 0.1903
0.1614 0.3504 0.1978
0.1693 0.3577 0.2052
0.1794 0.4015 0.2239
0.1883 0.4088 0.2313
0.1973 0.4380 0.2463
0.2029 0.4234 0.2537
0.2130 0.4672 0.2649
0.2209 0.4672 0.2687
0.2298 0.4964 0.2836
0.2410 0.5109 0.2836
0.2511 0.5401 0.3022
0.2601 0.5255 0.3060
0.2713 0.5474 0.3246
0.2780 0.5328 0.3246
0.2904 0.5766 0.3433
0.3016 0.5620 0.3470
0.3094 0.5912 0.3694
0.3206 0.5620 0.3694
0.3285 0.5839 0.3881
0.3363 0.5547 0.3955
0.3430 0.6058 0.4179
0.3520 0.5912 0.4104
0.3599 0.6350 0.4328
0.3700 0.6204 0.4403
0.3823 0.6569 0.4590
0.3924 0.6423 0.4515
0.3991 0.6861 0.4776
0.4103 0.6715 0.4701
0.4215 0.7080 0.4888
0.4339 0.6861 0.4851
0.4439 0.7226 0.5075
0.4540 0.6934 0.5037
0.4641 0.7445 0.5261
0.4765 0.7299 0.5224
0.4877 0.7591 0.5560
0.5011 0.7226 0.5522
0.5101 0.7518 0.5784
0.5213 0.7518 0.5709
0.5325 0.7737 0.6007
0.5437 0.7518 0.6007
0.5561 0.7810 0.6269
0.5695 0.7591 0.6194
0.5807 0.7956 0.6418
0.5930 0.7956 0.6530
0.6099 0.8321 0.6642
0.6188 0.8394 0.6679
0.6323 0.8832 0.6866
0.6457 0.8832 0.6866
0.6614 0.9416 0.7052
0.6749 0.9489 0.7164
0.6883 0.9927 0.7388
0.7029 0.9781 0.7388
0.7152 1.0000 0.7724
0.7298 0.9708 0.7649
0.7422 0.9781 0.7873
0.7522 0.9416 0.7873
0.7657 0.9197 0.8022
0.7769 0.8978 0.8097
0.7892 0.9051 0.8172
0.8038 0.8832 0.8246
0.8173 0.9124 0.8433
0.8318 0.8978 0.8507
0.8487 0.9197 0.8731
0.8632 0.9489 0.8769
0.8778 0.9708 0.8955
0.8935 0.9562 0.9030
0.9058 0.9708 0.9216
0.9226 0.9635 0.9291
0.9350 0.9562 0.9515
0.9484 0.9051 0.9590
0.9641 0.9343 0.9888
0.9809 0.9416 0.9813
1.0000 0.9489 1.0000
