0.00000000 0.00000000 0.85447761
0.01361089 0.00514403 0.86380597
0.02802242 0.01028807 0.86380597
0.04083267 0.01337449 0.86940299
0.05124099 0.02366255 0.86940299
0.06325060 0.03086420 0.88059701
0.07526021 0.03703704 0.87686567
0.08726982 0.04423868 0.88619403
0.09927942 0.05349794 0.89179104
0.11208967 0.05555556 0.89552239
0.12489992 0.06481481 0.90111940
0.13931145 0.07098765 0.91044776
0.15052042 0.07716049 0.91231343
0.16253002 0.08024691 0.92164179
0.17614091 0.08950617 0.92164179
0.18895116 0.08950617 0.93097015
0.20016013 0.09567901 0.92723881
0.21617294 0.09773663 0.93470149
0.22818255 0.10905350 0.93470149
0.23859087 0.11008230 0.94216418
0.25300240 0.12037037 0.94402985
0.26501201 0.12654321 0.95149254
0.27622098 0.13374486 0.95335821
0.28742994 0.14300412 0.96268657
0.29863891 0.15534979 0.96082090
0.30664532 0.16460905 0.96828358
0.31865492 0.17592593 0.96828358
0.33066453 0.18518519 0.97014925
0.34027222 0.19444444 0.97014925
0.35388311 0.20061728 0.97574627
0.36349079 0.21296296 0.97574627
0.37790232 0.22222222 0.98134328
0.38911129 0.23148148 0.98134328
0.40032026 0.23662551 0.99067164
0.40992794 0.24279835 0.98880597
0.42193755 0.24382716 0.99440299
0.43154524 0.25514403 0.98880597
0.44435548 0.26337449 1.00000000
0.45636509 0.26748971 0.99067164
0.46677342 0.27263374 1.00000000
0.47798239 0.28292181 0.99813433
0.49399520 0.28909465 0.99440299
0.50120096 0.29938272 0.99067164
0.51160929 0.30967078 1.00000000
0.63811049 0.47222222 0.99253731
0.72217774 0.66563786 0.94962687
0.72938351 0.68415638 0.96828358
0.73578863 0.69958848 0.94589552
0.74459568 0.72016461 0.97014925
0.75100080 0.73148148 0.94216418
0.75980785 0.75308642 0.95895522
0.76941553 0.75925926 0.92537313
0.77662130 0.78600823 0.94402985
0.77982386 0.80144033 0.92164179
0.77822258 0.82716049 0.94216418
0.77822258 0.84362140 0.91791045
0.77902322 0.86522634 0.94029851
0.78142514 0.88374486 0.91044776
0.78062450 0.90432099 0.92723881
0.78622898 0.91769547 0.89925373
0.79023219 0.94135802 0.91604478
0.79423539 0.95884774 0.89365672
0.79503603 0.98456790 0.90111940
0.79423539 0.99176955 0.86194030
0.79983987 1.00000000 0.87313433
0.80624500 0.99485597 0.84141791
0.81184948 0.99794239 0.86007463
0.81745396 0.99279835 0.83395522
0.82385909 0.98456790 0.86007463
0.82706165 0.96399177 0.84701493
0.83266613 0.94958848 0.88432836
0.83426741 0.91872428 0.87313433
0.83827062 0.89917695 0.90858209
0.83907126 0.86111111 0.88619403
0.84147318 0.83847737 0.90858209
0.84227382 0.80761317 0.89179104
0.84307446 0.79012346 0.89925373
0.84547638 0.76028807 0.87126866
0.85348279 0.74074074 0.87126866
0.86309047 0.71810700 0.83395522
0.87109688 0.69958848 0.82462687
0.88310649 0.68209877 0.77052239
0.89271417 0.66769547 0.74253731
0.90792634 0.64711934 0.68470149
0.91673339 0.64300412 0.65858209
0.92554043 0.62345679 0.60261194
0.93274620 0.61419753 0.58582090
0.94315452 0.60185185 0.52425373
0.95356285 0.59773663 0.50000000
0.96076861 0.58950617 0.43656716
0.97117694 0.57818930 0.40111940
0.97758207 0.56790123 0.34888060
0.98238591 0.55452675 0.32649254
0.98558847 0.54115226 0.27238806
0.98718975 0.52160494 0.25000000
0.99279424 0.51028807 0.17723881
0.99199359 0.49588477 0.14179104
0.99599680 0.48971193 0.08582090
0.99759808 0.48148148 0.05037313
1.00000000 0.48456790 0.00000000
