0.88089888 0.04834254 1.00000000
0.87191011 0.02624309 0.96390658
0.87865169 0.01657459 0.93205945
0.88089888 0.00552486 0.89596603
0.88314607 0.00966851 0.87898089
0.89438202 0.00966851 0.83864119
0.89887640 0.00828729 0.80467091
0.90112360 0.00276243 0.76857749
0.90561798 0.00000000 0.74097665
0.90561798 0.00000000 0.71549894
0.92134831 0.00690608 0.67940552
0.93707865 0.00966851 0.65180467
0.95280899 0.01933702 0.61783439
0.95505618 0.01933702 0.58598726
0.96179775 0.02624309 0.54777070
0.96629213 0.02900552 0.51592357
0.98202247 0.04419890 0.49681529
0.97977528 0.05662983 0.46921444
0.97977528 0.06629834 0.44161359
0.97752809 0.07182320 0.41825902
0.98651685 0.08563536 0.39065817
0.98876404 0.08839779 0.36942675
1.00000000 0.10635359 0.34394904
1.00000000 0.11602210 0.32696391
0.99550562 0.13812155 0.30573248
0.99550562 0.14917127 0.28874735
1.00000000 0.16160221 0.26963907
0.99325843 0.17127072 0.25690021
0.98651685 0.19198895 0.24628450
0.97528090 0.19889503 0.22717622
0.97752809 0.21685083 0.21443737
0.97977528 0.20994475 0.19532909
0.97977528 0.22928177 0.18471338
0.96404494 0.23618785 0.16560510
0.96179775 0.25552486 0.15286624
0.95280899 0.27071823 0.14861996
0.95505618 0.27348066 0.13163482
0.93932584 0.27900552 0.12314225
0.93033708 0.29558011 0.11252654
0.91460674 0.30524862 0.11040340
0.91235955 0.32734807 0.10191083
0.90786517 0.33425414 0.08917197
0.90112360 0.34806630 0.08067941
0.88764045 0.36049724 0.07218684
0.87640449 0.37016575 0.05944798
0.86741573 0.39226519 0.06157113
0.86067416 0.40607735 0.05095541
0.84719101 0.41712707 0.05307856
0.84044944 0.43508287 0.03609342
0.83370787 0.43093923 0.03397028
0.82471910 0.46132597 0.03397028
0.83146067 0.47375691 0.02547771
0.82921348 0.48756906 0.01698514
0.81573034 0.49723757 0.01273885
0.80898876 0.50138122 0.00636943
0.80000000 0.53729282 0.00849257
0.79550562 0.54972376 0.00212314
0.77752809 0.55939227 0.00000000
0.76629213 0.56906077 0.00000000
0.75056180 0.58011050 0.00212314
0.74157303 0.60635359 0.00212314
0.73033708 0.62569061 0.00636943
0.72584270 0.63259669 0.00000000
0.70786517 0.64640884 0.00424628
0.69438202 0.65193370 0.00636943
0.67191011 0.67127072 0.01061571
0.65842697 0.69198895 0.01486200
0.64269663 0.69198895 0.01486200
0.62471910 0.69751381 0.01698514
0.60224719 0.70580110 0.02335456
0.58651685 0.72099448 0.02547771
0.56404494 0.73756906 0.03609342
0.54831461 0.73895028 0.02760085
0.52134831 0.74585635 0.04033970
0.49213483 0.75690608 0.04670913
0.46067416 0.75828729 0.05307856
0.43595506 0.76795580 0.05732484
0.41348315 0.77348066 0.07218684
0.38426966 0.78591160 0.07430998
0.36179775 0.79558011 0.08704883
0.33258427 0.79972376 0.09554140
0.29662921 0.81353591 0.10615711
0.28314607 0.81767956 0.11464968
0.25168539 0.83839779 0.12526539
0.23370787 0.84944751 0.14225053
0.20674157 0.85220994 0.15286624
0.19101124 0.85773481 0.15498938
0.17977528 0.86464088 0.16135881
0.17078652 0.88950276 0.16560510
0.15056180 0.89917127 0.17409766
0.13707865 0.90745856 0.17409766
0.11910112 0.90745856 0.17834395
0.10786517 0.92127072 0.18259023
0.08539326 0.93646409 0.18895966
0.06516854 0.94475138 0.19532909
0.05168539 0.95303867 0.20169851
0.03595506 0.96270718 0.20169851
0.02921348 0.97513812 0.20594480
0.01797753 0.98618785 0.21656051
0.00000000 1.00000000 0.21656051
