0.32620321 0.49357326 0.12082262
0.36363636 0.50642674 0.10796915
0.42245989 0.47557841 0.10025707
0.42780749 0.50385604 0.08483290
0.48128342 0.51670951 0.08226221
0.49732620 0.49871465 0.06426735
0.56684492 0.45758355 0.05655527
0.59893048 0.47557841 0.04370180
0.64705882 0.51156812 0.03856041
0.67914439 0.48586118 0.02056555
0.74866310 0.46529563 0.01799486
0.77540107 0.40874036 0.01285347
0.79144385 0.43444730 0.01542416
0.81818182 0.42930591 0.01028278
0.83957219 0.41902314 0.01028278
0.86631016 0.37532134 0.00771208
0.89839572 0.38817481 0.00771208
0.91443850 0.38303342 0.00771208
0.93048128 0.35989717 0.00000000
0.96256684 0.32390746 0.01542416
0.98930481 0.28791774 0.01542416
0.97326203 0.31876607 0.03598972
0.97326203 0.28277635 0.03084833
0.98395722 0.26735219 0.04370180
1.00000000 0.21850900 0.04884319
0.98930481 0.23907455 0.06169666
0.98395722 0.24678663 0.06683805
0.96256684 0.23650386 0.07969152
0.97860963 0.19537275 0.09254499
0.93582888 0.19280206 0.10796915
0.93048128 0.18766067 0.12853470
0.88235294 0.17223650 0.13624679
0.87165775 0.13624679 0.14652956
0.86096257 0.12853470 0.16709512
0.81283422 0.11053985 0.17223650
0.78609626 0.08226221 0.19023136
0.75401070 0.06426735 0.20308483
0.74331551 0.03856041 0.22107969
0.71122995 0.05398458 0.23907455
0.68983957 0.03341902 0.25449871
0.67379679 0.02570694 0.25706941
0.66844920 0.01028278 0.26992288
0.64705882 0.00000000 0.28020566
0.63101604 0.00771208 0.30077121
0.59358289 0.02570694 0.32133676
0.58288770 0.01285347 0.34447301
0.57219251 0.00000000 0.36760925
0.52941176 0.03341902 0.39074550
0.49732620 0.04370180 0.40616967
0.48663102 0.07197943 0.43701799
0.48128342 0.05398458 0.46015424
0.45989305 0.11568123 0.48843188
0.43315508 0.13367609 0.51156812
0.40106952 0.14138817 0.53984576
0.37967914 0.14138817 0.56555270
0.35294118 0.17223650 0.58354756
0.33155080 0.23136247 0.60925450
0.30481283 0.24678663 0.62724936
0.31550802 0.28020566 0.65038560
0.31016043 0.29820051 0.67095116
0.27807487 0.35218509 0.69922879
0.25133690 0.35989717 0.71208226
0.23529412 0.38817481 0.73264781
0.24064171 0.38817481 0.75578406
0.20320856 0.46786632 0.76606684
0.20855615 0.49614396 0.76863753
0.19251337 0.49100257 0.78149100
0.18181818 0.50385604 0.78920308
0.19786096 0.51670951 0.79948586
0.18716578 0.57069409 0.80719794
0.15508021 0.59125964 0.80976864
0.15508021 0.60925450 0.81491003
0.17647059 0.57840617 0.81491003
0.17112299 0.65038560 0.81748072
0.17647059 0.69408740 0.81748072
0.15508021 0.69922879 0.80976864
0.19251337 0.69408740 0.80462725
0.17112299 0.72236504 0.81748072
0.15508021 0.77120823 0.82005141
0.14438503 0.77634961 0.81748072
0.12834225 0.79691517 0.82519280
0.14438503 0.76349614 0.82005141
0.13368984 0.82005141 0.82262211
0.13368984 0.84061697 0.82776350
0.11229947 0.83804627 0.82776350
0.13368984 0.83547558 0.83290488
0.13903743 0.79948586 0.84832905
0.11229947 0.85604113 0.85347044
0.09090909 0.86889460 0.86375321
0.09090909 0.87146530 0.88431877
0.10695187 0.85604113 0.89203085
0.08556150 0.87403599 0.89203085
0.06951872 0.91773779 0.90745501
0.06417112 0.92030848 0.91773779
0.06951872 0.93059126 0.93316195
0.05347594 0.91259640 0.94858612
0.04278075 0.92030848 0.95886889
0.01604278 0.98457584 0.97686375
0.00534759 0.98971722 0.98457584
0.00000000 1.00000000 1.00000000
