0.00000000 0.66251075 0.00000000
0.00424628 0.67325881 0.00610920
0.01061571 0.68443680 0.01336388
0.01857749 0.69045572 0.02138221
0.02547771 0.69862425 0.02978236
0.03025478 0.70421324 0.03627339
0.03768577 0.71410146 0.04352806
0.04246285 0.72269991 0.05116457
0.04830149 0.73258813 0.05765559
0.05414013 0.73946690 0.06720122
0.06157113 0.74763543 0.07560137
0.06847134 0.75279450 0.08438335
0.07430998 0.76096303 0.09278351
0.08067941 0.77042132 0.10118366
0.08864119 0.77815993 0.10996564
0.09341826 0.78546862 0.11989309
0.10084926 0.79492691 0.12714777
0.10828025 0.80008598 0.13860252
0.11411890 0.80696475 0.14814815
0.11995754 0.81728289 0.15693013
0.12951168 0.82545142 0.16647575
0.13800425 0.83447979 0.17754868
0.14702760 0.84221840 0.18671249
0.15711253 0.84995701 0.19931271
0.16666667 0.85812554 0.21000382
0.17834395 0.87188306 0.21954945
0.18842887 0.87833190 0.23062237
0.20010616 0.88650043 0.24360443
0.21019108 0.89079966 0.25582283
0.22133758 0.90025795 0.26842306
0.23195329 0.90885641 0.27987782
0.24309979 0.92089424 0.29324170
0.25424628 0.92691316 0.30813288
0.26804671 0.93680138 0.32226040
0.27919321 0.94153052 0.33753341
0.29246285 0.94840929 0.35357006
0.30520170 0.95399828 0.36846124
0.31900212 0.96345658 0.38411607
0.33174098 0.96904557 0.39938908
0.34713376 0.97678418 0.41504391
0.35828025 0.98065348 0.43298969
0.37101911 0.98280310 0.45055365
0.38428875 0.98538263 0.46926308
0.39861996 0.99183147 0.48568156
0.41348195 0.99742046 0.50362734
0.43046709 1.00000000 0.52157312
0.44373673 0.99871023 0.54142803
0.45966030 0.99441101 0.56128293
0.47399151 0.99441101 0.58037419
0.48885350 0.99484093 0.59946544
0.50530786 0.99441101 0.61779305
0.52070064 0.98882201 0.63726613
0.53450106 0.97893379 0.65826651
0.54936306 0.97033534 0.67850325
0.56581741 0.96517627 0.69835815
0.58121019 0.96001720 0.71706758
0.59819533 0.95270851 0.73730431
0.61518047 0.93895099 0.75639557
0.63163482 0.92390370 0.77510500
0.64649682 0.90842648 0.79381443
0.66242038 0.89552880 0.81061474
0.67834395 0.88306105 0.82932417
0.69532909 0.86715391 0.84383352
0.70966030 0.84823732 0.86101565
0.72399151 0.82803095 0.87590683
0.73991507 0.81040413 0.89041619
0.75636943 0.79277730 0.90454372
0.77229299 0.77300086 0.91828942
0.78980892 0.75150473 0.93012600
0.80307856 0.72742906 0.94196258
0.81740977 0.70163371 0.95150821
0.83333333 0.67970765 0.96105384
0.84713376 0.65434222 0.96907216
0.86252654 0.63069647 0.97594502
0.87526539 0.60275150 0.98243604
0.88853503 0.57480653 0.98587247
0.89649682 0.54643164 0.98969072
0.90817410 0.52364574 0.99236350
0.92038217 0.49699054 0.99732722
0.93152866 0.47248495 0.99923635
0.94214437 0.44840929 1.00000000
0.94904459 0.41917455 0.99885452
0.95594480 0.38779020 0.99656357
0.96284501 0.35812554 0.99389080
0.97027601 0.33276010 0.99083620
0.97717622 0.31599312 0.98625430
0.98513800 0.28761823 0.98052692
0.98938429 0.25623388 0.97250859
0.99044586 0.22184007 0.96487209
0.99256900 0.19690456 0.95647194
0.99416136 0.17841788 0.94883543
0.99575372 0.15821152 0.93852616
1.00000000 0.13327601 0.92745323
0.99681529 0.10791058 0.91447117
0.99309979 0.08383491 0.90148912
0.98885350 0.06577816 0.88927071
0.98726115 0.04815133 0.87705231
0.98407643 0.03310404 0.86597938
0.97983015 0.01805675 0.85108820
0.97133758 0.00000000 0.83772432
