0.00000000 0.98313975 0.00000000
0.01985112 0.98501311 0.03097643
0.04052936 0.98726115 0.06397306
0.06286187 0.99288123 0.09292929
0.08602151 0.99775197 0.12457912
0.11248966 1.00000000 0.15622896
0.13316791 0.99887598 0.19124579
0.15798180 0.99512926 0.22626263
0.18031431 0.99512926 0.25993266
0.20347395 0.99550393 0.29360269
0.22911497 0.99512926 0.32592593
0.25310174 0.99025852 0.36026936
0.27460711 0.98164106 0.39730640
0.29776675 0.97414762 0.43299663
0.32340778 0.96965155 0.46801347
0.34739454 0.96515549 0.50101010
0.37386270 0.95878606 0.53670034
0.40033085 0.94679655 0.57037037
0.42597188 0.93368303 0.60336700
0.44913151 0.92019483 0.63636364
0.47394541 0.90895466 0.66599327
0.49875931 0.89808917 0.69898990
0.52522746 0.88422630 0.72457912
0.54755997 0.86774073 0.75488215
0.56989247 0.85013114 0.78114478
0.59470637 0.83476958 0.80673401
0.62034739 0.81940802 0.83164983
0.64516129 0.80217310 0.85589226
0.67245658 0.78343949 0.87676768
0.69313482 0.76245785 0.89764310
0.71546733 0.73997752 0.91447811
0.74028122 0.72086924 0.93131313
0.76178660 0.69876358 0.94545455
0.78577337 0.67815661 0.95757576
0.80562448 0.65380292 0.96902357
0.82630273 0.62944923 0.97508418
0.83870968 0.60472087 0.98181818
0.85690653 0.58486324 0.98653199
0.87593052 0.56163357 0.99528620
0.89330025 0.54027726 0.99865320
0.90984285 0.51929562 1.00000000
0.92059553 0.49381791 0.99797980
0.93134822 0.46646684 0.99393939
0.94210091 0.44061446 0.98922559
0.95368073 0.41850880 0.98383838
0.96443342 0.40389659 0.97575758
0.97684036 0.37916823 0.96565657
0.98345740 0.35181716 0.95151515
0.98511166 0.32184339 0.93804714
0.98842018 0.30011240 0.92323232
0.99090157 0.28400150 0.90976431
0.99338296 0.26639191 0.89158249
1.00000000 0.24466092 0.87205387
0.99503722 0.22255526 0.84915825
0.98924731 0.20157362 0.82626263
0.98263027 0.18583739 0.80471380
0.98014888 0.17047583 0.78316498
0.97518610 0.15736231 0.76363636
0.96856907 0.14424878 0.73737374
0.95533499 0.12851255 0.71380471
0.94210091 0.11015362 0.68956229
0.92969396 0.10003747 0.66666667
0.92473118 0.09142001 0.64377104
0.91315136 0.08392656 0.62289562
0.89909016 0.07605845 0.59865320
0.88916460 0.06744099 0.57508418
0.87427626 0.05170476 0.55151515
0.86104218 0.04833271 0.53063973
0.85194376 0.04608468 0.50909091
0.83540116 0.04346197 0.48888889
0.82464847 0.03784189 0.46734007
0.81141439 0.02922443 0.44646465
0.79569892 0.02435369 0.42693603
0.78742763 0.02472836 0.40673401
0.77750207 0.02322967 0.38787879
0.76178660 0.02210566 0.36902357
0.75186104 0.01873361 0.34882155
0.73945409 0.01723492 0.33063973
0.72373863 0.01049082 0.31313131
0.71464020 0.01273885 0.29696970
0.69727047 0.01461221 0.28350168
0.67907361 0.01311353 0.26868687
0.66666667 0.01236418 0.25185185
0.65260546 0.01011615 0.23838384
0.64185277 0.00711877 0.22962963
0.63110008 0.01049082 0.21279461
0.61290323 0.01011615 0.20067340
0.60132341 0.01049082 0.18787879
0.58808933 0.01086549 0.17643098
0.57320099 0.00524541 0.16430976
0.56162117 0.00711877 0.15353535
0.54673284 0.00599475 0.14343434
0.53019024 0.00636943 0.13333333
0.52026468 0.00674410 0.12121212
0.50785773 0.00374672 0.11380471
0.49214227 0.00149869 0.10101010
0.48221671 0.00149869 0.09158249
0.46980976 0.00000000 0.07946128
0.45657568 0.00074934 0.07070707
0.44334160 0.00000000 0.05993266
