0.00456621 0.00000000 1.00000000
0.00000000 0.00949367 0.99090909
0.00456621 0.01265823 0.98181818
0.01826484 0.02531646 0.96969697
0.02739726 0.03797468 0.96060606
0.03196347 0.04746835 0.95151515
0.04109589 0.04746835 0.93939394
0.04109589 0.05696203 0.93636364
0.05479452 0.06329114 0.92121212
0.06849315 0.06962025 0.90909091
0.07305936 0.07594937 0.89393939
0.09132420 0.09493671 0.88787879
0.09132420 0.10759494 0.86969697
0.10502283 0.12025316 0.86060606
0.10958904 0.12341772 0.84848485
0.12328767 0.13291139 0.83939394
0.13698630 0.13924051 0.82727273
0.15068493 0.15822785 0.81515152
0.16438356 0.15822785 0.80303030
0.17808219 0.17405063 0.80303030
0.18264840 0.18670886 0.79090909
0.18721461 0.19303797 0.77878788
0.19634703 0.20253165 0.77272727
0.20091324 0.19936709 0.76060606
0.21461187 0.20569620 0.75757576
0.21917808 0.21518987 0.74242424
0.22374429 0.22151899 0.73333333
0.22831050 0.23101266 0.72424242
0.21917808 0.23417722 0.71212121
0.22374429 0.24050633 0.70303030
0.24200913 0.25000000 0.69696970
0.25114155 0.25632911 0.69090909
0.25570776 0.25949367 0.67878788
0.26027397 0.27215190 0.67272727
0.26027397 0.27531646 0.66666667
0.26940639 0.29113924 0.64848485
0.28767123 0.29113924 0.64848485
0.29223744 0.29746835 0.63333333
0.31506849 0.30379747 0.62424242
0.31963470 0.32278481 0.61818182
0.32420091 0.33860759 0.60606061
0.32876712 0.34177215 0.59090909
0.34703196 0.36708861 0.57575758
0.36073059 0.37658228 0.56969697
0.36986301 0.38291139 0.55757576
0.37442922 0.40189873 0.54242424
0.37899543 0.40822785 0.53333333
0.39269406 0.42721519 0.51818182
0.40182648 0.43670886 0.50606061
0.41095890 0.43670886 0.50303030
0.43378995 0.45253165 0.48181818
0.42465753 0.46202532 0.47272727
0.43378995 0.48417722 0.46363636
0.44292237 0.49683544 0.44848485
0.45662100 0.49683544 0.43636364
0.47488584 0.50000000 0.42424242
0.48401826 0.51265823 0.41818182
0.49771689 0.54113924 0.40909091
0.51141553 0.54113924 0.39393939
0.53424658 0.55379747 0.38181818
0.54794521 0.56329114 0.36969697
0.55251142 0.57278481 0.36666667
0.56621005 0.59177215 0.35151515
0.57534247 0.60759494 0.34242424
0.58904110 0.60759494 0.33030303
0.59817352 0.62025316 0.31818182
0.60273973 0.63291139 0.30606061
0.61643836 0.65506329 0.29393939
0.62557078 0.66455696 0.29090909
0.62557078 0.67088608 0.28181818
0.64840183 0.67405063 0.27272727
0.65296804 0.68037975 0.26363636
0.66666667 0.70569620 0.25454545
0.67579909 0.70886076 0.24848485
0.68949772 0.70253165 0.23333333
0.69863014 0.72151899 0.22727273
0.70776256 0.73417722 0.21515152
0.71232877 0.75316456 0.20303030
0.72146119 0.75949367 0.19393939
0.72602740 0.76582278 0.18484848
0.73972603 0.77848101 0.16969697
0.75799087 0.81012658 0.16666667
0.76255708 0.81329114 0.14848485
0.78082192 0.82278481 0.14848485
0.80821918 0.82594937 0.13333333
0.82191781 0.84493671 0.12727273
0.84018265 0.85126582 0.11515152
0.85844749 0.85443038 0.10909091
0.88584475 0.86392405 0.09090909
0.89954338 0.87658228 0.08484848
0.91324201 0.89240506 0.06969697
0.92237443 0.91139241 0.06363636
0.93607306 0.91772152 0.05151515
0.94063927 0.93354430 0.03939394
0.95433790 0.96202532 0.03030303
0.95890411 0.97151899 0.02424242
0.97260274 0.97151899 0.01515152
0.97260274 0.98101266 0.00606061
0.98173516 1.00000000 0.00000000
1.00000000 1.00000000 0.00303030
