0.96851574 0.35830619 0.00000000
0.97751124 0.37785016 0.00076628
0.97601199 0.38110749 0.00842912
0.98500750 0.38110749 0.00996169
0.98650675 0.38762215 0.01685824
0.99400300 0.39739414 0.01915709
0.98800600 0.42019544 0.02452107
0.99700150 0.43648208 0.02911877
0.99100450 0.45928339 0.03448276
0.99700150 0.45928339 0.03678161
0.99250375 0.48208469 0.04367816
1.00000000 0.48859935 0.04750958
0.99700150 0.51791531 0.05517241
1.00000000 0.52117264 0.05977011
0.98950525 0.55048860 0.06819923
0.99400300 0.54723127 0.07356322
0.99250375 0.56026059 0.08199234
1.00000000 0.57328990 0.08659004
1.00000000 0.59609121 0.09578544
0.99850075 0.60912052 0.10114943
0.99250375 0.62540717 0.11187739
0.99250375 0.63517915 0.11724138
0.98800600 0.66123779 0.12720307
0.99550225 0.68729642 0.13409962
0.99400300 0.71986971 0.14406130
0.99400300 0.74918567 0.14789272
0.98650675 0.76221498 0.15938697
0.98950525 0.76872964 0.16781609
0.98500750 0.77850163 0.17931034
0.98350825 0.79478827 0.19003831
0.98650675 0.82410423 0.19846743
0.97751124 0.83387622 0.20689655
0.97001499 0.84039088 0.22068966
0.95952024 0.84364821 0.22758621
0.95502249 0.86319218 0.23908046
0.95652174 0.88925081 0.24750958
0.94752624 0.91530945 0.26053640
0.94002999 0.92182410 0.27126437
0.93703148 0.92508143 0.28429119
0.93253373 0.93159609 0.29272031
0.93103448 0.94462541 0.30727969
0.92503748 0.95114007 0.31570881
0.92203898 0.96742671 0.33026820
0.91304348 0.96416938 0.34022989
0.89955022 0.96742671 0.35478927
0.89355322 0.96742671 0.36245211
0.88905547 0.99022801 0.37701149
0.88455772 0.98697068 0.38620690
0.87706147 1.00000000 0.40000000
0.86506747 1.00000000 0.40842912
0.85307346 0.99348534 0.42375479
0.84557721 0.99348534 0.43448276
0.83958021 0.98697068 0.44521073
0.83358321 0.97719870 0.45823755
0.82308846 0.98045603 0.47126437
0.81109445 0.97719870 0.48122605
0.79160420 0.95114007 0.49655172
0.77361319 0.95439739 0.50498084
0.76611694 0.94136808 0.51954023
0.75412294 0.93811075 0.53026820
0.74062969 0.93159609 0.54559387
0.72113943 0.92833876 0.55555556
0.70764618 0.92182410 0.57011494
0.69415292 0.90228013 0.58160920
0.68515742 0.88273616 0.59693487
0.67466267 0.83387622 0.60919540
0.65517241 0.84364821 0.62605364
0.63718141 0.82736156 0.63295019
0.61469265 0.82084691 0.64980843
0.60119940 0.79804560 0.65977011
0.58770615 0.77524430 0.67586207
0.56971514 0.76547231 0.68429119
0.55022489 0.75244300 0.70038314
0.52023988 0.75570033 0.71034483
0.51124438 0.71986971 0.72490421
0.49475262 0.68403909 0.73563218
0.47826087 0.64169381 0.74942529
0.45727136 0.63192182 0.75862069
0.43028486 0.61889251 0.77547893
0.40479760 0.60260586 0.78620690
0.39580210 0.58306189 0.79770115
0.37331334 0.52442997 0.80689655
0.35832084 0.52117264 0.82222222
0.32833583 0.50162866 0.83295019
0.30584708 0.51791531 0.84367816
0.28635682 0.48208469 0.85287356
0.28035982 0.43648208 0.86819923
0.26236882 0.37785016 0.87739464
0.23838081 0.36482085 0.89195402
0.21439280 0.33550489 0.89961686
0.19190405 0.31921824 0.91187739
0.17391304 0.28990228 0.91954023
0.15892054 0.25732899 0.93486590
0.13493253 0.21498371 0.94176245
0.10794603 0.18566775 0.95478927
0.08245877 0.15960912 0.96398467
0.06746627 0.13355049 0.97547893
0.04797601 0.08143322 0.98237548
0.02698651 0.04560261 0.99386973
0.00000000 0.00000000 1.00000000
