0.7143 0.4706 0.0000
0.8571 0.5294 0.0938
0.9048 0.3529 0.0938
0.8571 0.2941 0.2188
0.9048 0.1765 0.2500
0.8571 0.1176 0.3750
0.9048 0.1765 0.3750
0.9048 0.1765 0.4688
1.0000 0.0000 0.5000
0.8571 0.1176 0.5625
0.9524 0.0588 0.5625
0.8571 0.1176 0.7188
0.8571 0.0588 0.5625
0.8571 0.2353 0.7188
0.8571 0.2353 0.6562
0.7619 0.3529 0.7500
0.9048 0.2941 0.7812
0.7143 0.4118 0.8125
0.8571 0.3529 0.8438
0.8095 0.4118 0.8750
0.7619 0.4706 0.7812
0.7143 0.4706 0.8125
0.7619 0.4118 0.8438
0.7143 0.4118 0.9375
0.7143 0.4118 0.8438
0.6667 0.4706 0.9062
0.6667 0.3529 0.8750
0.5714 0.4706 0.8750
0.6667 0.5294 0.8438
0.6667 0.5882 0.8438
0.6190 0.5882 0.8438
0.6190 0.5294 0.9062
0.6190 0.4118 0.8438
0.6190 0.5882 0.8750
0.5714 0.5294 0.8125
0.5238 0.5882 0.8125
0.6667 0.4706 0.7500
0.4762 0.6471 0.8125
0.5238 0.4706 0.7812
0.5238 0.6471 0.7812
0.4762 0.4706 0.8750
0.6190 0.6471 0.7812
0.4286 0.5882 0.7188
0.3333 0.5294 0.7188
0.3810 0.4118 0.7188
0.2857 0.7059 0.7188
0.3810 0.5882 0.7500
0.2381 0.4706 0.7812
0.2381 0.4706 0.7500
0.2381 0.5882 0.7500
0.2857 0.4118 0.7500
0.1429 0.5294 0.8125
0.3333 0.5294 0.8125
0.1429 0.6471 0.8125
0.2857 0.5882 0.7812
0.1905 0.7059 0.8438
0.0952 0.5882 0.7812
0.1429 0.6471 0.8438
0.0952 0.5294 0.7812
0.0476 0.6471 0.8125
0.1905 0.5294 0.7188
0.0952 0.7647 0.8438
0.0476 0.5294 0.7812
0.0000 0.7059 0.8438
0.0952 0.6471 0.8125
0.0476 0.7059 0.8438
0.1429 0.5882 0.8125
0.0952 0.7647 0.8438
0.0000 0.7059 0.8438
0.0952 0.7647 0.8750
0.1429 0.7059 0.7812
0.0952 0.7059 0.8750
0.0476 0.7059 0.8438
0.0952 0.8235 0.8750
0.0952 0.6471 0.8125
0.0476 0.8235 0.9375
0.0952 0.7059 0.8125
0.0952 0.8235 0.8750
0.0952 0.7647 0.8125
0.0952 0.7647 0.8438
0.0476 0.9412 0.8750
0.2381 0.8824 0.8750
0.0952 0.8235 0.8125
0.0952 0.7647 0.9062
0.1429 0.8824 0.8438
0.0952 0.8824 1.0000
0.0476 0.8824 0.9062
0.0952 0.8235 0.9375
0.1429 0.8235 0.8750
0.0952 0.8824 0.9688
0.0952 0.8235 1.0000
0.3333 1.0000 0.9062
0.1905 1.0000 0.8438
0.0952 0.9412 0.9375
0.0952 0.9412 0.8438
0.1429 0.9412 0.9688
0.1429 1.0000 0.9062
0.0952 0.8824 0.9062
0.1905 1.0000 0.8750
0.1905 0.8824 0.9688
