8.5682 -0.0000 0.0762
8.9545 0.0222 0.0667
9.3409 0.0492 0.0381
9.7273 0.0762 0.0286
10.1364 0.1032 0.0381
10.4545 0.1254 0.0190
10.7500 0.1429 0.0286
10.9545 0.1683 0.0286
11.2045 0.1937 0.0286
11.3409 0.2111 0.0000
11.5682 0.2302 0.0190
11.6818 0.2524 0.0190
11.8182 0.2778 0.0381
11.8864 0.3000 0.0286
11.9545 0.3159 0.0286
12.0227 0.3381 0.0286
12.0909 0.3714 0.0381
12.1136 0.3968 0.0667
12.0682 0.4175 0.0286
12.1364 0.4556 0.0095
12.1136 0.4905 0.0000
12.0455 0.5238 0.0000
12.0000 0.5556 0.0095
11.8636 0.5968 0.0190
11.7045 0.6460 0.0095
11.5227 0.6841 0.0571
11.2727 0.7206 0.0476
10.8864 0.7667 0.0857
10.4091 0.8063 0.1238
9.8636 0.8381 0.1905
9.3182 0.8714 0.1810
8.5455 0.9048 0.2095
7.7955 0.9206 0.2571
7.0000 0.9429 0.3238
6.0682 0.9714 0.3714
5.0682 0.9762 0.4667
4.1364 0.9905 0.5048
3.1364 1.0000 0.5429
2.0909 0.9937 0.6000
1.0000 0.9841 0.6571
0.0000 0.9698 0.6857
-0.9773 0.9556 0.7333
-1.8409 0.9381 0.7333
-2.6136 0.9206 0.7714
-3.3636 0.8968 0.8190
-4.0227 0.8810 0.8381
-4.6136 0.8635 0.8571
-5.0682 0.8492 0.8857
-5.4545 0.8349 0.8857
-5.8409 0.8238 0.9143
-6.1818 0.8095 0.9143
-6.4318 0.8063 0.9524
-6.6364 0.8000 0.9333
-6.7500 0.7984 0.9619
-6.8864 0.7968 0.9619
-6.8864 0.8032 0.9619
-6.8864 0.8063 0.9810
-6.8409 0.8159 0.9429
-6.7500 0.8238 0.9524
-6.6818 0.8317 0.9714
-6.6591 0.8381 0.9524
-6.5909 0.8429 0.9524
-6.5682 0.8413 0.9429
-6.5682 0.8429 0.9524
-6.6136 0.8413 0.9524
-6.6364 0.8365 0.9619
-6.6818 0.8333 0.9619
-6.7273 0.8317 0.9429
-6.7273 0.8270 0.9619
-6.7045 0.8270 0.9619
-6.7273 0.8254 0.9429
-6.6818 0.8254 0.9619
-6.7045 0.8238 0.9619
-6.7045 0.8238 0.9524
-6.6591 0.8206 0.9429
-6.6818 0.8238 0.9619
-6.7045 0.8206 0.9429
-6.7045 0.8190 0.9429
-6.6818 0.8190 0.9524
-6.7045 0.8190 1.0000
-6.6364 0.8143 0.9524
-6.7045 0.8159 0.9714
-6.7045 0.8175 0.9524
-6.7273 0.8175 0.9619
-6.7045 0.8175 0.9333
-6.7045 0.8175 0.9619
-6.7045 0.8190 0.9429
-6.7045 0.8190 0.9619
-6.7045 0.8206 0.9524
-6.7500 0.8175 0.9714
-6.7045 0.8159 0.9810
-6.7045 0.8095 0.9714
-6.7273 0.8032 0.9714
-6.7727 0.8016 0.9810
-6.7273 0.7921 0.9810
-6.7500 0.7857 0.9810
-6.7727 0.7810 0.9810
-6.7727 0.7714 0.9714
-6.8182 0.7619 0.9714
-6.8409 0.7540 0.9810
