1.00000000 0.00000000 0.00000000
0.90588235 0.02947846 0.03654485
0.81176471 0.04988662 0.06976744
0.70588235 0.07936508 0.10299003
0.61176471 0.10317460 0.12624585
0.54117647 0.13832200 0.15282392
0.48235294 0.16439909 0.19601329
0.41176471 0.19727891 0.21926910
0.31764706 0.22562358 0.25913621
0.27058824 0.25963719 0.29235880
0.20000000 0.28798186 0.33887043
0.17647059 0.31292517 0.35880399
0.11764706 0.33673469 0.39202658
0.09411765 0.36848073 0.41860465
0.04705882 0.39909297 0.45847176
0.04705882 0.43083900 0.48172757
0.04705882 0.45578231 0.52823920
0.01176471 0.48979592 0.55813953
0.02352941 0.51247166 0.58803987
0.00000000 0.53968254 0.60465116
0.01176471 0.56462585 0.65448505
0.01176471 0.59637188 0.66445183
0.04705882 0.62131519 0.68770764
0.02352941 0.65079365 0.72093023
0.09411765 0.66893424 0.73421927
0.11764706 0.70294785 0.76744186
0.14117647 0.71768707 0.78073090
0.16470588 0.74149660 0.80730897
0.21176471 0.76303855 0.81727575
0.22352941 0.79138322 0.83720930
0.29411765 0.80612245 0.85049834
0.32941176 0.83673469 0.87375415
0.38823529 0.85034014 0.88704319
0.45882353 0.87301587 0.91362126
0.51764706 0.88548753 0.92691030
0.56470588 0.90476190 0.93355482
0.61176471 0.91950113 0.95681063
0.67058824 0.94217687 0.96677741
0.72941176 0.95124717 0.97674419
0.74117647 0.96825397 0.98006645
0.76470588 0.97392290 0.99003322
0.80000000 0.98526077 0.98338870
0.83529412 0.98752834 0.99003322
0.81176471 0.99659864 0.99335548
0.83529412 0.99659864 0.99003322
0.83529412 0.99886621 0.99335548
0.85882353 0.99546485 0.98006645
0.83529412 1.00000000 0.98671096
0.84705882 0.99206349 0.98338870
0.83529412 0.99433107 0.98671096
0.88235294 0.98752834 0.98006645
0.85882353 0.98979592 0.98338870
0.89411765 0.98072562 0.97342193
0.88235294 0.98639456 0.98338870
0.89411765 0.98185941 0.98006645
0.85882353 0.98639456 0.98338870
0.90588235 0.98185941 0.97342193
0.87058824 0.98979592 0.98006645
0.89411765 0.98639456 0.98338870
0.83529412 0.98979592 0.98006645
0.85882353 0.98412698 0.98006645
0.83529412 0.99092971 0.98671096
0.87058824 0.98412698 0.98338870
0.84705882 0.99092971 0.98006645
0.85882353 0.98526077 0.99003322
0.83529412 0.99092971 0.98671096
0.87058824 0.98412698 0.98338870
0.82352941 0.99319728 0.98671096
0.85882353 0.98752834 0.98338870
0.82352941 0.99319728 0.98671096
0.87058824 0.98866213 1.00000000
0.84705882 0.99433107 0.99003322
0.84705882 0.98866213 0.98338870
0.80000000 0.99319728 0.99335548
0.87058824 0.98979592 0.98671096
0.80000000 0.99319728 0.98671096
0.84705882 0.98866213 0.98671096
0.81176471 0.99092971 0.98671096
0.83529412 0.98866213 0.98671096
0.81176471 0.99319728 0.99003322
0.84705882 0.98979592 0.98338870
0.81176471 0.99433107 0.99335548
0.84705882 0.99319728 0.98338870
0.81176471 0.99659864 0.99003322
0.87058824 0.99092971 0.98338870
0.82352941 0.99206349 0.99335548
0.87058824 0.98979592 0.98338870
0.81176471 0.99433107 0.98671096
0.87058824 0.98979592 0.98006645
0.82352941 0.99206349 0.99003322
0.87058824 0.98752834 0.98338870
0.80000000 0.99092971 0.99003322
0.88235294 0.98866213 0.98006645
0.83529412 0.99319728 0.99667774
0.88235294 0.98866213 0.98338870
0.83529412 0.99319728 0.99335548
0.88235294 0.98979592 0.98338870
0.81176471 0.99206349 0.98671096
0.88235294 0.98752834 0.98338870
0.82352941 0.98979592 0.99335548
