0.0063 0.0000 0.0000
0.0000 0.0211 0.0080
0.0126 0.0070 0.0120
0.0126 0.0352 0.0199
0.0126 0.0070 0.0199
0.0126 0.0282 0.0279
0.0252 0.0282 0.0279
0.0252 0.0775 0.0398
0.0377 0.1197 0.0359
0.0440 0.1761 0.0518
0.0629 0.1620 0.0518
0.0629 0.1901 0.0598
0.0818 0.1831 0.0637
0.0943 0.2042 0.0757
0.0943 0.2183 0.0757
0.1006 0.2746 0.0876
0.1132 0.2887 0.0916
0.1132 0.3099 0.0996
0.1321 0.2746 0.1076
0.1384 0.3099 0.1195
0.1572 0.3028 0.1195
0.1509 0.3521 0.1355
0.1698 0.3521 0.1394
0.1698 0.3803 0.1554
0.1887 0.3662 0.1633
0.1887 0.3873 0.1753
0.2013 0.3873 0.1753
0.2013 0.4296 0.1952
0.2138 0.4437 0.1952
0.2201 0.4718 0.2072
0.2327 0.4577 0.2112
0.2327 0.4859 0.2231
0.2453 0.4648 0.2311
0.2516 0.4930 0.2430
0.2516 0.4648 0.2510
0.2579 0.4930 0.2590
0.2767 0.4718 0.2629
0.2704 0.4930 0.2709
0.2893 0.4930 0.2749
0.2893 0.5493 0.2908
0.3019 0.5493 0.2908
0.2956 0.5986 0.3028
0.3208 0.5915 0.3028
0.3270 0.6127 0.3227
0.3208 0.6197 0.3227
0.3333 0.6408 0.3506
0.3585 0.6620 0.3466
0.3522 0.6972 0.3466
0.3648 0.6761 0.3546
0.3648 0.6831 0.3665
0.3774 0.6831 0.3665
0.3836 0.7183 0.3705
0.3836 0.7254 0.3745
0.3962 0.7465 0.3904
0.4025 0.7113 0.3984
0.4088 0.7254 0.4143
0.4277 0.7113 0.4183
0.4277 0.7535 0.4303
0.4403 0.7676 0.4343
0.4465 0.7746 0.4502
0.4591 0.7676 0.4582
0.4591 0.7817 0.4741
0.4717 0.7746 0.4821
0.4843 0.8099 0.4940
0.4906 0.7887 0.5060
0.5157 0.7958 0.5179
0.5220 0.8028 0.5179
0.5220 0.8310 0.5418
0.5409 0.8239 0.5498
0.5472 0.8310 0.5538
0.5597 0.7958 0.5697
0.5535 0.8521 0.5857
0.5660 0.8380 0.6016
0.5723 0.8451 0.6215
0.5975 0.8169 0.6335
0.6038 0.8592 0.6454
0.6164 0.8803 0.6574
0.6164 0.9014 0.6813
0.6415 0.8662 0.6813
0.6667 0.9225 0.7012
0.6792 0.9296 0.7131
0.6918 0.9507 0.7251
0.7233 0.9155 0.7371
0.7358 0.9577 0.7530
0.7547 0.9718 0.7729
0.7673 1.0000 0.7888
0.7799 0.9577 0.8008
0.7925 0.9648 0.8167
0.8113 0.9718 0.8287
0.8239 0.9789 0.8526
0.8428 0.9648 0.8645
0.8616 0.9577 0.8845
0.8805 0.9577 0.8964
0.8994 0.9718 0.9084
0.9245 0.9366 0.9283
0.9308 0.9225 0.9522
0.9623 0.9085 0.9522
0.9811 0.9296 0.9602
0.9937 0.8732 0.9761
1.0000 0.8732 1.0000
