0.9433 0.2222 0.0053
0.9752 0.2361 0.0426
0.9610 0.1389 0.0000
0.9858 0.1806 0.0372
0.9716 0.1111 0.0106
0.9929 0.1389 0.0426
0.9752 0.1250 0.0053
1.0000 0.1667 0.0479
0.9823 0.1111 0.0213
1.0000 0.1667 0.0638
0.9787 0.0694 0.0372
0.9965 0.1528 0.0798
0.9787 0.0833 0.0426
0.9894 0.1250 0.0957
0.9716 0.0417 0.0691
0.9894 0.1111 0.1064
0.9752 0.0417 0.0745
0.9787 0.1250 0.1223
0.9716 0.0417 0.0798
0.9894 0.1111 0.1170
0.9716 0.0139 0.0851
0.9858 0.1250 0.1170
0.9752 0.0278 0.0691
0.9823 0.0972 0.1011
0.9787 0.0556 0.0691
0.9858 0.1111 0.1064
0.9858 0.0000 0.0691
0.9894 0.0972 0.1064
0.9752 0.0417 0.0638
0.9894 0.1250 0.0957
0.9787 0.0694 0.0691
0.9894 0.1250 0.1011
0.9752 0.0972 0.0585
0.9823 0.1667 0.1011
0.9752 0.0972 0.0638
0.9787 0.1944 0.1011
0.9645 0.1389 0.0745
0.9787 0.2361 0.1011
0.9681 0.1389 0.0745
0.9787 0.2222 0.1064
0.9681 0.1806 0.0638
0.9752 0.2500 0.1011
0.9610 0.1667 0.0957
0.9645 0.3333 0.0957
0.9645 0.2361 0.0532
0.9787 0.3194 0.0851
0.9645 0.2500 0.0479
0.9752 0.3333 0.0851
0.9645 0.2778 0.0479
0.9716 0.3333 0.0745
0.9645 0.2500 0.0479
0.9752 0.3194 0.0691
0.9645 0.2639 0.0426
0.9645 0.3194 0.0798
0.9610 0.2917 0.0479
0.9645 0.3611 0.0798
0.9574 0.2917 0.0479
0.9645 0.3889 0.0745
0.9504 0.3056 0.0479
0.9716 -0.1528 0.0266
0.9787 -0.1389 0.0053
0.9823 -0.0278 0.0372
0.9787 -0.1667 0.0053
0.9787 -0.0694 0.0372
0.9823 -0.0694 0.0160
0.9965 0.4028 0.0426
0.9929 1.0000 0.0426
0.9645 1.3333 0.0904
0.8723 1.4861 0.1383
0.8227 1.8750 0.2234
0.7482 2.0833 0.2713
0.6986 2.5833 0.3723
0.6028 2.8472 0.4521
0.5390 3.2778 0.5426
0.4716 3.3611 0.6170
0.4326 3.6528 0.7021
0.3972 3.8611 0.7819
0.3511 4.1111 0.8617
0.2908 4.1944 0.9202
0.2411 4.4444 0.9628
0.1809 4.4167 1.0000
0.1525 4.5972 0.9894
0.1206 4.5694 0.9840
0.1135 4.6944 0.9415
0.1028 4.5556 0.8989
0.1028 4.5972 0.8404
0.0922 4.4444 0.8032
0.0887 4.4444 0.7447
0.0851 4.1667 0.7128
0.0851 4.1250 0.6596
0.0922 3.9167 0.6277
0.0922 3.8750 0.5904
0.0816 3.6806 0.6117
0.0603 3.6944 0.5691
0.0567 3.5278 0.5798
0.0461 3.6111 0.5691
0.0248 3.4444 0.6064
0.0248 3.4583 0.6011
0.0142 3.2917 0.6383
-0.0000 3.3194 0.6596
