0.90476190 0.05882353 0.58333333
0.28571429 0.11764706 0.91666667
0.85714286 0.00000000 0.66666667
0.28571429 0.23529412 0.91666667
0.90476190 0.11764706 0.54166667
0.23809524 0.11764706 0.83333333
0.95238095 0.00000000 0.58333333
0.23809524 0.05882353 0.83333333
1.00000000 0.17647059 0.54166667
0.23809524 0.23529412 0.87500000
0.85714286 0.11764706 0.54166667
0.28571429 0.23529412 0.91666667
0.85714286 0.17647059 0.50000000
0.23809524 0.23529412 0.91666667
0.90476190 0.11764706 0.54166667
0.28571429 0.29411765 0.87500000
0.95238095 0.23529412 0.50000000
0.28571429 0.29411765 1.00000000
0.90476190 0.29411765 0.54166667
0.28571429 0.29411765 0.95833333
0.95238095 0.11764706 0.50000000
0.28571429 0.35294118 0.95833333
0.90476190 0.35294118 0.45833333
0.23809524 0.23529412 0.95833333
0.85714286 0.29411765 0.45833333
0.28571429 0.29411765 0.91666667
0.85714286 0.23529412 0.41666667
0.28571429 0.47058824 0.95833333
0.85714286 0.35294118 0.45833333
0.28571429 0.41176471 0.95833333
0.85714286 0.29411765 0.45833333
0.28571429 0.35294118 1.00000000
0.85714286 0.35294118 0.45833333
0.28571429 0.41176471 1.00000000
0.76190476 0.23529412 0.45833333
0.14285714 0.47058824 0.95833333
0.66666667 0.58823529 0.29166667
0.14285714 0.88235294 0.87500000
0.76190476 0.82352941 0.33333333
0.23809524 1.00000000 0.95833333
0.71428571 0.94117647 0.33333333
0.19047619 0.76470588 0.87500000
0.61904762 0.58823529 0.37500000
0.28571429 0.64705882 0.91666667
0.76190476 0.58823529 0.37500000
0.09523810 0.47058824 0.95833333
0.57142857 0.47058824 0.33333333
0.14285714 0.35294118 0.91666667
0.61904762 0.35294118 0.29166667
0.09523810 0.35294118 0.87500000
0.61904762 0.47058824 0.33333333
0.19047619 0.29411765 0.83333333
0.71428571 0.17647059 0.50000000
0.42857143 0.17647059 0.83333333
0.71428571 0.11764706 0.25000000
0.14285714 0.05882353 0.91666667
0.61904762 0.23529412 0.29166667
0.19047619 0.11764706 0.83333333
0.66666667 0.11764706 0.25000000
0.14285714 0.11764706 0.87500000
0.61904762 0.17647059 0.29166667
0.19047619 0.23529412 0.79166667
0.57142857 0.35294118 0.25000000
0.09523810 0.29411765 0.79166667
0.42857143 0.41176471 0.20833333
0.04761905 0.52941176 0.79166667
0.52380952 0.47058824 0.20833333
0.09523810 0.35294118 0.83333333
0.33333333 0.47058824 0.20833333
0.04761905 0.23529412 0.87500000
0.42857143 0.29411765 0.16666667
0.00000000 0.41176471 0.83333333
0.42857143 0.41176471 0.20833333
0.04761905 0.35294118 0.79166667
0.38095238 0.58823529 0.16666667
0.00000000 0.47058824 0.83333333
0.38095238 0.41176471 0.16666667
0.04761905 0.41176471 0.83333333
0.28571429 0.41176471 0.20833333
0.09523810 0.47058824 0.83333333
0.38095238 0.52941176 0.20833333
0.04761905 0.23529412 0.83333333
0.33333333 0.47058824 0.12500000
0.04761905 0.35294118 0.79166667
0.38095238 0.70588235 0.16666667
0.09523810 0.47058824 0.79166667
0.38095238 0.64705882 0.04166667
0.09523810 0.47058824 0.87500000
0.33333333 0.70588235 0.08333333
0.09523810 0.47058824 0.79166667
0.28571429 0.82352941 0.12500000
0.09523810 0.29411765 0.79166667
0.28571429 0.76470588 0.08333333
0.09523810 0.52941176 0.79166667
0.19047619 0.76470588 0.08333333
0.09523810 0.52941176 0.75000000
0.23809524 0.88235294 0.04166667
0.09523810 0.41176471 0.75000000
0.23809524 0.82352941 0.00000000
0.09523810 0.41176471 0.70833333
