0.97592068 0.17922078 0.00000000
0.98016997 0.18441558 0.01033058
0.98300283 0.20259740 0.02582645
0.98866856 0.18701299 0.04028926
0.98866856 0.20779221 0.05371901
0.99575071 0.20519481 0.06508264
0.99291785 0.24675325 0.07334711
1.00000000 0.25454545 0.08367769
0.99716714 0.28571429 0.09194215
0.99858357 0.29090909 0.10640496
0.99433428 0.31948052 0.11363636
0.99716714 0.33506494 0.12293388
0.99150142 0.36103896 0.13119835
0.99433428 0.37662338 0.14462810
0.99575071 0.40519481 0.15392562
0.99150142 0.41298701 0.17148760
1.00000000 0.42857143 0.17768595
0.99575071 0.41298701 0.19731405
0.99858357 0.42597403 0.21384298
0.99575071 0.41558442 0.22830579
0.99575071 0.45714286 0.23760331
0.99150142 0.46233766 0.24896694
0.98725212 0.48571429 0.26136364
0.98300283 0.50649351 0.27272727
0.97733711 0.54285714 0.28099174
0.97167139 0.55064935 0.29338843
0.96600567 0.58961039 0.30475207
0.95750708 0.59480519 0.31714876
0.94475921 0.62077922 0.33161157
0.94475921 0.63376623 0.34400826
0.93342776 0.65194805 0.35640496
0.92917847 0.65974026 0.37396694
0.91643059 0.66753247 0.38636364
0.90793201 0.69090909 0.40185950
0.89518414 0.72207792 0.40702479
0.88385269 0.74805195 0.42045455
0.86968839 0.75584416 0.43491736
0.85694051 0.77142857 0.44834711
0.83569405 0.80000000 0.45867769
0.81869688 0.83376623 0.47210744
0.80311615 0.85974026 0.47933884
0.78470255 0.87012987 0.49483471
0.76628895 0.88311688 0.51136364
0.74504249 0.88571429 0.53099174
0.71954674 0.90909091 0.54648760
0.70254958 0.92467532 0.55371901
0.67988669 0.96363636 0.56404959
0.66147309 0.96103896 0.58264463
0.63172805 0.95844156 0.59917355
0.61048159 0.97662338 0.61570248
0.58640227 0.98181818 0.62913223
0.57223796 0.97922078 0.64359504
0.54674221 0.98441558 0.65805785
0.52832861 0.96623377 0.67665289
0.50141643 0.96623377 0.68904959
0.48158640 0.98181818 0.69524793
0.45892351 0.99740260 0.69731405
0.43342776 1.00000000 0.71694215
0.40368272 0.98441558 0.72727273
0.37960340 0.98441558 0.74380165
0.35694051 0.98961039 0.74793388
0.33427762 0.98701299 0.76033058
0.30878187 0.97662338 0.77066116
0.28328612 0.94545455 0.79235537
0.25495751 0.93506494 0.79958678
0.23512748 0.92467532 0.80888430
0.21246459 0.93766234 0.80785124
0.18271955 0.92727273 0.81714876
0.15722380 0.91428571 0.82644628
0.14022663 0.87532468 0.83987603
0.12464589 0.87272727 0.84400826
0.11473088 0.85194805 0.85227273
0.09773371 0.82077922 0.86053719
0.08640227 0.80000000 0.87086777
0.07223796 0.77922078 0.87293388
0.06373938 0.78961039 0.87190083
0.05524079 0.75584416 0.87500000
0.05240793 0.73246753 0.88533058
0.04532578 0.68571429 0.89359504
0.04390935 0.66233766 0.90185950
0.03966006 0.64675325 0.90392562
0.03541076 0.63376623 0.91115702
0.03116147 0.58441558 0.91942149
0.03399433 0.55324675 0.93078512
0.03116147 0.49090909 0.93595041
0.03257790 0.46753247 0.94318182
0.02407932 0.43896104 0.94938017
0.02266289 0.43116883 0.94628099
0.01558074 0.40000000 0.95247934
0.01558074 0.36623377 0.95971074
0.00849858 0.29870130 0.96797521
0.01274788 0.27012987 0.97314050
0.00991501 0.22857143 0.97417355
0.00849858 0.22597403 0.97623967
0.00708215 0.19220779 0.97417355
0.00566572 0.16883117 0.97933884
0.00566572 0.10649351 0.98553719
0.00566572 0.04415584 0.99896694
0.00283286 0.00779221 1.00000000
0.00000000 0.00000000 0.99586777
