0.0000 0.7976 0.7192
0.0071 0.7884 0.7514
0.0130 0.7856 0.7779
0.0201 0.7608 0.8055
0.0260 0.7470 0.8331
0.0311 0.7378 0.8608
0.0357 0.7157 0.8861
0.0402 0.7084 0.9114
0.0500 0.6578 0.9298
0.0545 0.6569 0.9505
0.0584 0.6210 0.9632
0.0604 0.5980 0.9770
0.0662 0.5593 0.9816
0.0733 0.5511 0.9954
0.0772 0.5216 0.9931
0.0844 0.4968 1.0000
0.0902 0.4535 0.9931
0.1019 0.4361 0.9931
0.1077 0.4167 0.9827
0.1142 0.3744 0.9724
0.1194 0.3468 0.9563
0.1311 0.3054 0.9425
0.1382 0.3082 0.9287
0.1441 0.2705 0.9068
0.1525 0.2484 0.8918
0.1596 0.2079 0.8688
0.1713 0.2033 0.8470
0.1772 0.1849 0.8193
0.1843 0.1463 0.7929
0.1908 0.1224 0.7641
0.2012 0.1288 0.7468
0.2083 0.1214 0.7238
0.2174 0.0920 0.6939
0.2232 0.0773 0.6686
0.2304 0.0598 0.6398
0.2375 0.0607 0.6180
0.2427 0.0460 0.5846
0.2453 0.0230 0.5547
0.2531 0.0083 0.5247
0.2570 0.0083 0.5029
0.2615 0.0138 0.4776
0.2667 0.0046 0.4499
0.2726 0.0083 0.4246
0.2758 0.0000 0.3959
0.2829 0.0055 0.3682
0.2868 0.0120 0.3464
0.2946 0.0175 0.3245
0.3011 0.0276 0.3026
0.3128 0.0386 0.2785
0.3193 0.0451 0.2589
0.3284 0.0488 0.2301
0.3368 0.0681 0.2129
0.3472 0.0782 0.1887
0.3537 0.0920 0.1715
0.3602 0.0994 0.1461
0.3673 0.1159 0.1369
0.3770 0.1224 0.1185
0.3855 0.1408 0.1082
0.3933 0.1564 0.0944
0.4004 0.1536 0.0817
0.4075 0.1739 0.0679
0.4166 0.1877 0.0587
0.4244 0.2070 0.0495
0.4322 0.2116 0.0437
0.4380 0.2420 0.0403
0.4497 0.2502 0.0391
0.4581 0.2668 0.0322
0.4666 0.2723 0.0276
0.4744 0.3063 0.0265
0.4828 0.3146 0.0265
0.4932 0.3284 0.0219
0.4997 0.3395 0.0230
0.5107 0.3358 0.0242
0.5191 0.3744 0.0288
0.5321 0.3937 0.0288
0.5419 0.3891 0.0334
0.5548 0.3845 0.0253
0.5613 0.4112 0.0253
0.5750 0.4351 0.0265
0.5860 0.4453 0.0253
0.6003 0.4499 0.0242
0.6145 0.4710 0.0276
0.6321 0.4913 0.0207
0.6444 0.5069 0.0150
0.6606 0.5143 0.0092
0.6788 0.5179 0.0046
0.6970 0.5557 0.0023
0.7119 0.5860 0.0000
0.7307 0.6044 0.0000
0.7482 0.5989 0.0012
0.7683 0.6504 0.0023
0.7884 0.6946 0.0035
0.8112 0.7286 0.0104
0.8326 0.7461 0.0242
0.8585 0.7774 0.0357
0.8845 0.8445 0.0587
0.9124 0.8979 0.0898
0.9390 0.9319 0.1300
0.9727 0.9476 0.1749
1.0000 1.0000 0.2301
