0.17336683 0.00000000 0.40682847
0.19974874 0.00341997 0.40353764
0.22613065 0.01162791 0.40065817
0.24874372 0.01367989 0.39407651
0.26758794 0.01846785 0.39284245
0.29648241 0.01915185 0.38543809
0.32537688 0.02564979 0.38296997
0.35301508 0.02701778 0.37597696
0.37939698 0.02838577 0.36980666
0.41206030 0.03419973 0.36528178
0.44597990 0.04103967 0.36404772
0.47864322 0.04377565 0.35499794
0.50753769 0.04309166 0.34430276
0.53768844 0.04651163 0.33607569
0.56909548 0.04993160 0.32784862
0.60175879 0.05745554 0.32414644
0.63567839 0.06053352 0.31139449
0.66080402 0.06224350 0.30275607
0.69346734 0.06463748 0.29082682
0.72487437 0.07113543 0.28259975
0.75125628 0.07660739 0.27313863
0.77763819 0.07729138 0.26038667
0.80276382 0.08071135 0.24640066
0.83291457 0.09062927 0.24105306
0.85427136 0.09644323 0.23076923
0.87939698 0.10054720 0.21678322
0.89824121 0.10465116 0.20485397
0.91834171 0.10943912 0.19251337
0.93592965 0.11969904 0.18264089
0.94849246 0.12585499 0.16742081
0.95603015 0.13064295 0.15261209
0.96859296 0.13748290 0.13944879
0.97613065 0.15116279 0.13081037
0.98241206 0.16279070 0.11846977
0.98618090 0.17407661 0.10571781
0.99246231 0.18536252 0.09337721
0.99246231 0.19938440 0.08103661
0.99246231 0.21272230 0.06869601
0.99371859 0.22913817 0.05841218
0.99748744 0.24658003 0.04895105
0.99623116 0.26983584 0.04401481
1.00000000 0.28796170 0.03331962
0.99874372 0.30642955 0.02509255
0.99748744 0.32421341 0.01522007
0.99246231 0.35259918 0.01316331
0.98618090 0.37414501 0.00658165
0.96984925 0.39842681 0.00246812
0.95854271 0.42202462 0.00000000
0.94597990 0.44938440 0.00205677
0.93341709 0.47606019 0.00287947
0.91331658 0.50341997 0.00575895
0.89698492 0.52906977 0.01110654
0.87562814 0.55848153 0.01974496
0.85301508 0.58618331 0.02961744
0.82788945 0.61354309 0.04072398
0.80527638 0.64192886 0.05471000
0.77763819 0.67134063 0.07075278
0.75879397 0.70075239 0.09132044
0.72864322 0.72948016 0.11147676
0.70351759 0.75307798 0.13368984
0.67587940 0.77804378 0.15754833
0.64698492 0.80608755 0.18305224
0.61306533 0.82968536 0.21143562
0.58668342 0.85225718 0.24023036
0.55025126 0.87038304 0.27272727
0.52386935 0.89398085 0.30686960
0.49748744 0.91313269 0.33895516
0.46231156 0.92578659 0.37145208
0.42462312 0.93741450 0.40723982
0.39949749 0.95314637 0.44179350
0.36683417 0.96887825 0.47881530
0.33542714 0.97469220 0.51254628
0.30527638 0.97742818 0.54997943
0.28266332 0.98324213 0.58658988
0.25376884 1.00000000 0.62443439
0.22738693 0.99931601 0.65816536
0.20226131 0.99145007 0.69189634
0.18341709 0.98119015 0.72398190
0.15703518 0.98768810 0.75894694
0.13316583 0.98461012 0.79103250
0.11306533 0.96716826 0.81982723
0.09798995 0.95143639 0.84656520
0.08165829 0.94562244 0.87494858
0.06407035 0.93433653 0.89716166
0.04648241 0.91210670 0.91772933
0.03643216 0.89158687 0.93582888
0.02512563 0.88166895 0.95310572
0.01884422 0.86183311 0.96791444
0.01130653 0.84028728 0.97819827
0.01005025 0.81292750 0.98560263
0.00502513 0.79822161 0.99341835
0.00753769 0.78351573 0.99876594
0.00000000 0.76265390 1.00000000
0.00376884 0.73734610 0.99670917
0.00251256 0.71545828 0.99876594
0.00628141 0.70759234 0.99876594
0.00628141 0.69630643 0.99753188
0.01130653 0.67783858 0.99053887
0.01381910 0.66176471 0.98683669
0.02010050 0.65150479 0.98190045
