-0.0000 -58.1500 0.0328
0.0049 -57.0500 0.0255
0.0069 -56.3000 0.0219
0.0089 -54.9500 0.0200
0.0138 -54.7000 0.0036
0.0207 -54.0500 0.0018
0.0207 -52.6500 0.0036
0.0286 -51.0500 0.0164
0.0316 -50.3000 0.0128
0.0365 -49.1500 0.0200
0.0414 -48.9500 0.0036
0.0493 -48.3500 0.0000
0.0533 -46.7000 0.0200
0.0572 -44.9500 0.0328
0.0631 -44.1500 0.0237
0.0690 -43.6500 0.0310
0.0710 -42.9500 0.0219
0.0838 -42.2500 0.0273
0.0858 -41.6000 0.0255
0.0947 -39.8500 0.0437
0.1026 -38.6500 0.0492
0.1085 -38.3500 0.0510
0.1095 -37.3500 0.0656
0.1203 -36.3500 0.0747
0.1272 -35.6000 0.0729
0.1341 -34.8500 0.0893
0.1391 -33.3500 0.1056
0.1469 -32.0000 0.1239
0.1509 -31.7000 0.1220
0.1617 -30.6000 0.1384
0.1686 -30.2000 0.1439
0.1775 -29.8500 0.1494
0.1854 -29.6500 0.1512
0.1982 -27.9000 0.1785
0.2091 -26.9000 0.1876
0.2199 -26.3500 0.2077
0.2209 -25.8000 0.2058
0.2377 -25.0000 0.2295
0.2456 -24.2000 0.2332
0.2574 -23.7500 0.2514
0.2653 -22.5500 0.2714
0.2801 -21.1500 0.2933
0.2880 -20.8000 0.3024
0.2978 -20.3500 0.3188
0.3087 -19.5500 0.3260
0.3215 -18.7000 0.3497
0.3314 -18.3500 0.3534
0.3452 -17.3500 0.3734
0.3540 -16.4500 0.3880
0.3649 -15.5000 0.4080
0.3718 -15.0000 0.4153
0.3826 -14.1000 0.4353
0.3915 -13.5500 0.4444
0.4024 -12.8000 0.4627
0.4132 -12.6000 0.4681
0.4241 -11.2500 0.4918
0.4329 -10.1000 0.5009
0.4438 -9.5500 0.5173
0.4546 -9.1000 0.5228
0.4665 -8.4500 0.5373
0.4763 -7.7000 0.5392
0.4892 -7.0500 0.5574
0.5020 -6.3000 0.5592
0.5178 -5.3000 0.5756
0.5256 -4.4500 0.5883
0.5394 -3.8000 0.6047
0.5513 -3.2500 0.6084
0.5661 -2.4000 0.6248
0.5750 -1.6000 0.6302
0.5907 -0.9000 0.6503
0.6016 -0.3500 0.6521
0.6193 0.0000 0.6648
0.6292 1.0000 0.6721
0.6430 1.7500 0.6922
0.6548 2.4500 0.6976
0.6726 2.9000 0.7067
0.6824 3.2500 0.7140
0.6963 3.8500 0.7286
0.7091 4.6500 0.7341
0.7278 5.2000 0.7486
0.7387 5.6500 0.7523
0.7525 6.9500 0.7741
0.7643 8.1500 0.7851
0.7801 8.7500 0.8015
0.7939 9.4000 0.8087
0.8067 9.7500 0.8324
0.8116 10.5500 0.8342
0.8304 11.6000 0.8543
0.8442 12.2500 0.8579
0.8609 12.5000 0.8670
0.8708 13.4000 0.8816
0.8846 14.4500 0.8980
0.8964 15.1000 0.9089
0.9132 15.6500 0.9217
0.9260 15.8500 0.9271
0.9379 16.5500 0.9472
0.9507 17.6000 0.9526
0.9675 18.4000 0.9745
0.9822 19.3000 0.9800
1.0000 19.7000 1.0000
