1.0000 0.9791 0.0000
0.9653 0.9916 0.0293
0.9097 1.0000 0.0539
0.8819 0.9749 0.0832
0.8403 0.9916 0.1048
0.7917 0.9916 0.1356
0.7569 0.9916 0.1602
0.7222 0.9791 0.1895
0.6806 0.9958 0.2157
0.6597 1.0000 0.2450
0.6667 0.9665 0.2650
0.6458 0.9623 0.2989
0.6389 0.9791 0.3220
0.6250 0.9582 0.3451
0.6111 0.9540 0.3606
0.5903 0.9247 0.3914
0.5903 0.9331 0.4006
0.5347 0.8954 0.4237
0.5208 0.8745 0.4361
0.4931 0.8410 0.4561
0.4583 0.8285 0.4730
0.4375 0.7866 0.4915
0.3958 0.7490 0.5069
0.3889 0.7113 0.5270
0.3750 0.6987 0.5408
0.3750 0.6820 0.5655
0.3403 0.6820 0.5809
0.3472 0.6695 0.6025
0.3333 0.6695 0.6210
0.3264 0.6695 0.6425
0.3056 0.6695 0.6549
0.3056 0.6569 0.6733
0.2847 0.6360 0.6857
0.2778 0.6109 0.7042
0.2639 0.6067 0.7165
0.2639 0.5858 0.7304
0.2361 0.5816 0.7396
0.2222 0.5397 0.7565
0.2014 0.5356 0.7689
0.1875 0.5105 0.7812
0.1667 0.5021 0.7997
0.1667 0.4812 0.8136
0.1667 0.4603 0.8259
0.1528 0.4393 0.8398
0.1528 0.4435 0.8505
0.1528 0.4017 0.8613
0.1319 0.3766 0.8737
0.1250 0.3347 0.8798
0.1181 0.3138 0.8906
0.1111 0.2803 0.8968
0.1181 0.2762 0.9076
0.1111 0.2552 0.9137
0.1042 0.2552 0.9199
0.1042 0.2259 0.9260
0.0972 0.2218 0.9307
0.0972 0.1883 0.9384
0.0903 0.1925 0.9399
0.0833 0.1674 0.9461
0.0833 0.1548 0.9507
0.0694 0.1423 0.9569
0.0486 0.1297 0.9584
0.0625 0.1046 0.9646
0.0556 0.1046 0.9661
0.0556 0.0879 0.9723
0.0417 0.0879 0.9753
0.0486 0.0711 0.9877
0.0347 0.0711 0.9815
0.0347 0.0586 0.9846
0.0208 0.0544 0.9877
0.0208 0.0335 0.9908
0.0139 0.0460 0.9923
0.0208 0.0209 0.9938
0.0069 0.0377 0.9954
0.0278 0.0209 0.9954
0.0139 0.0251 0.9938
0.0208 0.0000 0.9985
0.0069 0.0167 0.9985
0.0000 0.0084 0.9985
0.0000 0.0126 0.9985
0.0000 0.0042 1.0000
0.0000 0.0167 0.9985
0.0139 0.0084 0.9985
0.0000 0.0084 0.9969
0.0208 0.0167 0.9954
0.0139 0.0126 0.9969
0.0278 0.0042 0.9923
0.0000 0.0167 0.9954
0.0208 0.0167 0.9908
0.0208 0.0167 0.9938
0.0486 0.0209 0.9908
0.0139 0.0293 0.9892
0.0347 0.0335 0.9877
0.0139 0.0377 0.9861
0.0347 0.0293 0.9846
0.0208 0.0460 0.9846
0.0347 0.0377 0.9831
0.0347 0.0460 0.9846
0.0347 0.0502 0.9800
0.0208 0.0669 0.9831
0.0278 0.0460 0.9800
