0.99159664 0.00000000 0.76000000
0.98319328 0.02564103 0.84000000
0.98319328 0.00854701 0.80000000
1.00000000 0.02564103 0.88000000
0.97478992 0.02564103 0.84000000
0.98319328 0.02564103 0.92000000
0.97478992 0.02564103 0.80000000
0.96638655 0.04273504 0.92000000
0.96638655 0.04273504 0.80000000
0.97478992 0.04273504 0.92000000
0.94117647 0.03418803 0.80000000
0.97478992 0.04273504 0.92000000
0.97478992 0.02564103 0.84000000
0.97478992 0.02564103 0.84000000
0.97478992 0.04273504 0.80000000
0.97478992 0.01709402 0.88000000
0.97478992 0.00854701 0.80000000
0.95798319 0.03418803 0.84000000
0.97478992 0.00854701 0.76000000
0.96638655 0.01709402 0.84000000
0.96638655 0.00854701 0.76000000
0.95798319 0.02564103 0.84000000
0.94957983 0.02564103 0.76000000
0.95798319 0.04273504 0.88000000
0.94957983 0.04273504 0.84000000
0.94957983 0.04273504 0.88000000
0.94957983 0.04273504 0.88000000
0.92436975 0.04273504 0.96000000
0.93277311 0.03418803 0.84000000
0.93277311 0.03418803 1.00000000
0.92436975 0.02564103 0.84000000
0.92436975 0.03418803 0.92000000
0.91596639 0.01709402 0.80000000
0.90756303 0.01709402 0.92000000
0.88235294 0.01709402 0.76000000
0.89915966 0.03418803 1.00000000
0.92436975 0.07692308 0.76000000
0.86554622 0.11965812 0.88000000
0.88235294 0.10256410 0.80000000
0.84033613 0.11965812 0.88000000
0.82352941 0.12820513 0.80000000
0.83193277 0.12820513 0.92000000
0.82352941 0.12820513 0.80000000
0.78991597 0.11965812 0.92000000
0.78151261 0.11965812 0.84000000
0.77310924 0.13675214 0.88000000
0.74789916 0.14529915 0.84000000
0.74789916 0.17948718 0.88000000
0.73949580 0.20512821 0.84000000
0.72268908 0.23931624 0.88000000
0.71428571 0.23076923 0.76000000
0.72268908 0.23931624 0.80000000
0.70588235 0.24786325 0.72000000
0.68907563 0.23931624 0.68000000
0.68067227 0.27350427 0.68000000
0.67226891 0.28205128 0.72000000
0.66386555 0.30769231 0.64000000
0.66386555 0.32478632 0.64000000
0.62184874 0.34188034 0.56000000
0.63025210 0.32478632 0.60000000
0.62184874 0.31623932 0.56000000
0.60504202 0.35042735 0.52000000
0.59663866 0.35042735 0.52000000
0.57142857 0.37606838 0.56000000
0.56302521 0.40170940 0.56000000
0.56302521 0.41025641 0.44000000
0.52941176 0.43589744 0.56000000
0.51260504 0.44444444 0.52000000
0.48739496 0.45299145 0.52000000
0.47899160 0.47008547 0.52000000
0.44537815 0.48717949 0.56000000
0.42016807 0.52136752 0.56000000
0.38655462 0.54700855 0.52000000
0.38655462 0.56410256 0.52000000
0.35294118 0.56410256 0.56000000
0.33613445 0.58974359 0.52000000
0.31932773 0.57264957 0.52000000
0.31932773 0.60683761 0.52000000
0.31932773 0.62393162 0.52000000
0.31932773 0.64957265 0.40000000
0.29411765 0.64957265 0.40000000
0.28571429 0.65811966 0.36000000
0.29411765 0.65811966 0.32000000
0.28571429 0.69230769 0.36000000
0.26890756 0.70085470 0.28000000
0.24369748 0.73504274 0.36000000
0.26050420 0.76923077 0.24000000
0.21848739 0.78632479 0.24000000
0.17647059 0.78632479 0.20000000
0.17647059 0.77777778 0.20000000
0.15966387 0.80341880 0.28000000
0.12605042 0.84615385 0.16000000
0.10084034 0.86324786 0.16000000
0.09243697 0.91452991 0.16000000
0.07563025 0.89743590 0.20000000
0.05882353 0.92307692 0.16000000
0.07563025 0.92307692 0.12000000
0.04201681 0.95726496 0.04000000
0.03361345 1.00000000 0.08000000
0.00000000 0.99145299 0.00000000
