0.0000 0.1321 0.0064
0.0183 0.1425 0.0016
0.0386 0.1425 0.0064
0.0610 0.1580 0.0000
0.0813 0.1710 0.0080
0.1037 0.1554 0.0241
0.1423 0.1580 0.0289
0.1606 0.1580 0.0369
0.1931 0.1477 0.0433
0.2236 0.1503 0.0498
0.2642 0.1373 0.0658
0.2947 0.1373 0.0690
0.3354 0.1321 0.0706
0.3679 0.1244 0.0754
0.4106 0.1114 0.0867
0.4431 0.1062 0.0899
0.4837 0.0907 0.1027
0.5183 0.0751 0.1075
0.5610 0.0492 0.1204
0.5915 0.0440 0.1284
0.6341 0.0285 0.1348
0.6646 0.0363 0.1348
0.6972 0.0311 0.1445
0.7215 0.0155 0.1525
0.7541 0.0078 0.1605
0.7724 0.0052 0.1621
0.8069 0.0078 0.1734
0.8171 0.0052 0.1766
0.8435 0.0000 0.1846
0.8516 0.0181 0.1878
0.8659 0.0155 0.1990
0.8699 0.0181 0.2022
0.8841 0.0311 0.2151
0.8740 0.0544 0.2135
0.8821 0.0648 0.2199
0.8801 0.0803 0.2199
0.8902 0.1036 0.2311
0.8801 0.1192 0.2295
0.8902 0.1347 0.2408
0.8841 0.1528 0.2424
0.8862 0.1684 0.2536
0.8841 0.1839 0.2584
0.8882 0.1995 0.2697
0.8801 0.2150 0.2729
0.8923 0.2280 0.2841
0.8882 0.2409 0.2873
0.8963 0.2513 0.3050
0.8963 0.2617 0.3082
0.9126 0.2746 0.3242
0.9065 0.2902 0.3274
0.9207 0.2979 0.3435
0.9146 0.3238 0.3483
0.9289 0.3342 0.3579
0.9228 0.3523 0.3644
0.9289 0.3705 0.3788
0.9207 0.3834 0.3917
0.9370 0.3938 0.4029
0.9248 0.4223 0.4061
0.9329 0.4249 0.4173
0.9329 0.4430 0.4238
0.9370 0.4663 0.4366
0.9370 0.4767 0.4366
0.9411 0.5000 0.4494
0.9431 0.5130 0.4543
0.9472 0.5285 0.4719
0.9533 0.5389 0.4831
0.9614 0.5596 0.4992
0.9654 0.5699 0.5104
0.9695 0.5803 0.5297
0.9756 0.5855 0.5425
0.9736 0.6036 0.5570
0.9817 0.6088 0.5730
0.9776 0.6218 0.5891
0.9817 0.6399 0.6019
0.9817 0.6528 0.6196
0.9756 0.6839 0.6292
0.9776 0.6995 0.6469
0.9797 0.7150 0.6533
0.9797 0.7358 0.6645
0.9858 0.7409 0.6726
0.9858 0.7539 0.6934
0.9898 0.7642 0.6982
0.9878 0.7927 0.7159
0.9959 0.8005 0.7271
0.9919 0.8290 0.7496
0.9939 0.8368 0.7640
1.0000 0.8497 0.7849
1.0000 0.8523 0.8010
1.0000 0.8679 0.8218
1.0000 0.8756 0.8347
0.9919 0.8834 0.8571
0.9898 0.9041 0.8700
0.9878 0.9119 0.8957
0.9837 0.9249 0.9101
0.9837 0.9456 0.9294
0.9797 0.9741 0.9390
0.9817 0.9870 0.9502
0.9776 0.9922 0.9647
0.9756 0.9896 0.9904
0.9736 1.0000 1.0000
