0.0000 1.0000 1.0000
0.0226 0.9597 0.9935
0.0419 0.9441 0.9765
0.0871 0.9217 0.9542
0.1097 0.8993 0.9412
0.1355 0.8456 0.9412
0.1613 0.7897 0.9386
0.1935 0.7539 0.9268
0.2258 0.7427 0.9046
0.2677 0.7360 0.8928
0.2903 0.6957 0.8784
0.3484 0.6577 0.8680
0.3645 0.6040 0.8601
0.4161 0.5503 0.8484
0.4355 0.5280 0.8314
0.4871 0.4944 0.8170
0.5032 0.4653 0.8052
0.5484 0.4206 0.7961
0.5710 0.3893 0.7791
0.6161 0.3445 0.7699
0.6323 0.3199 0.7582
0.6613 0.2886 0.7503
0.6742 0.2841 0.7307
0.7032 0.2617 0.7242
0.7097 0.2148 0.7163
0.7387 0.1879 0.7085
0.7548 0.1633 0.6915
0.7645 0.1588 0.6824
0.7645 0.1342 0.6706
0.7871 0.1119 0.6614
0.7968 0.0917 0.6458
0.8097 0.0962 0.6340
0.8065 0.0962 0.6183
0.8097 0.0895 0.6078
0.8065 0.0783 0.5882
0.8226 0.0671 0.5843
0.8290 0.0515 0.5739
0.8226 0.0403 0.5673
0.8226 0.0313 0.5503
0.8290 0.0336 0.5412
0.8355 0.0246 0.5268
0.8323 0.0268 0.5203
0.8355 0.0157 0.5085
0.8258 0.0224 0.4980
0.8226 0.0224 0.4810
0.8258 0.0291 0.4797
0.8452 0.0358 0.4588
0.8355 0.0246 0.4549
0.8452 0.0089 0.4405
0.8419 0.0112 0.4340
0.8452 0.0000 0.4209
0.8419 0.0045 0.4131
0.8516 0.0067 0.4013
0.8484 0.0067 0.3922
0.8516 0.0089 0.3830
0.8548 0.0089 0.3778
0.8581 0.0268 0.3542
0.8548 0.0224 0.3477
0.8710 0.0157 0.3373
0.8742 0.0045 0.3373
0.8871 0.0045 0.3242
0.8968 0.0179 0.3098
0.8903 0.0179 0.2954
0.8968 0.0380 0.2876
0.8968 0.0224 0.2837
0.9032 0.0134 0.2784
0.9194 0.0403 0.2536
0.9226 0.0492 0.2418
0.9355 0.0470 0.2379
0.9484 0.0291 0.2353
0.9645 0.0246 0.2222
0.9613 0.0447 0.2065
0.9645 0.0649 0.1922
0.9645 0.0738 0.1830
0.9774 0.0626 0.1804
0.9742 0.0604 0.1699
0.9806 0.0828 0.1516
0.9903 0.0917 0.1464
0.9903 0.0872 0.1425
1.0000 0.0783 0.1386
0.9903 0.1051 0.1229
0.9935 0.1119 0.1176
0.9903 0.1186 0.1111
0.9903 0.1186 0.1098
0.9968 0.1320 0.0915
0.9935 0.1477 0.0837
1.0000 0.1499 0.0784
1.0000 0.1432 0.0784
1.0000 0.1454 0.0641
0.9903 0.1633 0.0523
0.9871 0.1812 0.0444
0.9839 0.1969 0.0418
0.9742 0.2013 0.0392
0.9839 0.1969 0.0288
0.9839 0.2215 0.0196
0.9774 0.2081 0.0248
0.9935 0.2192 0.0183
0.9806 0.2081 0.0131
0.9871 0.2237 0.0026
0.9839 0.2304 0.0000
