0.7591 0.0000 0.3498
0.6830 0.0082 0.3138
0.6117 0.0217 0.2895
0.5499 0.0271 0.2636
0.4818 0.0418 0.2368
0.4247 0.0545 0.2059
0.3629 0.0697 0.1866
0.3154 0.0832 0.1674
0.2678 0.0992 0.1523
0.2330 0.1181 0.1255
0.1918 0.1337 0.1138
0.1585 0.1497 0.1004
0.1236 0.1718 0.0912
0.0951 0.1894 0.0820
0.0761 0.2038 0.0837
0.0475 0.2206 0.0795
0.0301 0.2382 0.0753
0.0174 0.2542 0.0703
0.0158 0.2702 0.0728
0.0063 0.2862 0.0703
0.0032 0.2985 0.0753
0.0000 0.3116 0.0795
0.0127 0.3223 0.0854
0.0095 0.3378 0.0820
0.0269 0.3469 0.0845
0.0333 0.3579 0.0921
0.0586 0.3682 0.0937
0.0491 0.3797 0.0954
0.0713 0.3895 0.1004
0.0777 0.3932 0.1113
0.0983 0.4071 0.1096
0.1078 0.4137 0.1096
0.1252 0.4223 0.1188
0.1395 0.4260 0.1264
0.1616 0.4375 0.1197
0.1696 0.4469 0.1213
0.1933 0.4567 0.1264
0.2235 0.4555 0.1381
0.2456 0.4690 0.1180
0.2583 0.4801 0.1105
0.2837 0.4859 0.1180
0.2995 0.4928 0.1096
0.3106 0.5072 0.1105
0.3201 0.5146 0.0962
0.3344 0.5219 0.1105
0.3566 0.5289 0.0929
0.3550 0.5437 0.0946
0.3708 0.5502 0.0921
0.3803 0.5576 0.0962
0.3883 0.5683 0.0803
0.3914 0.5793 0.0720
0.4010 0.5871 0.0720
0.4120 0.5925 0.0644
0.4057 0.6101 0.0519
0.4120 0.6195 0.0402
0.4057 0.6306 0.0385
0.4073 0.6412 0.0268
0.4010 0.6560 0.0134
0.3994 0.6736 0.0067
0.4105 0.6827 0.0184
0.4073 0.7027 0.0042
0.4136 0.7228 0.0000
0.4200 0.7409 0.0084
0.4342 0.7618 0.0142
0.4437 0.7839 0.0293
0.4628 0.8085 0.0360
0.4865 0.8294 0.0619
0.5024 0.8520 0.0795
0.5198 0.8741 0.1079
0.5341 0.8938 0.1414
0.5626 0.9094 0.1883
0.5769 0.9270 0.2243
0.6086 0.9397 0.2628
0.6307 0.9541 0.2996
0.6593 0.9631 0.3448
0.6704 0.9733 0.3866
0.7147 0.9783 0.4268
0.7274 0.9844 0.4619
0.7528 0.9877 0.4962
0.7750 0.9893 0.5356
0.7971 0.9934 0.5674
0.8209 0.9943 0.6025
0.8352 0.9988 0.6301
0.8542 0.9943 0.6695
0.8653 0.9967 0.6996
0.8875 0.9975 0.7297
0.8922 1.0000 0.7531
0.9081 0.9984 0.7791
0.9208 0.9926 0.8184
0.9334 0.9889 0.8469
0.9382 0.9951 0.8577
0.9540 0.9951 0.8828
0.9746 0.9836 0.9172
0.9889 0.9820 0.9247
0.9889 0.9861 0.9356
0.9952 0.9807 0.9565
1.0000 0.9803 0.9707
0.9952 0.9836 0.9707
0.9921 0.9774 0.9833
0.9857 0.9791 1.0000
