1.0000 0.0000 0.1765
1.0000 0.0496 0.0294
0.9672 0.1074 0.1765
0.9672 0.1488 0.0294
0.9016 0.1901 0.1471
0.9508 0.2149 0.0000
0.8852 0.2231 0.1471
0.9344 0.2397 0.0882
0.8852 0.2479 0.1471
0.9016 0.2149 0.0882
0.8689 0.2231 0.0882
0.9180 0.2066 0.1471
0.9016 0.2066 0.1471
0.9016 0.1736 0.1471
0.8852 0.1653 0.1765
0.9180 0.1322 0.3235
0.9508 0.1570 0.1765
0.9180 0.1074 0.2059
0.8525 0.1074 0.2059
0.8852 0.0992 0.2059
0.8525 0.0909 0.1765
0.8689 0.0909 0.1765
0.8361 0.1074 0.2059
0.8852 0.1157 0.2059
0.8689 0.0992 0.1765
0.9016 0.1074 0.1765
0.8689 0.1322 0.2059
0.9344 0.1488 0.1471
0.8689 0.1653 0.1765
0.9016 0.1570 0.2059
0.9016 0.1818 0.2353
0.8852 0.1901 0.2059
0.9016 0.1653 0.1765
0.9016 0.1570 0.1176
0.8689 0.1653 0.1471
0.9016 0.1405 0.1176
0.8852 0.1488 0.2059
0.9016 0.1157 0.2059
0.8525 0.0992 0.1765
0.9016 0.0909 0.1471
0.8689 0.0826 0.1471
0.8852 0.0661 0.1176
0.8689 0.0661 0.1471
0.9016 0.0496 0.1765
0.9016 0.0661 0.1765
0.8852 0.0826 0.1471
0.8689 0.0909 0.1471
0.9016 0.0909 0.1471
0.8852 0.1157 0.1471
0.9016 0.1240 0.1471
0.8852 0.1405 0.2059
0.9180 0.1322 0.1765
0.8689 0.1240 0.2353
0.9016 0.1240 0.2059
0.8525 0.1157 0.2059
0.8852 0.1074 0.2059
0.8689 0.1074 0.1765
0.9016 0.1074 0.2353
0.8689 0.1074 0.1765
0.8689 0.0992 0.2353
0.8525 0.1157 0.2353
0.8525 0.0992 0.2647
0.8197 0.1157 0.2059
0.8361 0.1157 0.3235
0.8197 0.0992 0.2647
0.8033 0.0579 0.4118
0.8525 0.1074 0.2647
0.8361 0.1157 0.2941
0.7705 0.1240 0.2647
0.7869 0.1157 0.3529
0.7541 0.1322 0.3235
0.7541 0.1405 0.3529
0.7377 0.1405 0.3824
0.7049 0.1570 0.3824
0.6721 0.1901 0.3529
0.6721 0.2231 0.4706
0.6393 0.2231 0.3529
0.6393 0.2314 0.4706
0.6230 0.2314 0.4412
0.6066 0.2479 0.5588
0.5574 0.2562 0.5882
0.5574 0.2645 0.7059
0.5410 0.2645 0.6176
0.5574 0.2562 0.6765
0.4918 0.2893 0.6765
0.4918 0.3140 0.7353
0.4426 0.3306 0.6765
0.4590 0.3636 0.7353
0.3770 0.4050 0.7353
0.3443 0.4463 0.8235
0.2951 0.4959 0.7941
0.2951 0.5289 0.8824
0.2623 0.5702 0.9118
0.2131 0.6281 0.9412
0.1639 0.6694 0.9118
0.1803 0.7438 0.9706
0.0820 0.7934 0.9412
0.0656 0.8595 0.9706
0.0164 0.9504 0.9412
0.0000 1.0000 1.0000
