1.00000000 0.00000000 1.00000000
0.96202532 0.06734007 0.90000000
0.87341772 0.12457912 0.95000000
0.84810127 0.18181818 0.85000000
0.76582278 0.22222222 0.85000000
0.73417722 0.28282828 0.75000000
0.66455696 0.33333333 0.75000000
0.63291139 0.38720539 0.60000000
0.55696203 0.44107744 0.60000000
0.52531646 0.48148148 0.50000000
0.47468354 0.51178451 0.40000000
0.46202532 0.54545455 0.40000000
0.38607595 0.59259259 0.40000000
0.37341772 0.62626263 0.25000000
0.31012658 0.68013468 0.30000000
0.29113924 0.70707071 0.20000000
0.25316456 0.75084175 0.25000000
0.22784810 0.77441077 0.20000000
0.19620253 0.82154882 0.25000000
0.18987342 0.85858586 0.05000000
0.15189873 0.89898990 0.30000000
0.15189873 0.91919192 0.05000000
0.13924051 0.94276094 0.30000000
0.13924051 0.95959596 0.05000000
0.11392405 0.97643098 0.25000000
0.13291139 0.98653199 0.00000000
0.10759494 0.98989899 0.25000000
0.12658228 0.99663300 0.15000000
0.10759494 1.00000000 0.25000000
0.11392405 0.98653199 0.15000000
0.10126582 0.98989899 0.15000000
0.12025316 0.98316498 0.25000000
0.11392405 0.98316498 0.25000000
0.11392405 0.96969697 0.25000000
0.10759494 0.96632997 0.30000000
0.12025316 0.95286195 0.55000000
0.13291139 0.96296296 0.30000000
0.12025316 0.94276094 0.35000000
0.09493671 0.94276094 0.35000000
0.10759494 0.93939394 0.35000000
0.09493671 0.93602694 0.30000000
0.10126582 0.93602694 0.30000000
0.08860759 0.94276094 0.35000000
0.10759494 0.94612795 0.35000000
0.10126582 0.93939394 0.30000000
0.11392405 0.94276094 0.30000000
0.10126582 0.95286195 0.35000000
0.12658228 0.95959596 0.25000000
0.10126582 0.96632997 0.30000000
0.11392405 0.96296296 0.35000000
0.11392405 0.97306397 0.40000000
0.10759494 0.97643098 0.35000000
0.11392405 0.96632997 0.30000000
0.11392405 0.96296296 0.20000000
0.10126582 0.96632997 0.25000000
0.11392405 0.95622896 0.20000000
0.10759494 0.95959596 0.35000000
0.11392405 0.94612795 0.35000000
0.09493671 0.93939394 0.30000000
0.11392405 0.93602694 0.25000000
0.10126582 0.93265993 0.25000000
0.10759494 0.92592593 0.20000000
0.10126582 0.92592593 0.25000000
0.11392405 0.91919192 0.30000000
0.11392405 0.92592593 0.30000000
0.10759494 0.93265993 0.25000000
0.10126582 0.93602694 0.25000000
0.11392405 0.93602694 0.25000000
0.10759494 0.94612795 0.25000000
0.11392405 0.94949495 0.25000000
0.10759494 0.95622896 0.35000000
0.12025316 0.95286195 0.30000000
0.10126582 0.94949495 0.40000000
0.11392405 0.94949495 0.35000000
0.09493671 0.94612795 0.35000000
0.10759494 0.94276094 0.35000000
0.10126582 0.94276094 0.30000000
0.11392405 0.94276094 0.40000000
0.10126582 0.94276094 0.30000000
0.10126582 0.93939394 0.40000000
0.09493671 0.94612795 0.40000000
0.09493671 0.93939394 0.45000000
0.08227848 0.94612795 0.35000000
0.08860759 0.94612795 0.55000000
0.08227848 0.93939394 0.45000000
0.07594937 0.92255892 0.70000000
0.09493671 0.94276094 0.45000000
0.08860759 0.94612795 0.50000000
0.06329114 0.94949495 0.45000000
0.06962025 0.94612795 0.60000000
0.05696203 0.95286195 0.55000000
0.05696203 0.95622896 0.60000000
0.05063291 0.95622896 0.65000000
0.03797468 0.96296296 0.65000000
0.02531646 0.97643098 0.60000000
0.02531646 0.98989899 0.80000000
0.01265823 0.98989899 0.60000000
0.01265823 0.99326599 0.80000000
0.00632911 0.99326599 0.75000000
0.00000000 1.00000000 0.95000000
