0.5000 0.0000 0.0375
0.5000 0.0424 0.0000
0.6250 0.0593 0.0749
0.7500 0.0593 0.0375
0.6667 0.0424 0.1049
0.7917 0.0932 0.0524
0.7083 0.0932 0.1311
0.7917 0.1525 0.0674
0.6667 0.1441 0.1461
0.8333 0.1610 0.0899
0.7917 0.1441 0.1648
0.7500 0.2034 0.1086
0.6667 0.2034 0.1948
0.6667 0.3051 0.1236
0.6250 0.2373 0.2172
0.6667 0.3136 0.1423
0.5000 0.2627 0.2285
0.5833 0.3475 0.1573
0.5417 0.3136 0.2547
0.6667 0.3051 0.1723
0.6667 0.2119 0.2622
0.7083 0.2034 0.1910
0.6250 0.1949 0.2846
0.6667 0.2458 0.2060
0.6250 0.1780 0.3034
0.6250 0.2288 0.2397
0.7083 0.2203 0.3258
0.5833 0.3051 0.2584
0.4583 0.2881 0.3558
0.5833 0.3644 0.2734
0.4583 0.3220 0.3670
0.5000 0.3559 0.2846
0.3750 0.3475 0.3783
0.3750 0.3220 0.3034
0.2917 0.3051 0.3970
0.3750 0.2966 0.3258
0.4583 0.2627 0.4045
0.4583 0.2881 0.3333
0.4167 0.2373 0.4157
0.3750 0.2797 0.3446
0.3750 0.2712 0.4270
0.2917 0.3051 0.3670
0.2500 0.3136 0.4644
0.3333 0.4237 0.3970
0.2917 0.4068 0.4794
0.4167 0.4915 0.4195
0.2083 0.4576 0.5019
0.2500 0.5169 0.4457
0.1250 0.5085 0.5243
0.0833 0.5508 0.4757
0.0000 0.5085 0.5506
0.1250 0.5932 0.5056
0.0417 0.5763 0.5655
0.1667 0.5424 0.5281
0.1667 0.4407 0.5955
0.2500 0.5254 0.5543
0.1250 0.5593 0.6067
0.3333 0.6695 0.5693
0.1667 0.6441 0.6255
0.3333 0.7119 0.6067
0.2083 0.6356 0.6629
0.2917 0.7288 0.6292
0.2083 0.6780 0.6704
0.2917 0.7542 0.6367
0.1667 0.6525 0.6742
0.2083 0.7881 0.6517
0.1667 0.7288 0.7004
0.2917 0.7627 0.6929
0.2083 0.6949 0.7303
0.3333 0.7966 0.7041
0.1667 0.8051 0.7453
0.2917 0.9492 0.7303
0.2083 0.9407 0.7753
0.3333 1.0000 0.7603
0.3750 0.9322 0.7978
0.4167 0.9492 0.7978
0.6250 0.9237 0.8052
0.5000 0.9576 0.7903
0.3750 0.8729 0.8165
0.5000 0.9576 0.8090
0.4583 0.8559 0.8390
0.6250 0.8898 0.8315
0.5000 0.8051 0.8539
0.5417 0.9068 0.8352
0.5000 0.9068 0.8614
0.6667 0.9407 0.8502
0.6250 0.8475 0.8876
0.7083 0.8305 0.8801
0.6250 0.7797 0.9026
0.6667 0.7966 0.8839
0.7083 0.7119 0.9101
0.8333 0.7627 0.9139
0.8750 0.6441 0.9326
0.7917 0.6780 0.9401
0.8750 0.5763 0.9476
0.7500 0.6525 0.9513
0.9167 0.6864 0.9625
0.9167 0.8220 0.9738
1.0000 0.7797 0.9850
0.8750 0.7966 1.0000
