0.9688 -2.0135 0.0366
0.9858 -1.8446 0.0274
1.0000 -1.6757 0.0192
0.9943 -1.6486 0.0146
0.9943 -1.5946 0.0101
0.9858 -1.4865 0.0064
0.9801 -1.3176 0.0027
0.9801 -1.0473 0.0009
0.9830 -0.9257 0.0000
0.9574 -0.8716 0.0000
0.9517 -0.7838 0.0027
0.9375 -0.6554 0.0009
0.9347 -0.5000 0.0073
0.9261 -0.2973 0.0064
0.9233 -0.1757 0.0119
0.8920 -0.0405 0.0192
0.8807 -0.0405 0.0238
0.8608 0.0000 0.0302
0.8466 0.1959 0.0393
0.8438 0.4595 0.0420
0.8381 0.6419 0.0512
0.8097 0.7365 0.0622
0.7983 0.7095 0.0658
0.7926 0.7973 0.0768
0.7727 0.9324 0.0868
0.7812 1.1824 0.0960
0.7727 1.3986 0.1097
0.7614 1.5608 0.1197
0.7642 1.6014 0.1344
0.7415 1.6757 0.1508
0.7386 1.7162 0.1645
0.7415 2.0068 0.1764
0.7500 2.2905 0.1947
0.7386 2.3919 0.2112
0.7472 2.4122 0.2322
0.7273 2.4527 0.2532
0.7358 2.6081 0.2742
0.7188 2.7568 0.2952
0.7244 2.9595 0.3163
0.7131 3.1149 0.3382
0.7131 3.1824 0.3647
0.6903 3.1892 0.3876
0.6932 3.2568 0.4122
0.6875 3.3378 0.4388
0.6989 3.4932 0.4653
0.7045 3.6149 0.4963
0.6875 3.6081 0.5192
0.6875 3.5473 0.5503
0.6932 3.5946 0.5786
0.6875 3.5676 0.6060
0.6875 3.7162 0.6353
0.6790 3.6959 0.6627
0.6847 3.6081 0.6901
0.6761 3.5270 0.7176
0.6761 3.4797 0.7441
0.6790 3.4392 0.7687
0.6818 3.4324 0.7952
0.6733 3.3378 0.8190
0.6733 3.2432 0.8410
0.6648 3.2027 0.8601
0.6591 3.0676 0.8748
0.6648 2.8784 0.8958
0.6477 2.8378 0.9104
0.6449 2.7500 0.9250
0.6392 2.6419 0.9388
0.6449 2.5203 0.9497
0.6449 2.3243 0.9589
0.6420 2.1959 0.9671
0.6250 2.0878 0.9753
0.6335 2.0811 0.9817
0.6250 2.0068 0.9835
0.6222 1.7905 0.9872
0.6023 1.5946 0.9872
0.5966 1.5878 0.9927
0.5710 1.5541 0.9936
0.5625 1.4865 0.9954
0.5682 1.3986 0.9954
0.5426 1.2568 0.9927
0.5142 1.1486 0.9936
0.4915 1.0878 0.9982
0.4545 1.1622 0.9973
0.4318 1.1419 0.9973
0.4205 1.0000 0.9927
0.3835 0.8716 0.9918
0.3693 0.8378 0.9927
0.3409 0.9392 0.9945
0.3267 0.9392 0.9945
0.3125 0.8514 0.9936
0.2926 0.6284 0.9927
0.2557 0.5068 0.9945
0.2358 0.6014 0.9954
0.2102 0.6689 0.9973
0.1761 0.5878 0.9973
0.1619 0.4662 0.9954
0.1307 0.2297 0.9945
0.0994 0.1486 1.0000
0.0653 0.3581 1.0000
0.0540 0.3243 0.9991
0.0284 0.1689 0.9963
-0.0000 -0.1216 0.9963
