0.00000000 1.00000000 1.00000000
0.01108545 0.99733617 0.99319728
0.02401848 0.99627064 0.98639456
0.03602771 0.99467235 0.97278912
0.05080831 0.98934470 0.97278912
0.06327945 0.98774640 0.96258503
0.07990762 0.98614811 0.93877551
0.09053118 0.98295152 0.92176871
0.10577367 0.98082046 0.91156463
0.11732102 0.97655834 0.89455782
0.13071594 0.97282898 0.87755102
0.14364896 0.97069792 0.85714286
0.15750577 0.96750133 0.84693878
0.16951501 0.96643580 0.82312925
0.18383372 0.96004262 0.82312925
0.19630485 0.95364944 0.81972789
0.21062356 0.94885456 0.82653061
0.22263279 0.94139584 0.80612245
0.23695150 0.93713372 0.80612245
0.24849885 0.93180607 0.78571429
0.26281755 0.92807672 0.76530612
0.27528868 0.92381460 0.74489796
0.28914550 0.91955248 0.73809524
0.30115473 0.91209377 0.71428571
0.31501155 0.90996271 0.69727891
0.32794457 0.90250400 0.67687075
0.34180139 0.89664358 0.67006803
0.35196305 0.89025040 0.65306122
0.36628176 0.88172616 0.64285714
0.37736721 0.87693127 0.62585034
0.39122402 0.86893980 0.62925170
0.40415704 0.85988279 0.61904762
0.41755196 0.85508791 0.61224490
0.42909931 0.84603090 0.60204082
0.44341801 0.83697389 0.60204082
0.45357968 0.83058071 0.58163265
0.46697460 0.82258924 0.56802721
0.47759815 0.81779435 0.53741497
0.49053118 0.80980288 0.53401361
0.50161663 0.80074587 0.52040816
0.51501155 0.79222163 0.50340136
0.52655889 0.78316462 0.50000000
0.53949192 0.77410762 0.47959184
0.55011547 0.76611614 0.45918367
0.56304850 0.75652637 0.44557823
0.57367206 0.74853490 0.42857143
0.58614319 0.74001066 0.41836735
0.59769053 0.73095365 0.39795918
0.60969977 0.72189664 0.39795918
0.62263279 0.71017581 0.37755102
0.63325635 0.69952051 0.37074830
0.64295612 0.69099627 0.36394558
0.65357968 0.67874267 0.35374150
0.66281755 0.66968567 0.34353741
0.67344111 0.65956313 0.33333333
0.68314088 0.64944060 0.31972789
0.69607390 0.63985083 0.29931973
0.70300231 0.62706446 0.28911565
0.71501155 0.61640916 0.28231293
0.72332564 0.60522110 0.26530612
0.73487298 0.59243474 0.25170068
0.74364896 0.57858284 0.23809524
0.75381062 0.56739478 0.23129252
0.76304850 0.55354289 0.21428571
0.77367206 0.54128929 0.20408163
0.78152425 0.52797017 0.18027211
0.79260970 0.51571657 0.17346939
0.80092379 0.49920085 0.15986395
0.81016166 0.48481620 0.16666667
0.81801386 0.47043154 0.15646259
0.82725173 0.45551412 0.15986395
0.83602771 0.44326052 0.14625850
0.84434180 0.42834310 0.13265306
0.85311778 0.41289291 0.11564626
0.86189376 0.39744273 0.10884354
0.87020785 0.38199254 0.08843537
0.88036952 0.36600959 0.07823129
0.88637413 0.35322323 0.06802721
0.89468822 0.33617475 0.06462585
0.90069284 0.31912627 0.06122449
0.90808314 0.30314331 0.05782313
0.91501155 0.28502930 0.03741497
0.92193995 0.27117741 0.02721088
0.92748268 0.25679275 0.01360544
0.93487298 0.24187533 0.01360544
0.93856813 0.22482685 0.02040816
0.94457275 0.21150773 0.02380952
0.94919169 0.19605754 0.02040816
0.95427252 0.18060735 0.01360544
0.95981524 0.16675546 0.00340136
0.96443418 0.15077251 0.00340136
0.96951501 0.13532232 0.00000000
0.97413395 0.12093767 0.00340136
0.97690531 0.10335642 0.00000000
0.98290993 0.08737347 0.01360544
0.98614319 0.06659563 0.01360544
0.99076212 0.04954715 0.01360544
0.99445727 0.02983484 0.00680272
0.99769053 0.01225360 0.01020408
1.00000000 0.00000000 0.01020408
