0.1272 -103.5714 11.7331
0.1278 -105.7857 11.6824
0.1289 -107.0000 11.5684
0.1307 -109.3571 11.4956
0.1301 -109.5714 11.3975
0.1347 -111.2143 11.3151
0.1370 -110.2143 11.2012
0.1417 -111.1429 11.1220
0.1446 -111.4286 11.0777
0.1487 -112.3571 11.0080
0.1516 -110.9286 10.9321
0.1539 -111.6429 10.8656
0.1574 -111.4286 10.8086
0.1591 -111.0000 10.7389
0.1620 -111.1429 10.7199
0.1638 -109.4286 10.6408
0.1667 -110.7857 10.6376
0.1684 -108.2857 10.5585
0.1684 -110.0714 10.5490
0.1702 -109.4286 10.5236
0.1748 -109.6429 10.4856
0.1783 -109.7857 10.4951
0.1765 -110.0000 10.4350
0.1789 -111.5714 10.4413
0.1806 -109.5000 10.3590
0.1800 -113.3571 10.3653
0.1800 -111.2857 10.3083
0.1841 -112.2143 10.2355
0.1858 -110.2143 10.2387
0.1847 -112.5000 10.1564
0.1905 -111.1429 10.1532
0.1922 -110.0000 10.0139
0.1957 -113.7857 10.0645
0.1945 -110.5714 9.9189
0.2033 -112.2857 9.9126
0.2073 -108.6429 9.8144
0.2102 -111.2857 9.7796
0.2137 -107.7143 9.7416
0.2184 -108.0000 9.6656
0.2213 -108.2143 9.6529
0.2207 -104.0000 9.5390
0.2230 -103.2143 9.5263
0.2265 -98.8571 9.4566
0.2282 -98.1429 9.4472
0.2300 -91.8571 9.4123
0.2305 -89.7143 9.4345
0.2300 -82.7857 9.4503
0.2288 -76.2857 9.4566
0.2259 -68.7143 9.5485
0.2207 -63.2857 9.6909
0.2143 -54.6429 9.8682
0.2073 -44.9286 10.1057
0.1922 -35.7143 10.4318
0.1806 -24.6429 10.8402
0.1626 -13.4286 11.3848
0.1434 -2.2143 12.0687
0.1185 8.3571 12.9457
0.0935 18.2143 14.0253
0.0621 25.5714 15.3203
0.0372 27.4286 16.8400
0.0110 20.0000 18.5465
0.0000 1.0000 20.2720
0.0017 -33.7857 21.8931
0.0348 -87.5000 23.1310
0.1051 -162.5000 23.4445
0.2265 -252.2857 22.2698
0.3914 -344.1429 19.4774
0.5883 -420.7857 15.0860
0.7753 -461.5000 9.7511
0.9204 -457.9286 4.3307
1.0000 -413.4286 -0.0000
0.9959 -342.4286 -2.7764
0.9460 -262.8571 -3.9868
0.8525 -186.0714 -3.9479
0.7456 -127.3571 -3.0468
0.6458 -80.5714 -1.7998
0.5575 -50.1429 -0.3751
0.4872 -29.7857 1.0000
0.4158 -16.2143 2.2823
0.3653 -11.7143 3.4347
0.3206 -2.0714 4.4067
0.2875 -1.4286 5.2236
0.2515 2.3571 5.9486
0.2323 -0.0000 6.5470
0.2062 -0.2857 7.1074
0.1847 -0.3571 7.4968
0.1661 -3.6429 7.9623
0.1469 -2.9286 8.2694
0.1341 -6.6429 8.6018
0.1185 -5.8571 8.8614
0.1074 -10.0714 9.1305
0.1010 -8.4286 9.3522
0.0871 -12.2857 9.5516
0.0778 -14.1429 9.7796
0.0668 -14.9286 9.9252
0.0610 -17.3571 10.0899
0.0465 -17.2143 10.2038
0.0407 -20.3571 10.3622
0.0314 -19.2143 10.4761
0.0302 -21.7857 10.5964
