0.00000000 1.00000000 0.00000000
0.05963303 0.95906433 0.01470588
0.09174312 0.91374269 0.01470588
0.15137615 0.88304094 0.07352941
0.16513761 0.84210526 0.09558824
0.21559633 0.79678363 0.16176471
0.24311927 0.76900585 0.17647059
0.28440367 0.72368421 0.23529412
0.33027523 0.68421053 0.22794118
0.37155963 0.64619883 0.30147059
0.41284404 0.60087719 0.31617647
0.44036697 0.55555556 0.38235294
0.46788991 0.52046784 0.41911765
0.50458716 0.47368421 0.48529412
0.52293578 0.43128655 0.52205882
0.56422018 0.37865497 0.57352941
0.59633028 0.34210526 0.61029412
0.64220183 0.30116959 0.66176471
0.66513761 0.26169591 0.67647059
0.71100917 0.22222222 0.73529412
0.71100917 0.19005848 0.75735294
0.72477064 0.15935673 0.81617647
0.73853211 0.13450292 0.83823529
0.74311927 0.11111111 0.87500000
0.75688073 0.08771930 0.88235294
0.77064220 0.06432749 0.96323529
0.79816514 0.05263158 0.93382353
0.79357798 0.03508772 0.96323529
0.80733945 0.02777778 0.97794118
0.81192661 0.01461988 0.99264706
0.82110092 0.01169591 1.00000000
0.81651376 0.00292398 1.00000000
0.83027523 0.00292398 0.99264706
0.82568807 0.00000000 1.00000000
0.83944954 0.00584795 0.98529412
0.84403670 0.00730994 0.97794118
0.83944954 0.01315789 0.96323529
0.85321101 0.01461988 0.97058824
0.84403670 0.01900585 0.94117647
0.85779817 0.01754386 0.95588235
0.84403670 0.01900585 0.94852941
0.86238532 0.01315789 0.97058824
0.85321101 0.01315789 0.94117647
0.85321101 0.01169591 0.97794118
0.85779817 0.01315789 0.94852941
0.85321101 0.00584795 0.97058824
0.86238532 0.01023392 0.97058824
0.86697248 0.00730994 0.97794118
0.87155963 0.01169591 0.95588235
0.88073394 0.01023392 0.96323529
0.87614679 0.01169591 0.94852941
0.88532110 0.01023392 0.95588235
0.88073394 0.01608187 0.94117647
0.88532110 0.01608187 0.95588235
0.88073394 0.01900585 0.93382353
0.89449541 0.01608187 0.94852941
0.87614679 0.01900585 0.93382353
0.88532110 0.01754386 0.95588235
0.86238532 0.01900585 0.92647059
0.88073394 0.01900585 0.95588235
0.85779817 0.01900585 0.92647059
0.86697248 0.01315789 0.94852941
0.86238532 0.01754386 0.94117647
0.86697248 0.01315789 0.96323529
0.87155963 0.01461988 0.96323529
0.85779817 0.00877193 0.96323529
0.87155963 0.01169591 0.96323529
0.87155963 0.00584795 0.97058824
0.86697248 0.00877193 0.97058824
0.86697248 0.01023392 0.98529412
0.86697248 0.00877193 0.96323529
0.87614679 0.00730994 0.97058824
0.87155963 0.01315789 0.96323529
0.88990826 0.01315789 0.97058824
0.87155963 0.01315789 0.94852941
0.88532110 0.01315789 0.98529412
0.88532110 0.01315789 0.94117647
0.88990826 0.01023392 0.95588235
0.88532110 0.01315789 0.93382353
0.88990826 0.01169591 0.94852941
0.89908257 0.01608187 0.93382353
0.90366972 0.01169591 0.94852941
0.90366972 0.01461988 0.93382353
0.90825688 0.01608187 0.94117647
0.90366972 0.01900585 0.94117647
0.91743119 0.02046784 0.94852941
0.90825688 0.02339181 0.93382353
0.92201835 0.02339181 0.94117647
0.92201835 0.02485380 0.92647059
0.93577982 0.02485380 0.94852941
0.93119266 0.02777778 0.91176471
0.94954128 0.02777778 0.92647059
0.94036697 0.03216374 0.90441176
0.96330275 0.03654971 0.93382353
0.96330275 0.03947368 0.90441176
0.97706422 0.04239766 0.92647059
0.97706422 0.04824561 0.88970588
0.98165138 0.04824561 0.89705882
0.98623853 0.05409357 0.87500000
1.00000000 0.05555556 0.88235294
