1.00000000 0.00000000 0.94621295
0.98174442 0.01442006 0.91108672
0.97058824 0.00188088 0.86937431
0.94523327 0.01128527 0.84522503
0.92900609 0.03824451 0.79692645
0.91176471 0.01630094 0.78375412
0.89756592 0.05015674 0.73765093
0.87221095 0.03636364 0.71899012
0.85192698 0.07021944 0.68605928
0.83367140 0.04012539 0.65971460
0.80730223 0.08087774 0.63885840
0.78397566 0.08652038 0.59934138
0.76774848 0.08589342 0.59824369
0.75760649 0.09592476 0.54555434
0.73022312 0.10532915 0.53896817
0.71095335 0.13793103 0.49506037
0.69371197 0.09717868 0.50933041
0.68559838 0.13040752 0.45444566
0.66835700 0.14984326 0.43139407
0.65415822 0.16739812 0.40944018
0.65314402 0.16050157 0.38419319
0.63894523 0.18244514 0.36992316
0.62880325 0.20752351 0.33150384
0.61866126 0.21253918 0.34138310
0.62271805 0.24263323 0.30296378
0.61156187 0.25893417 0.31503842
0.61257606 0.30532915 0.29637761
0.61460446 0.29216301 0.31394072
0.61764706 0.33730408 0.31174533
0.61561866 0.33291536 0.33040615
0.62271805 0.37742947 0.34138310
0.63286004 0.36175549 0.35565313
0.63691684 0.39811912 0.39407245
0.64908722 0.39373041 0.40065862
0.65821501 0.40626959 0.44017563
0.67139959 0.41316614 0.44785950
0.67748479 0.41755486 0.48847420
0.67545639 0.44451411 0.48957190
0.68559838 0.41880878 0.53896817
0.69776876 0.43636364 0.54445664
0.69979716 0.41630094 0.58287596
0.70486815 0.43134796 0.59275521
0.71805274 0.41692790 0.61690450
0.72210953 0.41755486 0.63666301
0.73225152 0.41442006 0.64434687
0.74137931 0.42131661 0.65642151
0.75760649 0.41692790 0.67069155
0.76774848 0.40376176 0.69045005
0.77484787 0.41504702 0.69154775
0.78600406 0.40940439 0.69374314
0.79716024 0.40626959 0.70362239
0.80324544 0.39749216 0.71130626
0.81237323 0.40250784 0.72008782
0.82150101 0.39247649 0.72777168
0.83164300 0.39184953 0.73765093
0.83874239 0.38683386 0.74533480
0.84178499 0.39373041 0.74423710
0.85496957 0.37993730 0.75301866
0.86206897 0.37304075 0.76399561
0.86308316 0.38432602 0.77058178
0.87728195 0.37993730 0.77716795
0.88235294 0.38432602 0.78924259
0.89350913 0.39184953 0.79363337
0.89452333 0.38307210 0.80790340
0.90466531 0.38683386 0.81778266
0.90466531 0.37805643 0.83095499
0.90669371 0.37680251 0.85620198
0.91176471 0.37805643 0.85839737
0.91886410 0.38557994 0.87376509
0.92494929 0.38244514 0.88474204
0.91886410 0.36238245 0.91547750
0.92292089 0.35360502 0.92096597
0.92393509 0.34545455 0.94072448
0.92494929 0.34733542 0.95499451
0.91987830 0.32351097 0.97145993
0.92393509 0.32539185 0.97145993
0.91480730 0.30971787 0.98024149
0.89756592 0.28840125 0.99670692
0.88539554 0.25454545 1.00000000
0.86815416 0.24764890 0.99890231
0.84482759 0.23510972 0.99012075
0.80324544 0.20000000 0.99012075
0.77586207 0.16802508 0.96487377
0.72515213 0.13416928 0.94182217
0.67139959 0.10219436 0.90669594
0.59837728 0.06645768 0.86388584
0.53346856 0.06332288 0.78594951
0.43914807 0.05329154 0.70362239
0.34989858 0.04200627 0.62678375
0.26267748 0.03699060 0.52469813
0.17342799 0.05893417 0.41273326
0.09330629 0.10909091 0.29088913
0.03245436 0.16489028 0.19319429
0.00000000 0.26144201 0.08891328
0.01318458 0.36489028 0.03512623
0.07707911 0.50344828 0.00000000
0.20689655 0.63573668 0.02305159
0.38133874 0.78056426 0.08122942
0.61359026 0.88526646 0.20965971
0.87018256 1.00000000 0.37321625
