-169.0000 0.2881 1.0000
-167.5000 0.2459 0.9876
-161.5000 0.2330 0.9802
-160.5000 0.2330 0.9616
-154.0000 0.2312 0.9554
-152.0000 0.2000 0.9493
-148.0000 0.1927 0.9406
-143.5000 0.1541 0.9344
-138.0000 0.1596 0.9245
-135.0000 0.1560 0.9072
-131.5000 0.1431 0.9022
-129.0000 0.1358 0.8849
-124.5000 0.1156 0.8837
-122.0000 0.1284 0.8626
-119.0000 0.1229 0.8540
-118.0000 0.1138 0.8403
-114.5000 0.1083 0.8280
-113.5000 0.1046 0.8131
-110.0000 0.0899 0.7995
-109.5000 0.0789 0.7822
-107.0000 0.0697 0.7661
-107.0000 0.0624 0.7488
-102.5000 0.0514 0.7327
-97.5000 0.0459 0.7116
-91.0000 0.0440 0.6968
-92.0000 0.0294 0.6745
-88.0000 0.0202 0.6609
-85.5000 0.0073 0.6324
-80.5000 0.0294 0.6176
-77.5000 0.0312 0.5879
-75.5000 0.0183 0.5718
-73.0000 0.0165 0.5470
-68.5000 0.0000 0.5285
-65.0000 0.0128 0.5012
-60.5000 0.0202 0.4765
-58.5000 0.0312 0.4542
-55.0000 0.0330 0.4356
-52.0000 0.0422 0.4158
-49.0000 0.0385 0.3960
-47.5000 0.0514 0.3738
-43.5000 0.0752 0.3490
-42.0000 0.0862 0.3280
-37.5000 0.0972 0.3119
-35.0000 0.0936 0.2946
-32.0000 0.1174 0.2723
-28.5000 0.1505 0.2512
-24.0000 0.1688 0.2401
-23.0000 0.1853 0.2203
-20.0000 0.1982 0.2178
-19.5000 0.2073 0.1968
-15.5000 0.2239 0.1881
-13.0000 0.2514 0.1696
-10.5000 0.2697 0.1572
-9.5000 0.2826 0.1399
-7.5000 0.2972 0.1324
-4.5000 0.3046 0.1238
-3.5000 0.3266 0.1089
-0.0000 0.3596 0.0953
2.0000 0.3780 0.0879
1.0000 0.3945 0.0743
4.0000 0.4073 0.0730
4.0000 0.4257 0.0644
5.0000 0.4404 0.0569
5.0000 0.4697 0.0433
4.0000 0.5083 0.0334
2.5000 0.5284 0.0272
3.5000 0.5229 0.0309
3.5000 0.5339 0.0248
2.5000 0.5541 0.0186
3.0000 0.5982 0.0074
5.0000 0.6073 0.0062
4.5000 0.6349 0.0000
4.0000 0.6349 0.0050
2.5000 0.6404 0.0074
1.0000 0.6459 0.0111
1.0000 0.6881 0.0000
-0.0000 0.7083 0.0012
-1.5000 0.7083 0.0025
-2.5000 0.7138 0.0074
-4.0000 0.7450 0.0037
-6.5000 0.7560 0.0025
-9.0000 0.7651 0.0025
-11.5000 0.7706 0.0050
-13.0000 0.7945 0.0012
-16.0000 0.8165 0.0000
-17.5000 0.8312 0.0037
-18.0000 0.8385 0.0062
-18.5000 0.8550 0.0012
-21.5000 0.8771 0.0025
-24.0000 0.8936 0.0012
-26.0000 0.8844 0.0136
-29.0000 0.8972 0.0124
-30.5000 0.9101 0.0124
-31.5000 0.9339 0.0149
-37.0000 0.9468 0.0161
-38.5000 0.9486 0.0235
-41.5000 0.9486 0.0235
-42.0000 0.9761 0.0223
-48.0000 0.9908 0.0198
-52.0000 1.0000 0.0210
