-4.9048 18.5312 0.0000
-4.9206 18.5312 0.0025
-4.9206 18.1250 0.0034
-4.9841 18.4375 0.0063
-4.8571 18.3125 0.0080
-5.0159 18.3438 0.0105
-5.0000 18.4062 0.0101
-5.1270 18.6875 0.0126
-5.1587 18.5625 0.0147
-5.2540 18.4688 0.0164
-5.1905 18.5000 0.0181
-5.3175 18.5312 0.0202
-5.3175 18.5625 0.0215
-5.3810 18.8438 0.0219
-5.3492 18.9062 0.0223
-5.4444 18.5000 0.0240
-5.4286 18.6250 0.0240
-5.4762 18.9688 0.0261
-5.5238 18.6875 0.0265
-5.6508 18.6250 0.0274
-5.6349 18.6875 0.0278
-5.6825 18.5938 0.0295
-5.6667 18.3125 0.0303
-5.7460 18.4688 0.0299
-5.6825 18.4375 0.0316
-5.7460 18.1250 0.0307
-5.6825 18.0312 0.0311
-5.7619 18.2188 0.0316
-5.7302 18.0000 0.0320
-5.7778 17.7188 0.0320
-5.8413 17.5000 0.0328
-5.8413 17.4062 0.0341
-5.8571 17.0938 0.0349
-5.9365 17.1875 0.0358
-5.9683 17.3125 0.0370
-6.0317 16.6562 0.0362
-6.0635 16.1250 0.0383
-6.0794 16.2500 0.0396
-5.9841 16.0312 0.0412
-6.0794 15.8438 0.0417
-6.1429 15.6562 0.0421
-6.1746 15.6250 0.0442
-6.2222 14.8438 0.0450
-6.3175 14.5312 0.0467
-6.2857 14.5938 0.0492
-6.3333 14.1250 0.0526
-6.3492 14.0938 0.0543
-6.3968 14.2188 0.0568
-6.3968 13.8125 0.0593
-6.4286 13.1250 0.0606
-6.4762 12.8438 0.0627
-6.4444 12.6875 0.0669
-6.3810 12.5312 0.0690
-6.5556 12.5000 0.0720
-6.5714 12.0938 0.0753
-6.6349 11.7500 0.0816
-6.6032 11.2812 0.0838
-6.7460 10.9375 0.0880
-6.7302 10.6250 0.0930
-6.7143 10.4062 0.0981
-6.8095 10.0938 0.1027
-6.8730 9.5625 0.1082
-6.8730 9.2188 0.1136
-6.9206 8.5625 0.1195
-6.8889 8.0000 0.1246
-6.9524 7.6250 0.1322
-6.9524 7.0938 0.1389
-6.9841 6.5312 0.1460
-7.0159 5.9062 0.1540
-7.0317 5.6250 0.1625
-6.9365 4.7812 0.1705
-6.9206 4.1562 0.1789
-6.8095 3.4375 0.1881
-6.7778 2.5938 0.1965
-6.6825 1.9375 0.2071
-6.5873 1.7188 0.2184
-6.4603 1.0000 0.2298
-6.4127 -0.0000 0.2416
-6.2698 -1.0938 0.2546
-6.1429 -2.3750 0.2685
-6.0159 -3.1875 0.2832
-5.8413 -3.6562 0.3005
-5.5873 -4.3750 0.3178
-5.3651 -5.7500 0.3359
-4.9841 -6.6250 0.3556
-4.6825 -8.5938 0.3758
-4.4286 -9.9688 0.3981
-3.9524 -10.5625 0.4242
-3.4603 -11.6875 0.4529
-2.9683 -13.1875 0.4819
-2.3016 -15.1250 0.5139
-1.6508 -17.0000 0.5488
-0.9206 -18.0312 0.5896
0.0000 -18.8750 0.6334
1.0000 -19.6250 0.6818
2.1111 -20.9375 0.7336
3.3810 -22.4062 0.7912
4.6508 -23.3438 0.8544
6.1111 -22.7812 0.9247
7.5238 -22.0312 1.0000
