0.7098 -3.4177 0.1850
0.6853 -3.4114 0.1688
0.7273 -3.4810 0.1527
0.7483 -3.4873 0.1349
0.7902 -3.4367 0.1195
0.8007 -3.2785 0.1074
0.8252 -3.1772 0.0961
0.8322 -3.1962 0.0775
0.8636 -3.1582 0.0630
0.8741 -3.0063 0.0485
0.9091 -2.7911 0.0396
0.9056 -2.6266 0.0307
0.9231 -2.5316 0.0202
0.9371 -2.4557 0.0113
0.9650 -2.2722 0.0040
0.9720 -2.1519 0.0024
0.9755 -1.8671 0.0000
0.9790 -1.6392 0.0008
1.0000 -1.5380 0.0024
0.9860 -1.3418 0.0040
0.9895 -1.2278 0.0097
0.9825 -0.9051 0.0153
0.9825 -0.7025 0.0242
0.9825 -0.5949 0.0291
0.9825 -0.4241 0.0388
0.9615 -0.3038 0.0493
0.9545 0.0000 0.0598
0.9336 0.1519 0.0695
0.9161 0.2848 0.0808
0.9056 0.4367 0.0921
0.8881 0.5696 0.1026
0.8671 0.7658 0.1155
0.8741 0.9304 0.1268
0.8671 1.1013 0.1373
0.8776 1.2468 0.1543
0.8427 1.3544 0.1688
0.8531 1.5696 0.1866
0.8427 1.7532 0.2019
0.8566 1.8671 0.2205
0.8392 2.0190 0.2383
0.8497 2.1139 0.2569
0.8462 2.2595 0.2771
0.8601 2.3924 0.2989
0.8671 2.5380 0.3191
0.8881 2.6835 0.3425
0.8811 2.8354 0.3716
0.8741 2.9114 0.3934
0.8741 3.0253 0.4160
0.8986 3.0696 0.4418
0.8916 3.1962 0.4685
0.9126 3.2658 0.4943
0.9021 3.3354 0.5218
0.9441 3.4304 0.5477
0.9441 3.3924 0.5767
0.9650 3.5316 0.6034
0.9476 3.5823 0.6325
0.9580 3.5759 0.6591
0.9615 3.5823 0.6850
0.9720 3.5443 0.7100
0.9650 3.5316 0.7351
0.9790 3.4557 0.7601
0.9615 3.4241 0.7819
0.9860 3.3608 0.8021
0.9685 3.3165 0.8231
0.9476 3.2342 0.8425
0.9266 3.1392 0.8619
0.9231 3.0316 0.8748
0.8986 2.9051 0.8893
0.9021 2.7975 0.8998
0.8706 2.7342 0.9095
0.8636 2.6329 0.9192
0.8392 2.5886 0.9273
0.8357 2.4430 0.9354
0.7867 2.3608 0.9410
0.7902 2.3038 0.9475
0.7343 2.2658 0.9515
0.7308 2.2025 0.9548
0.6853 2.0380 0.9556
0.6678 2.0316 0.9572
0.6329 1.8544 0.9564
0.6084 1.9430 0.9604
0.5769 1.8734 0.9620
0.5385 1.7342 0.9645
0.4930 1.7152 0.9661
0.4755 1.6519 0.9677
0.4441 1.6456 0.9669
0.4091 1.6013 0.9685
0.3636 1.5570 0.9693
0.3322 1.5000 0.9709
0.3147 1.4114 0.9742
0.2867 1.3165 0.9774
0.2448 1.3228 0.9822
0.2273 1.2785 0.9855
0.1923 1.3038 0.9863
0.1713 1.0759 0.9879
0.1399 1.0000 0.9952
0.0944 1.0000 0.9935
0.0664 0.9557 0.9968
0.0524 0.9304 0.9984
-0.0000 0.8354 1.0000
