-84.9000 1.9430 0.5408
-84.0000 1.8734 0.5445
-82.9000 1.7342 0.5499
-81.6000 1.7152 0.5535
-81.1000 1.6519 0.5572
-80.2000 1.6456 0.5554
-79.2000 1.6013 0.5590
-77.9000 1.5570 0.5608
-77.0000 1.5000 0.5644
-76.5000 1.4114 0.5717
-75.7000 1.3165 0.5789
-74.5000 1.3228 0.5898
-74.0000 1.2785 0.5971
-73.0000 1.3038 0.5989
-72.4000 1.0759 0.6025
-71.5000 1.0000 0.6189
-70.2000 1.0000 0.6152
-69.4000 0.9557 0.6225
-69.0000 0.9304 0.6261
-67.5000 0.8354 0.6298
-66.6000 0.7152 0.6352
-64.7000 0.6772 0.6370
-64.1000 0.6709 0.6388
-63.0000 0.6329 0.6316
-62.4000 0.4810 0.6279
-60.4000 0.2911 0.6207
-59.9000 0.3228 0.6207
-58.7000 0.2975 0.6098
-58.4000 0.2658 0.6044
-57.0000 0.0696 0.5989
-56.3000 0.0000 0.5880
-55.0000 -0.1899 0.5699
-54.6000 -0.2595 0.5572
-54.1000 -0.3671 0.5426
-52.8000 -0.4114 0.5281
-52.0000 -0.5316 0.5136
-52.1000 -0.6392 0.4936
-51.4000 -0.7089 0.4791
-50.0000 -0.8924 0.4628
-49.5000 -0.8101 0.4465
-49.4000 -0.8608 0.4229
-49.1000 -0.8861 0.4011
-48.5000 -1.0886 0.3757
-48.2000 -1.0063 0.3575
-48.2000 -1.1203 0.3376
-47.9000 -1.1013 0.3176
-48.3000 -1.1329 0.2922
-47.2000 -1.2215 0.2740
-47.3000 -1.2785 0.2468
-47.1000 -1.2975 0.2232
-47.3000 -1.2722 0.1942
-46.6000 -1.3291 0.1670
-46.2000 -1.2405 0.1506
-45.4000 -1.2722 0.1270
-45.4000 -1.2658 0.1071
-44.9000 -1.3038 0.0871
-44.2000 -1.2975 0.0653
-43.0000 -1.2215 0.0508
-42.5000 -1.1835 0.0309
-41.9000 -1.0886 0.0145
-41.5000 -1.1329 0.0054
-40.2000 -0.9810 0.0054
-39.6000 -0.9177 0.0018
-38.8000 -0.9177 0.0000
-38.3000 -0.8544 0.0000
-36.9000 -0.8861 0.0073
-35.3000 -0.6392 0.0145
-34.6000 -0.7152 0.0218
-34.1000 -0.6709 0.0363
-33.2000 -0.6456 0.0544
-31.4000 -0.5190 0.0871
-29.6000 -0.5253 0.1162
-28.7000 -0.5190 0.1416
-28.0000 -0.5253 0.1706
-26.6000 -0.5506 0.2033
-25.1000 -0.3671 0.2432
-23.8000 -0.3797 0.2831
-23.1000 -0.4177 0.3212
-22.3000 -0.5759 0.3666
-20.3000 -0.5949 0.4138
-19.7000 -0.5696 0.4664
-18.9000 -0.6013 0.5118
-17.8000 -0.6835 0.5608
-16.1000 -0.8544 0.6062
-15.2000 -0.8291 0.6570
-14.2000 -0.9747 0.6969
-13.5000 -1.0190 0.7477
-12.1000 -1.1772 0.7895
-10.1000 -1.3481 0.8348
-8.7000 -1.4873 0.8693
-7.7000 -1.6266 0.9020
-6.6000 -1.8924 0.9292
-4.5000 -2.2152 0.9492
-3.8000 -2.3418 0.9728
-2.8000 -2.5316 0.9909
-2.0000 -2.7532 1.0000
0.0000 -3.1582 1.0000
1.0000 -3.3481 1.0000
2.1000 -3.6646 0.9873
2.7000 -3.8797 0.9710
