0.9198 0.0009 0.2248
0.9282 0.0000 0.2145
0.9424 0.0105 0.1949
0.9507 0.0341 0.1954
0.9649 0.0323 0.1690
0.9741 0.0601 0.1665
0.9866 0.0587 0.1425
0.9916 0.0864 0.1322
0.9967 0.0933 0.1175
0.9983 0.1156 0.1004
1.0000 0.1401 0.0921
0.9975 0.1529 0.0710
0.9983 0.1847 0.0651
0.9942 0.2043 0.0504
0.9875 0.2348 0.0392
0.9758 0.2511 0.0274
0.9691 0.2875 0.0181
0.9524 0.3130 0.0108
0.9424 0.3412 0.0024
0.9256 0.3726 0.0010
0.9106 0.4058 0.0000
0.8906 0.4377 0.0000
0.8722 0.4663 0.0024
0.8471 0.5050 0.0113
0.8262 0.5441 0.0225
0.7978 0.5778 0.0343
0.7761 0.6119 0.0495
0.7452 0.6515 0.0705
0.7210 0.6897 0.0906
0.6909 0.7175 0.1117
0.6650 0.7498 0.1357
0.6341 0.7889 0.1665
0.6099 0.8244 0.1954
0.5831 0.8467 0.2267
0.5564 0.8740 0.2600
0.5221 0.9022 0.2958
0.4929 0.9213 0.3301
0.4586 0.9395 0.3678
0.4294 0.9609 0.4074
0.3952 0.9786 0.4491
0.3642 0.9904 0.4887
0.3350 0.9891 0.5289
0.2982 1.0000 0.5681
0.2715 0.9986 0.6097
0.2389 0.9982 0.6479
0.2105 0.9936 0.6890
0.1813 0.9936 0.7258
0.1587 0.9873 0.7630
0.1387 0.9686 0.7963
0.1119 0.9609 0.8291
0.0919 0.9454 0.8590
0.0693 0.9331 0.8854
0.0585 0.9104 0.9104
0.0359 0.8949 0.9329
0.0276 0.8813 0.9520
0.0192 0.8540 0.9662
0.0092 0.8353 0.9760
0.0017 0.8085 0.9853
0.0000 0.7907 0.9922
0.0017 0.7707 0.9971
0.0017 0.7530 0.9985
0.0067 0.7348 1.0000
0.0117 0.7188 0.9976
0.0192 0.6975 0.9936
0.0226 0.6838 0.9882
0.0343 0.6697 0.9853
0.0485 0.6579 0.9770
0.0526 0.6433 0.9721
0.0635 0.6369 0.9657
0.0769 0.6251 0.9579
0.0961 0.6137 0.9466
0.1028 0.6005 0.9368
0.1203 0.6001 0.9275
0.1337 0.5864 0.9182
0.1537 0.5755 0.9079
0.1646 0.5714 0.8981
0.1830 0.5623 0.8864
0.1988 0.5601 0.8776
0.2139 0.5555 0.8673
0.2289 0.5523 0.8614
0.2439 0.5514 0.8511
0.2607 0.5487 0.8443
0.2715 0.5464 0.8350
0.2849 0.5537 0.8315
0.3008 0.5469 0.8222
0.3175 0.5500 0.8178
0.3292 0.5573 0.8134
0.3425 0.5619 0.8090
0.3609 0.5560 0.8022
0.3751 0.5623 0.7992
0.3843 0.5637 0.7938
0.3943 0.5687 0.7875
0.4043 0.5628 0.7821
0.4119 0.5710 0.7786
0.4160 0.5742 0.7777
0.4185 0.5828 0.7752
0.4211 0.5851 0.7693
0.4261 0.5687 0.7591
0.4244 0.5778 0.7551
0.4269 0.5751 0.7488
