-0.1197 0.0000 0.9846
-0.1253 0.0134 0.9077
-0.1280 0.0290 0.9231
-0.1349 0.0434 0.8308
-0.1377 0.0568 0.8000
-0.1419 0.0708 0.7385
-0.1460 0.0874 0.7231
-0.1474 0.1024 0.7077
-0.1509 0.1190 0.6769
-0.1536 0.1319 0.6308
-0.1509 0.1464 0.6308
-0.1529 0.1587 0.5846
-0.1516 0.1775 0.6000
-0.1522 0.1930 0.5538
-0.1516 0.2091 0.5692
-0.1516 0.2225 0.5077
-0.1495 0.2391 0.5231
-0.1488 0.2536 0.4615
-0.1439 0.2692 0.4923
-0.1439 0.2831 0.4154
-0.1398 0.2987 0.4154
-0.1391 0.3142 0.3692
-0.1315 0.3282 0.4154
-0.1280 0.3426 0.4462
-0.1225 0.3571 0.4615
-0.1190 0.3721 0.5077
-0.1093 0.3877 0.4769
-0.1066 0.4000 0.4923
-0.0997 0.4139 0.5538
-0.0941 0.4290 0.5385
-0.0872 0.4461 0.5692
-0.0803 0.4595 0.5692
-0.0713 0.4745 0.6000
-0.0630 0.4874 0.5846
-0.0540 0.5046 0.5846
-0.0443 0.5153 0.5846
-0.0325 0.5324 0.6615
-0.0249 0.5458 0.6154
-0.0111 0.5619 0.6923
0.0000 0.5743 0.7077
0.0145 0.5893 0.7077
0.0249 0.6032 0.6923
0.0388 0.6182 0.6615
0.0491 0.6359 0.6308
0.0637 0.6472 0.6154
0.0761 0.6601 0.7077
0.0920 0.6735 0.7385
0.1066 0.6826 0.7077
0.1197 0.6938 0.8154
0.1336 0.7029 0.8462
0.1502 0.7137 0.8923
0.1619 0.7239 0.8923
0.1779 0.7340 0.9538
0.1931 0.7421 0.9538
0.2104 0.7571 0.9846
0.2249 0.7651 0.9385
0.2415 0.7759 0.9692
0.2561 0.7877 0.8769
0.2727 0.7979 0.9231
0.2844 0.8075 0.9231
0.3024 0.8161 0.9077
0.3163 0.8247 0.8615
0.3329 0.8332 0.8923
0.3474 0.8418 0.8462
0.3654 0.8466 0.8923
0.3806 0.8531 0.9385
0.3958 0.8574 0.9692
0.4118 0.8649 1.0000
0.4277 0.8718 0.9692
0.4429 0.8761 0.9846
0.4609 0.8853 1.0000
0.4761 0.8922 0.9077
0.4941 0.8981 0.9077
0.5093 0.9067 0.8154
0.5294 0.9126 0.8154
0.5467 0.9169 0.8308
0.5668 0.9260 0.7538
0.5827 0.9282 0.7077
0.6014 0.9351 0.7077
0.6201 0.9405 0.6462
0.6388 0.9448 0.6000
0.6567 0.9507 0.5538
0.6768 0.9544 0.5846
0.6955 0.9560 0.5692
0.7135 0.9625 0.6000
0.7315 0.9646 0.5385
0.7509 0.9684 0.5385
0.7682 0.9727 0.5231
0.7869 0.9743 0.5231
0.8048 0.9775 0.4615
0.8256 0.9818 0.4462
0.8450 0.9828 0.4154
0.8644 0.9871 0.3692
0.8824 0.9903 0.3077
0.9038 0.9930 0.2615
0.9204 0.9946 0.1692
0.9419 0.9962 0.1077
0.9612 0.9989 0.0154
0.9813 1.0000 0.0615
1.0000 0.9979 0.0000
