1.0000 0.6390 0.0531
0.9755 0.6698 0.0265
0.9706 0.7126 0.0000
0.9706 0.7316 0.0000
0.9559 0.7363 0.0354
0.9363 0.7815 0.0398
0.9314 0.8100 0.0354
0.9363 0.8409 0.0354
0.9461 0.8622 0.0531
0.9363 0.8622 0.0929
0.9216 0.8907 0.1239
0.8922 0.9074 0.0973
0.9118 0.9454 0.1150
0.8971 0.9501 0.1460
0.9118 0.9501 0.2124
0.8922 0.9549 0.2434
0.8873 0.9739 0.2434
0.8824 0.9905 0.2345
0.8775 1.0000 0.2920
0.8529 0.9810 0.3230
0.8284 0.9715 0.3894
0.8088 0.9525 0.4204
0.8039 0.9691 0.4381
0.7794 0.9810 0.4690
0.7696 0.9667 0.5354
0.7353 0.9715 0.5796
0.7500 0.9264 0.6504
0.7010 0.9501 0.6195
0.6912 0.9525 0.6770
0.6667 0.9287 0.6991
0.6373 0.9311 0.7611
0.6176 0.9074 0.7876
0.6373 0.9050 0.8186
0.6471 0.8884 0.8496
0.6569 0.8836 0.8540
0.6373 0.8812 0.8628
0.6373 0.8385 0.9159
0.6225 0.8147 0.9248
0.6422 0.7838 0.9381
0.5980 0.7957 0.9381
0.5980 0.7743 0.9735
0.5735 0.7411 0.9779
0.5686 0.7221 1.0000
0.5588 0.6888 0.9956
0.5490 0.6912 0.9956
0.5196 0.6722 0.9513
0.5000 0.6390 0.9823
0.4804 0.6010 0.9956
0.4706 0.5843 0.9735
0.4216 0.5938 0.9513
0.4363 0.5796 0.9381
0.4118 0.5629 0.9248
0.4363 0.5226 0.9248
0.3873 0.5226 0.8982
0.3873 0.5083 0.8673
0.3578 0.4941 0.8407
0.3578 0.4656 0.8496
0.3333 0.4323 0.8230
0.3137 0.4513 0.8142
0.3039 0.4466 0.7699
0.2941 0.4252 0.7655
0.2990 0.3824 0.7566
0.2647 0.3990 0.7080
0.2451 0.3800 0.6903
0.2402 0.3682 0.6681
0.2255 0.3539 0.6416
0.2353 0.3278 0.6504
0.2353 0.3539 0.5752
0.2549 0.3444 0.5487
0.2451 0.3444 0.5177
0.2745 0.3135 0.5354
0.2549 0.2850 0.5044
0.2647 0.3159 0.4779
0.2353 0.3088 0.4336
0.2500 0.3040 0.4204
0.2402 0.2850 0.4292
0.2696 0.2518 0.4159
0.2402 0.2755 0.3805
0.2647 0.2803 0.3584
0.2598 0.2684 0.3407
0.2598 0.2375 0.3451
0.2696 0.2185 0.3319
0.2647 0.2138 0.2965
0.2647 0.2233 0.2699
0.2696 0.2138 0.2611
0.2794 0.1758 0.2788
0.2990 0.1734 0.2566
0.2843 0.1591 0.2168
0.2941 0.1686 0.1947
0.2745 0.1520 0.1814
0.2696 0.1188 0.1903
0.2451 0.1093 0.1770
0.2304 0.0903 0.1770
0.2108 0.0903 0.1372
0.1716 0.0879 0.1593
0.1520 0.0784 0.1150
0.1275 0.0309 0.1814
0.0882 0.0095 0.1416
0.0637 0.0095 0.1195
0.0000 0.0000 0.1106
