0.00458015 0.98467433 1.00000000
0.00000000 1.00000000 0.98421053
0.00763359 0.98850575 0.97631579
0.00916031 0.96551724 0.95789474
0.01984733 0.95019157 0.94736842
0.01984733 0.96551724 0.93157895
0.02900763 0.96168582 0.92368421
0.03358779 0.95019157 0.91052632
0.04427481 0.93486590 0.89473684
0.05038168 0.93103448 0.88157895
0.06564885 0.93486590 0.87631579
0.06564885 0.93869732 0.86052632
0.07938931 0.91570881 0.84210526
0.08091603 0.89655172 0.83684211
0.09465649 0.91187739 0.82368421
0.09465649 0.91570881 0.80526316
0.10992366 0.91187739 0.78947368
0.10839695 0.88505747 0.77368421
0.12061069 0.87739464 0.76842105
0.12519084 0.86973180 0.74473684
0.13435115 0.85823755 0.73947368
0.13435115 0.86973180 0.71842105
0.14198473 0.86973180 0.71315789
0.14503817 0.86590038 0.69473684
0.15419847 0.85057471 0.67894737
0.15267176 0.86206897 0.66315789
0.16335878 0.84291188 0.65789474
0.16183206 0.81609195 0.64473684
0.17557252 0.81992337 0.61315789
0.17251908 0.83524904 0.59736842
0.17862595 0.81609195 0.58947368
0.18015267 0.80076628 0.57368421
0.19236641 0.80842912 0.55526316
0.19236641 0.82758621 0.52894737
0.20152672 0.83141762 0.51315789
0.20458015 0.81226054 0.50263158
0.21526718 0.80076628 0.48157895
0.22290076 0.80076628 0.45789474
0.23206107 0.82375479 0.44473684
0.23358779 0.81609195 0.42894737
0.24427481 0.79693487 0.41578947
0.25343511 0.78927203 0.39473684
0.26717557 0.80076628 0.37631579
0.27480916 0.80842912 0.36052632
0.28244275 0.79693487 0.35526316
0.29618321 0.77011494 0.33684211
0.30687023 0.75478927 0.32631579
0.31297710 0.76628352 0.30789474
0.32366412 0.76628352 0.29473684
0.33129771 0.74329502 0.28947368
0.34503817 0.73563218 0.26578947
0.35267176 0.74329502 0.25263158
0.36488550 0.73563218 0.24473684
0.37404580 0.73180077 0.23684211
0.38931298 0.70881226 0.22631579
0.39847328 0.69348659 0.21052632
0.41374046 0.71264368 0.20263158
0.41984733 0.71647510 0.18684211
0.43206107 0.69348659 0.18684211
0.44427481 0.67816092 0.17105263
0.45496183 0.67049808 0.16315789
0.46564885 0.66283525 0.14736842
0.47938931 0.66666667 0.14736842
0.49007634 0.63984674 0.13684211
0.50381679 0.62452107 0.12894737
0.51908397 0.60536398 0.13421053
0.53435115 0.59003831 0.11842105
0.54198473 0.58237548 0.11052632
0.55419847 0.55938697 0.10263158
0.56641221 0.54789272 0.08684211
0.58473282 0.53256705 0.08421053
0.59541985 0.53256705 0.07368421
0.61068702 0.49808429 0.07368421
0.61832061 0.49042146 0.06578947
0.63816794 0.47126437 0.05526316
0.64732824 0.46360153 0.05526316
0.66717557 0.44061303 0.05263158
0.67786260 0.42528736 0.04210526
0.69160305 0.41762452 0.03684211
0.70839695 0.40229885 0.02894737
0.72213740 0.39846743 0.03157895
0.73587786 0.39463602 0.02631579
0.74809160 0.37164751 0.02105263
0.76183206 0.34099617 0.01578947
0.77251908 0.32950192 0.02105263
0.78778626 0.30651341 0.01315789
0.80305344 0.28352490 0.01315789
0.81984733 0.27969349 0.00789474
0.83358779 0.24521073 0.00526316
0.84427481 0.24904215 0.00263158
0.86259542 0.22605364 0.00263158
0.87328244 0.21072797 0.00000000
0.88854962 0.18007663 0.00263158
0.90229008 0.14942529 0.00789474
0.92061069 0.13409962 0.00263158
0.93282443 0.10727969 0.00263158
0.94961832 0.08429119 0.00526316
0.96488550 0.06130268 0.00789474
0.98320611 0.02681992 0.01052632
1.00000000 0.00000000 0.01052632
