1.0000 0.8579 0.0061
0.9184 0.8782 0.0000
0.9320 0.9086 0.0545
0.8639 0.9086 0.0606
0.8707 0.9239 0.1030
0.8027 0.9289 0.1030
0.8095 0.9188 0.1455
0.7347 0.9492 0.1333
0.7483 0.9188 0.1939
0.6871 0.9036 0.1697
0.6939 0.8985 0.2364
0.6395 0.8883 0.2303
0.6327 0.8934 0.2848
0.5714 0.9086 0.2727
0.5782 0.8934 0.3212
0.5374 0.9239 0.3091
0.5238 0.9289 0.3758
0.4762 0.9746 0.3576
0.4558 0.9746 0.4242
0.4218 0.9949 0.4242
0.4354 0.9949 0.4788
0.3946 0.9949 0.4727
0.3946 1.0000 0.5455
0.3537 0.9848 0.5091
0.3605 0.9442 0.5879
0.3197 0.9543 0.5758
0.3197 0.9036 0.6242
0.2857 0.9340 0.5758
0.2857 0.8782 0.6485
0.2585 0.8934 0.6061
0.2517 0.8731 0.6909
0.2517 0.9036 0.6303
0.2041 0.8731 0.7212
0.1973 0.8934 0.6485
0.1837 0.8528 0.7455
0.1837 0.8934 0.6727
0.1769 0.8528 0.7758
0.1905 0.8731 0.6970
0.1905 0.8274 0.7939
0.1905 0.8680 0.7091
0.1633 0.8122 0.8061
0.1701 0.8426 0.7212
0.1361 0.7919 0.8242
0.1224 0.8223 0.7212
0.1156 0.7614 0.8424
0.1156 0.7919 0.7273
0.1020 0.7462 0.8364
0.1156 0.7716 0.7515
0.0952 0.7462 0.8667
0.0952 0.7817 0.7515
0.0884 0.7360 0.8909
0.0952 0.7665 0.7818
0.0680 0.7310 0.9273
0.0884 0.7563 0.7939
0.0748 0.7259 0.9333
0.0680 0.7716 0.7939
0.0476 0.7056 0.9394
0.0748 0.7563 0.8000
0.0680 0.7157 0.9515
0.0816 0.7157 0.8121
0.0680 0.6701 0.9697
0.0544 0.7005 0.8121
0.0272 0.6447 0.9697
0.0476 0.6396 0.8000
0.0204 0.5838 0.9758
0.0476 0.5787 0.7818
0.0204 0.5533 0.9697
0.0544 0.5584 0.7818
0.0340 0.5178 0.9636
0.0340 0.5381 0.7879
0.0000 0.5228 0.9879
0.0272 0.5584 0.7939
0.0068 0.5076 1.0000
0.0272 0.5330 0.7818
0.0204 0.4619 1.0000
0.0476 0.4822 0.8061
0.0408 0.4467 1.0000
0.0340 0.4924 0.7879
0.0272 0.4619 1.0000
0.0340 0.4772 0.7758
0.0272 0.4162 1.0000
0.0340 0.4213 0.7576
0.0204 0.3756 0.9818
0.0204 0.3706 0.7455
0.0068 0.3299 0.9697
0.0000 0.3909 0.7273
0.0000 0.2995 0.9636
0.0408 0.3350 0.7394
0.0340 0.2487 0.9697
0.0476 0.2792 0.7273
0.0340 0.1929 0.9455
0.0476 0.2640 0.7030
0.0340 0.1421 0.9091
0.0612 0.2183 0.6667
0.0612 0.1066 0.8909
0.0884 0.1827 0.6545
0.0748 0.0406 0.8545
0.0816 0.1523 0.6121
0.0612 0.0000 0.8061
0.0680 0.1015 0.5636
