0.0794 0.0057 0.0000
0.0794 0.0115 0.0050
0.0794 0.0086 0.0100
0.0635 0.0201 0.0200
0.0635 0.0287 0.0266
0.0635 0.0315 0.0300
0.0635 0.0372 0.0433
0.0317 0.0287 0.0532
0.0794 0.0287 0.0599
0.0476 0.0401 0.0682
0.0317 0.0344 0.0815
0.0317 0.0315 0.0948
0.0476 0.0258 0.1065
0.0000 0.0315 0.1231
0.0476 0.0086 0.1298
0.0159 0.0229 0.1414
0.0476 0.0143 0.1498
0.0635 0.0000 0.1597
0.0952 0.0143 0.1664
0.0952 0.0229 0.1797
0.0952 0.0372 0.1847
0.1111 0.0287 0.1913
0.1587 0.0458 0.2013
0.1429 0.0315 0.2080
0.1587 0.0401 0.2230
0.1587 0.0487 0.2313
0.2063 0.0487 0.2429
0.1905 0.0458 0.2546
0.2222 0.0430 0.2662
0.2222 0.0401 0.2795
0.2540 0.0372 0.2895
0.2540 0.0516 0.2945
0.2698 0.0659 0.3012
0.3333 0.0716 0.3111
0.3968 0.0688 0.3245
0.3968 0.0688 0.3394
0.4921 0.0774 0.3494
0.4127 0.0802 0.3611
0.3968 0.0974 0.3727
0.3492 0.1032 0.3827
0.4127 0.1089 0.4010
0.3968 0.1060 0.4143
0.4127 0.1003 0.4326
0.3810 0.1060 0.4426
0.4127 0.1261 0.4526
0.4127 0.1347 0.4626
0.4286 0.1404 0.4792
0.5079 0.1433 0.4859
0.4603 0.1519 0.5025
0.5079 0.1433 0.5108
0.5714 0.1490 0.5275
0.5873 0.1605 0.5324
0.6349 0.1805 0.5458
0.6349 0.1777 0.5591
0.6825 0.1777 0.5724
0.6825 0.1920 0.5874
0.7460 0.2006 0.5957
0.7460 0.2063 0.6123
0.8413 0.2034 0.6290
0.8095 0.2092 0.6389
0.8889 0.1977 0.6522
0.8730 0.2292 0.6606
0.9524 0.2178 0.6672
0.9365 0.2579 0.6772
1.0000 0.2464 0.6855
0.9683 0.2722 0.6955
0.9841 0.2693 0.7055
0.9365 0.2951 0.7155
0.9683 0.3209 0.7188
0.8889 0.3410 0.7288
0.9365 0.3438 0.7421
0.8889 0.3496 0.7554
0.9048 0.3553 0.7654
0.8413 0.3668 0.7737
0.8413 0.4069 0.7787
0.7937 0.4298 0.7837
0.7619 0.4613 0.7937
0.6984 0.4756 0.8003
0.7302 0.4986 0.8103
0.6984 0.5244 0.8120
0.6984 0.5358 0.8253
0.7143 0.5616 0.8286
0.6825 0.5817 0.8403
0.6667 0.6103 0.8486
0.6190 0.6332 0.8619
0.6190 0.6533 0.8752
0.6984 0.6848 0.8802
0.5873 0.7049 0.8918
0.5873 0.7106 0.9052
0.5238 0.7364 0.9135
0.5238 0.7650 0.9235
0.4286 0.7966 0.9334
0.4444 0.8195 0.9418
0.3810 0.8367 0.9517
0.3968 0.8625 0.9601
0.3651 0.8911 0.9684
0.3810 0.9341 0.9734
0.2857 0.9570 0.9817
0.3333 0.9799 0.9967
0.2698 1.0000 1.0000
