1.00000000 0.00000000 1.00000000
0.97560976 0.01278772 0.97572816
0.97560976 0.02557545 0.97087379
0.94634146 0.03324808 0.94660194
0.93658537 0.03324808 0.93689320
0.92195122 0.04092072 0.92718447
0.90731707 0.05370844 0.92718447
0.88780488 0.06649616 0.89805825
0.87317073 0.06649616 0.89805825
0.85365854 0.06905371 0.88349515
0.83414634 0.07928389 0.88349515
0.80487805 0.08695652 0.87378641
0.80000000 0.08184143 0.87864078
0.76097561 0.09718670 0.85922330
0.75121951 0.10230179 0.86407767
0.72682927 0.10997442 0.83495146
0.71707317 0.12020460 0.83495146
0.70243902 0.12276215 0.82038835
0.70243902 0.13043478 0.81553398
0.68292683 0.15089514 0.77184466
0.68292683 0.15601023 0.76699029
0.65853659 0.16368286 0.74271845
0.65853659 0.18670077 0.73300971
0.62926829 0.19437340 0.71844660
0.61951220 0.19693095 0.70873786
0.60487805 0.20971867 0.68446602
0.60487805 0.21994885 0.67961165
0.58536585 0.22762148 0.66019417
0.57560976 0.22762148 0.66019417
0.56097561 0.23017903 0.64563107
0.55121951 0.25063939 0.64563107
0.51707317 0.26086957 0.63592233
0.49756098 0.26086957 0.64077670
0.47317073 0.26598465 0.63592233
0.46341463 0.27109974 0.63592233
0.44390244 0.28132992 0.62135922
0.43902439 0.28900256 0.60194175
0.42926829 0.29411765 0.57766990
0.42926829 0.30946292 0.57281553
0.40000000 0.32225064 0.54368932
0.39512195 0.34015345 0.53883495
0.38048780 0.35038363 0.50970874
0.37560976 0.37340153 0.50000000
0.35609756 0.39130435 0.46116505
0.36585366 0.41943734 0.45145631
0.35609756 0.42455243 0.45145631
0.39024390 0.44245524 0.42718447
0.37073171 0.45780051 0.41262136
0.37560976 0.45780051 0.41747573
0.36097561 0.46291560 0.39320388
0.36097561 0.47058824 0.38834951
0.34634146 0.48337596 0.36407767
0.35121951 0.49872123 0.35922330
0.33170732 0.50383632 0.35436893
0.31707317 0.52173913 0.35922330
0.28780488 0.52941176 0.33980583
0.27804878 0.53964194 0.33495146
0.25853659 0.56010230 0.30097087
0.25853659 0.57033248 0.29611650
0.23902439 0.59079284 0.24757282
0.24878049 0.60102302 0.26699029
0.20975610 0.61381074 0.23300971
0.20975610 0.61892583 0.24757282
0.17073171 0.63171355 0.23786408
0.16585366 0.63938619 0.24271845
0.14634146 0.64961637 0.23300971
0.13658537 0.65473146 0.23786408
0.12195122 0.66751918 0.21359223
0.11707317 0.67263427 0.20388350
0.09268293 0.68542199 0.19902913
0.08780488 0.69565217 0.20388350
0.05853659 0.71099744 0.17961165
0.05365854 0.71867008 0.18932039
0.02439024 0.72890026 0.18932039
0.02926829 0.74680307 0.18932039
0.00975610 0.75703325 0.15048544
0.01951220 0.77493606 0.15048544
0.01463415 0.79028133 0.13592233
0.01951220 0.79283887 0.13592233
0.00975610 0.79795396 0.14077670
0.01951220 0.80306905 0.14563107
0.01463415 0.81585678 0.13106796
0.01951220 0.81585678 0.15048544
0.00000000 0.82608696 0.13106796
0.00000000 0.84143223 0.15048544
0.00000000 0.84143223 0.14077670
0.01463415 0.84910486 0.14563107
0.01951220 0.85677749 0.11650485
0.03414634 0.86189258 0.12135922
0.01951220 0.87723785 0.11165049
0.02926829 0.89258312 0.10679612
0.00487805 0.90025575 0.08737864
0.02439024 0.91304348 0.09223301
0.01463415 0.93606138 0.06796117
0.02439024 0.94117647 0.06310680
0.01951220 0.94884910 0.05339806
0.03414634 0.96930946 0.03883495
0.01951220 0.97698210 0.01941748
0.00975610 0.98209719 0.02427184
0.00000000 1.00000000 0.00000000
