1.0000 0.1879 1.0000
0.9607 0.3182 0.9665
0.9226 0.3424 0.9358
0.8833 0.3545 0.9158
0.8636 0.3636 0.8837
0.8317 0.4152 0.8616
0.8059 0.4697 0.8359
0.7727 0.4545 0.8188
0.7580 0.5091 0.7960
0.7236 0.5515 0.7782
0.7015 0.5758 0.7653
0.6757 0.5485 0.7496
0.6695 0.6061 0.7304
0.6413 0.6939 0.7126
0.6253 0.6879 0.7026
0.6118 0.7000 0.6876
0.5983 0.7333 0.6762
0.5823 0.7879 0.6669
0.5688 0.7636 0.6612
0.5541 0.8030 0.6455
0.5418 0.8424 0.6369
0.5197 0.8545 0.6305
0.5049 0.8394 0.6298
0.4988 0.8576 0.6205
0.4816 0.8697 0.6163
0.4607 0.9182 0.6148
0.4435 0.9152 0.6098
0.4349 0.9273 0.6063
0.4238 0.9212 0.5999
0.4054 0.9545 0.6034
0.4042 0.9515 0.5934
0.3956 0.9545 0.5970
0.3919 0.9818 0.5884
0.3784 0.9364 0.5899
0.3759 0.9818 0.5777
0.3587 0.9091 0.5820
0.3501 1.0000 0.5720
0.3317 0.8939 0.5742
0.3329 0.9485 0.5621
0.3120 0.9152 0.5563
0.2998 0.9182 0.5506
0.2838 0.9000 0.5428
0.2727 0.8788 0.5378
0.2580 0.9182 0.5321
0.2445 0.8848 0.5300
0.2396 0.8909 0.5221
0.2322 0.9242 0.5100
0.2101 0.9333 0.5057
0.1966 0.9030 0.4986
0.1867 0.9121 0.4922
0.1781 0.9455 0.4829
0.1572 0.9364 0.4836
0.1548 0.9667 0.4722
0.1425 0.9758 0.4672
0.1278 0.9818 0.4636
0.1167 0.9091 0.4586
0.1130 0.9667 0.4515
0.1007 0.9333 0.4429
0.0958 0.9939 0.4458
0.0897 0.9273 0.4322
0.0872 0.9636 0.4358
0.0823 0.9091 0.4187
0.0713 0.9364 0.4308
0.0700 0.8515 0.4066
0.0614 0.9152 0.4223
0.0553 0.8303 0.3966
0.0467 0.8576 0.4208
0.0467 0.7758 0.3830
0.0393 0.8455 0.4058
0.0344 0.7667 0.3688
0.0246 0.7727 0.3959
0.0295 0.7000 0.3545
0.0246 0.7152 0.3802
0.0172 0.6667 0.3452
0.0160 0.6303 0.3645
0.0184 0.6242 0.3295
0.0172 0.5424 0.3424
0.0086 0.5606 0.3181
0.0098 0.4606 0.3224
0.0049 0.5061 0.3031
0.0098 0.4091 0.3024
0.0000 0.4636 0.2882
0.0049 0.3485 0.2810
0.0000 0.3848 0.2718
0.0098 0.2697 0.2582
0.0012 0.3485 0.2511
0.0111 0.2455 0.2340
0.0184 0.2909 0.2282
0.0307 0.2000 0.2111
0.0270 0.2333 0.2033
0.0393 0.1424 0.1783
0.0442 0.1818 0.1676
0.0504 0.1182 0.1412
0.0455 0.1091 0.1348
0.0541 0.0485 0.1091
0.0577 0.0455 0.0984
0.0700 0.0273 0.0663
0.0602 0.0273 0.0499
0.0639 0.0212 0.0207
0.0676 0.0000 0.0000
