1.0000 1.0000 0.6765
0.9800 0.9703 0.7059
0.9500 0.9407 0.7206
0.9500 0.9258 0.7500
0.8900 0.8932 0.7647
0.8900 0.8783 0.8235
0.8400 0.8546 0.8529
0.8500 0.8190 0.8971
0.8200 0.8101 0.9118
0.8200 0.7804 0.9118
0.8100 0.7596 0.8676
0.8200 0.7448 0.9118
0.7700 0.7033 0.8676
0.7800 0.6766 0.9118
0.7400 0.6588 0.8971
0.7400 0.6113 1.0000
0.7400 0.5905 0.8971
0.7100 0.5786 0.9265
0.6600 0.5549 0.8676
0.6600 0.5401 0.8824
0.6100 0.5074 0.8088
0.6100 0.4807 0.8382
0.5400 0.4599 0.7794
0.5400 0.4332 0.8088
0.4800 0.4095 0.7353
0.5100 0.4006 0.7206
0.4600 0.3769 0.6324
0.4700 0.3561 0.6324
0.4500 0.3294 0.5441
0.4300 0.2997 0.5735
0.3900 0.2789 0.4706
0.4100 0.2463 0.4706
0.3300 0.2196 0.4118
0.3600 0.2107 0.4265
0.3200 0.1840 0.3382
0.3200 0.1543 0.3088
0.2400 0.1365 0.2500
0.2200 0.1157 0.2353
0.1900 0.0979 0.1765
0.1700 0.0831 0.1765
0.1400 0.0712 0.1176
0.1000 0.0593 0.1471
0.0900 0.0564 0.0588
0.0900 0.0475 0.1029
0.0400 0.0475 0.0294
0.0300 0.0297 0.0882
0.0300 0.0237 0.0441
0.0400 0.0119 0.0735
0.0100 0.0119 0.0294
0.0300 0.0059 0.0588
0.0300 0.0089 0.0588
0.0600 0.0059 0.0735
0.0400 -0.0000 0.0588
0.0800 0.0059 0.0588
0.0600 0.0089 0.0588
0.0700 0.0030 0.0588
0.0600 0.0059 0.0441
0.0700 0.0119 0.0735
0.0500 0.0178 0.0294
0.0600 0.0237 0.0588
0.0500 0.0356 0.0147
0.0300 0.0297 0.0294
0.0300 0.0326 0.0147
0.0100 0.0326 0.0294
0.0300 0.0386 0.0000
0.0300 0.0356 0.1029
0.0500 0.0326 0.0000
0.0300 0.0297 0.0294
0.0300 0.0356 0.0000
0.0400 0.0267 0.0294
0.0500 0.0297 0.0147
0.0700 0.0208 0.0294
0.0400 0.0208 0.0147
0.0600 0.0089 0.0588
0.0500 0.0059 0.0294
0.0500 0.0059 0.0294
0.0300 0.0059 0.0294
0.0700 -0.0000 0.0882
0.0400 0.0089 0.0441
0.0600 0.0089 0.0735
0.0300 0.0119 0.0294
0.0300 0.0208 0.0588
0.0300 0.0297 0.0441
0.0300 0.0326 0.0588
0.0000 0.0356 0.0294
0.0200 0.0267 0.0441
0.0000 0.0356 0.0147
0.0200 0.0267 0.0441
0.0200 0.0297 0.0147
0.0200 0.0178 0.0588
0.0300 0.0208 0.0294
0.0300 0.0119 0.0735
0.0500 0.0148 0.0441
0.0400 0.0030 0.0882
0.0400 0.0089 0.0294
0.0400 0.0030 0.0882
0.0400 0.0089 0.0294
0.0400 0.0059 0.0735
0.0300 0.0148 0.0588
0.0200 0.0089 0.0588
