0.9783 0.0197 0.9815
0.9130 0.0329 0.9907
1.0000 0.0000 0.9630
0.9348 0.0197 0.9815
0.9891 0.0066 0.9444
0.9348 0.0066 1.0000
1.0000 0.0395 0.9352
0.9022 0.0526 0.9352
0.9783 0.0329 0.8981
0.9022 0.0263 0.9074
0.9457 0.0395 0.8889
0.8696 0.0592 0.8981
0.9022 0.0724 0.8889
0.8370 0.0855 0.8704
0.9022 0.0921 0.8519
0.8261 0.0987 0.8426
0.8804 0.0789 0.8241
0.8152 0.1053 0.8241
0.8478 0.0987 0.8333
0.7826 0.1118 0.8333
0.8370 0.1118 0.8056
0.7717 0.1053 0.8056
0.8261 0.0921 0.7778
0.7500 0.1118 0.7963
0.7935 0.1118 0.7685
0.7391 0.1579 0.7593
0.7717 0.1382 0.7315
0.7065 0.1513 0.7315
0.7500 0.1776 0.7037
0.6739 0.2039 0.7130
0.7174 0.2039 0.6944
0.6630 0.2171 0.7222
0.7065 0.2303 0.6759
0.6413 0.2368 0.6852
0.6957 0.2632 0.6667
0.6413 0.2895 0.6481
0.6848 0.2829 0.6481
0.6413 0.2829 0.6481
0.6848 0.2895 0.6204
0.6304 0.3092 0.6019
0.6522 0.3158 0.5741
0.6304 0.3158 0.5741
0.6630 0.2961 0.5648
0.6087 0.3289 0.5648
0.6413 0.3553 0.5370
0.6196 0.3750 0.5463
0.6196 0.3684 0.5278
0.5978 0.3947 0.5278
0.6413 0.4474 0.4907
0.5870 0.4737 0.5000
0.6413 0.4671 0.4722
0.5870 0.4539 0.4722
0.6413 0.4737 0.4537
0.5652 0.4934 0.4444
0.6087 0.4934 0.4167
0.5652 0.4671 0.4352
0.6196 0.5066 0.3981
0.5435 0.5132 0.3796
0.5543 0.5329 0.3796
0.5000 0.5395 0.3611
0.5217 0.5526 0.3426
0.4783 0.5724 0.3426
0.4783 0.5921 0.3241
0.4457 0.5987 0.3241
0.4565 0.5921 0.3056
0.4239 0.6118 0.2963
0.4130 0.6250 0.2778
0.3804 0.6382 0.2500
0.4239 0.6382 0.2407
0.3696 0.6316 0.2407
0.3804 0.6513 0.2315
0.3261 0.6711 0.2315
0.3587 0.6645 0.2037
0.3261 0.6842 0.2222
0.3370 0.6974 0.1944
0.3152 0.7368 0.2037
0.3261 0.7566 0.1852
0.2935 0.7763 0.1759
0.2826 0.8026 0.1759
0.2826 0.8158 0.1759
0.2826 0.8026 0.1574
0.2391 0.8158 0.1389
0.2717 0.8092 0.1481
0.2391 0.8092 0.1296
0.2283 0.8092 0.1389
0.1957 0.8289 0.1111
0.2174 0.8421 0.1111
0.1739 0.8553 0.1019
0.1739 0.8553 0.1019
0.1304 0.8750 0.0741
0.1304 0.9013 0.0926
0.0870 0.9145 0.0741
0.0870 0.9342 0.0556
0.0543 0.9803 0.0370
0.0543 0.9539 0.0463
0.0326 0.9737 0.0370
0.0435 0.9605 0.0278
0.0000 0.9803 0.0185
0.0217 0.9671 0.0000
0.0217 1.0000 0.0000
