0.06000000 0.19402985 0.31111111
0.06000000 0.16417910 0.28888889
0.10000000 0.13432836 0.22222222
0.10000000 0.05970149 0.28888889
0.10000000 0.10447761 0.15555556
0.06000000 0.05970149 0.20000000
0.12000000 0.23880597 0.20000000
0.10000000 0.14925373 0.20000000
0.12000000 0.22388060 0.17777778
0.14000000 0.07462687 0.24444444
0.10000000 0.17910448 0.15555556
0.10000000 0.05970149 0.22222222
0.08000000 0.16417910 0.11111111
0.00000000 0.08955224 0.17777778
0.06000000 0.10447761 0.11111111
0.02000000 0.02985075 0.22222222
0.14000000 0.07462687 0.15555556
0.08000000 0.00000000 0.24444444
0.16000000 0.01492537 0.13333333
0.10000000 0.04477612 0.24444444
0.16000000 0.08955224 0.13333333
0.16000000 0.13432836 0.26666667
0.20000000 0.11940299 0.13333333
0.26000000 0.11940299 0.26666667
0.30000000 0.07462687 0.11111111
0.26000000 0.13432836 0.20000000
0.18000000 0.19402985 0.11111111
0.22000000 0.22388060 0.22222222
0.22000000 0.25373134 0.06666667
0.32000000 0.19402985 0.24444444
0.30000000 0.16417910 0.11111111
0.36000000 0.13432836 0.20000000
0.32000000 0.14925373 0.06666667
0.38000000 0.19402985 0.20000000
0.40000000 0.23880597 0.06666667
0.54000000 0.25373134 0.17777778
0.46000000 0.23880597 0.00000000
0.56000000 0.16417910 0.20000000
0.46000000 0.16417910 0.04444444
0.54000000 0.16417910 0.24444444
0.42000000 0.23880597 0.08888889
0.56000000 0.28358209 0.26666667
0.48000000 0.20895522 0.08888889
0.68000000 0.22388060 0.28888889
0.60000000 0.16417910 0.13333333
0.68000000 0.22388060 0.37777778
0.60000000 0.20895522 0.15555556
0.74000000 0.38805970 0.31111111
0.64000000 0.29850746 0.13333333
0.78000000 0.41791045 0.28888889
0.64000000 0.23880597 0.15555556
0.80000000 0.35820896 0.31111111
0.62000000 0.25373134 0.17777778
0.80000000 0.47761194 0.31111111
0.62000000 0.34328358 0.15555556
0.86000000 0.47761194 0.31111111
0.70000000 0.22388060 0.15555556
0.92000000 0.41791045 0.31111111
0.74000000 0.20895522 0.20000000
0.94000000 0.50746269 0.33333333
0.80000000 0.28358209 0.22222222
0.98000000 0.56716418 0.31111111
0.82000000 0.20895522 0.24444444
0.96000000 0.50746269 0.37777778
0.74000000 0.22388060 0.26666667
0.94000000 0.61194030 0.40000000
0.72000000 0.26865672 0.33333333
0.94000000 0.68656716 0.44444444
0.80000000 0.25373134 0.42222222
1.00000000 0.62686567 0.44444444
0.78000000 0.20895522 0.42222222
0.96000000 0.68656716 0.42222222
0.78000000 0.35820896 0.44444444
1.00000000 0.86567164 0.44444444
0.80000000 0.35820896 0.44444444
1.00000000 0.82089552 0.42222222
0.78000000 0.34328358 0.42222222
0.94000000 0.86567164 0.37777778
0.78000000 0.46268657 0.51111111
0.96000000 0.95522388 0.40000000
0.72000000 0.46268657 0.57777778
0.96000000 0.88059701 0.44444444
0.74000000 0.43283582 0.55555556
0.94000000 0.88059701 0.40000000
0.76000000 0.46268657 0.62222222
0.96000000 0.94029851 0.46666667
0.76000000 0.47761194 0.68888889
0.86000000 0.91044776 0.48888889
0.66000000 0.43283582 0.75555556
0.76000000 0.98507463 0.53333333
0.66000000 0.49253731 0.91111111
0.82000000 1.00000000 0.62222222
0.70000000 0.44776119 0.93333333
0.78000000 0.82089552 0.62222222
0.64000000 0.46268657 0.91111111
0.76000000 0.83582090 0.71111111
0.70000000 0.55223881 1.00000000
0.76000000 0.77611940 0.60000000
0.60000000 0.50746269 1.00000000
0.70000000 0.73134328 0.62222222
