0.88025210 0.00000000 0.15136755
0.90546218 0.01369356 0.13600599
0.93067227 0.03256847 0.12326714
0.94957983 0.04996299 0.10902960
0.97058824 0.06698742 0.09104534
0.98739496 0.08438194 0.07718247
1.00000000 0.10880829 0.06294492
0.99579832 0.13138416 0.04983140
0.99369748 0.15358993 0.03634320
0.99579832 0.18319763 0.02959910
0.98739496 0.20725389 0.02023230
0.98109244 0.23797187 0.01124016
0.97058824 0.26535899 0.00412139
0.94747899 0.30199852 0.00187336
0.93277311 0.33678756 0.00112402
0.90756303 0.36898594 0.00000000
0.88235294 0.40488527 0.00262271
0.85504202 0.44041451 0.00861746
0.82773109 0.47890452 0.01611090
0.80042017 0.51147298 0.02472836
0.76260504 0.55070318 0.03671787
0.74159664 0.59030348 0.05320345
0.70588235 0.62213175 0.06968902
0.69117647 0.66136195 0.08917197
0.66176471 0.69985196 0.11240165
0.63445378 0.73945226 0.13713001
0.60924370 0.76535899 0.16298239
0.58193277 0.79829756 0.19258149
0.55462185 0.82901554 0.22292994
0.52941176 0.85862324 0.25702510
0.50420168 0.88675056 0.29299363
0.46848739 0.91043671 0.32971150
0.45168067 0.93634345 0.36755339
0.42226891 0.95077720 0.40576995
0.39915966 0.96521095 0.44511053
0.36554622 0.97816432 0.48482578
0.34453782 0.99592894 0.52491570
0.32983193 0.99814952 0.56650431
0.29621849 1.00000000 0.60584489
0.27100840 1.00000000 0.64481079
0.25420168 0.99481865 0.68190333
0.23739496 0.99074759 0.71862121
0.20378151 0.98815692 0.75496441
0.18067227 0.97964471 0.79055826
0.15546218 0.95965951 0.82165605
0.13655462 0.95299778 0.85387786
0.09873950 0.92672095 0.88010491
0.06932773 0.91746854 0.90558262
0.05462185 0.88119911 0.92656426
0.03781513 0.86787565 0.94829524
0.01470588 0.84344930 0.96515549
0.01050420 0.82050333 0.97826901
0.01680672 0.78053294 0.98651180
0.00630252 0.76276832 0.99437992
0.00210084 0.73686158 0.99775197
0.00420168 0.71021466 1.00000000
0.01050420 0.68948927 0.99812664
0.00000000 0.66691340 0.99512926
0.00420168 0.64618801 0.99138254
0.00840336 0.62065137 0.98388910
0.02521008 0.59992598 0.97452229
0.01260504 0.58512213 0.96665418
0.03151261 0.56550703 0.95503934
0.03991597 0.54922280 0.94529786
0.04831933 0.53849001 0.93405770
0.06092437 0.52590674 0.92469090
0.07142857 0.51665433 0.91195204
0.08613445 0.50481125 0.90033720
0.09033613 0.49814952 0.88797302
0.10714286 0.48704663 0.87523417
0.11344538 0.48260548 0.86174597
0.12184874 0.46965211 0.84975646
0.13235294 0.47446336 0.83851630
0.14705882 0.47076240 0.82727613
0.15546218 0.45817913 0.80816785
0.16176471 0.45743893 0.79880105
0.17647059 0.45114730 0.78119146
0.18697479 0.46225019 0.77369801
0.20378151 0.44300518 0.75421506
0.21428571 0.46336047 0.75046834
0.24579832 0.44929682 0.73360809
0.25210084 0.45521836 0.72086924
0.26470588 0.44078460 0.70738104
0.27731092 0.46150999 0.70063694
0.27731092 0.46373057 0.69389284
0.29411765 0.46076980 0.68152866
0.30462185 0.46632124 0.67665792
0.31302521 0.46447076 0.66616710
0.31512605 0.48519615 0.66354440
0.32352941 0.46595115 0.64930686
0.32773109 0.48260548 0.64968153
0.33403361 0.47668394 0.64256276
0.33613445 0.48889711 0.63881604
0.33823529 0.47631384 0.63094792
0.33823529 0.48889711 0.62757587
0.33403361 0.48371577 0.62307981
0.33193277 0.48519615 0.61671038
0.31722689 0.48519615 0.61333833
0.31302521 0.49000740 0.60884226
0.30042017 0.49222798 0.60509554
