0.1667 0.3333 0.1818
0.4167 0.0952 0.3636
0.1667 0.0952 0.7273
0.7500 0.0952 0.4545
0.0000 0.2857 0.2727
0.5000 0.0952 0.3636
0.0833 0.1429 0.3636
0.4167 0.1429 0.3636
0.1667 0.2381 0.1818
0.4167 0.0476 0.3636
0.1667 0.1905 0.1818
0.5000 0.0000 0.3636
0.1667 0.0952 0.1818
0.5833 0.0000 0.1818
0.0833 0.1429 0.1818
0.6667 0.0000 0.2727
0.1667 0.1905 0.1818
0.5833 0.0000 0.1818
0.2500 0.2857 0.1818
0.6667 0.0476 0.2727
0.3333 0.1905 0.1818
0.6667 0.0476 0.1818
0.2500 0.2857 0.0909
0.7500 0.1429 0.1818
0.4167 0.2857 0.0000
0.8333 0.1905 0.0909
0.3333 0.3810 0.0909
0.6667 0.1905 0.0909
0.3333 0.3333 0.0000
0.7500 0.3333 0.1818
0.4167 0.3333 0.0000
0.6667 0.3333 0.0000
0.3333 0.4762 0.0909
0.7500 0.3810 0.2727
0.1667 0.6667 0.1818
0.6667 0.4762 0.1818
0.2500 0.6190 0.1818
0.5833 0.5238 0.2727
0.3333 0.6667 0.1818
0.5833 0.5714 0.3636
0.4167 0.6667 0.2727
0.5833 0.5238 0.3636
0.3333 0.8095 0.2727
0.5833 0.5238 0.4545
0.2500 0.7619 0.3636
0.5833 0.7143 0.5455
0.2500 0.9048 0.4545
0.5833 0.8095 0.4545
0.3333 0.9048 0.6364
0.5000 0.7143 0.4545
0.3333 0.9524 0.4545
0.6667 0.7619 0.5455
0.3333 0.7619 1.0000
1.0000 0.8095 0.5455
0.0833 0.8571 0.5455
0.5833 0.7619 0.6364
0.0833 0.9524 0.6364
0.5000 0.7619 0.6364
0.3333 0.8571 0.5455
0.4167 0.7619 0.5455
0.2500 0.9524 0.5455
0.5000 0.8571 0.7273
0.1667 0.9524 0.4545
0.3333 0.7619 0.4545
0.0833 1.0000 0.5455
0.5000 0.7143 0.7273
0.1667 0.9524 0.6364
0.3333 0.6190 0.6364
0.0000 0.8571 0.6364
0.3333 0.6667 0.6364
0.0000 0.9524 0.5455
0.5000 0.7143 0.7273
0.0833 0.9048 0.6364
0.4167 0.7143 0.5455
0.0833 0.9524 0.6364
0.3333 0.7143 0.6364
0.2500 0.9048 0.7273
0.3333 0.6667 0.6364
0.1667 0.9524 0.6364
0.3333 0.6667 0.9091
0.1667 0.9524 0.7273
0.3333 0.6667 1.0000
0.0000 1.0000 0.7273
0.2500 0.6667 0.8182
0.0000 0.9524 0.8182
0.3333 0.6190 1.0000
0.0833 0.8571 0.8182
0.2500 0.6667 0.8182
0.0000 0.8095 0.9091
0.3333 0.5238 0.7273
0.0000 0.8571 0.8182
0.3333 0.4762 0.8182
0.0000 0.8571 0.6364
0.2500 0.4762 0.8182
0.2500 0.8095 0.8182
0.3333 0.5238 0.7273
0.1667 0.7619 0.5455
0.2500 0.4762 0.9091
0.1667 0.8571 0.7273
0.3333 0.5238 0.8182
