0.98755832 1.00000000 0.16384181
0.99222395 0.98534483 0.15254237
0.99377916 0.97068966 0.15254237
0.99688958 0.95689655 0.15254237
0.99377916 0.93620690 0.14124294
0.99533437 0.92241379 0.12994350
1.00000000 0.90775862 0.11864407
0.99533437 0.89655172 0.12994350
1.00000000 0.87931034 0.11299435
0.99222395 0.86637931 0.10169492
0.99688958 0.85689655 0.09604520
0.99066874 0.84224138 0.09604520
0.99222395 0.82844828 0.08474576
0.98755832 0.81637931 0.08474576
0.99066874 0.80086207 0.06214689
0.98600311 0.79224138 0.10169492
0.98911353 0.78275862 0.07344633
0.97822706 0.77155172 0.05649718
0.97822706 0.75603448 0.05649718
0.97511664 0.74827586 0.05649718
0.96734059 0.73620690 0.03954802
0.96734059 0.72068966 0.05084746
0.96111975 0.70689655 0.03954802
0.95956454 0.69568966 0.02824859
0.95489891 0.68448276 0.02259887
0.94712286 0.67672414 0.02824859
0.94245723 0.66120690 0.03389831
0.93779160 0.65258621 0.01694915
0.93468118 0.63879310 0.00000000
0.93001555 0.63017241 0.02824859
0.92223950 0.62068966 0.01694915
0.91446345 0.60948276 0.03389831
0.91601866 0.59655172 0.00564972
0.90513219 0.58706897 0.02824859
0.90202177 0.57241379 0.01694915
0.88802488 0.56120690 0.03954802
0.88024883 0.55344828 0.04519774
0.87402799 0.53793103 0.05084746
0.86780715 0.52672414 0.04519774
0.85536547 0.51465517 0.07344633
0.84447900 0.50603448 0.07344633
0.83981337 0.49741379 0.07344633
0.82892691 0.48275862 0.06214689
0.82270607 0.46982759 0.07909605
0.81337481 0.45517241 0.08474576
0.80559876 0.44568966 0.10169492
0.79160187 0.44224138 0.09604520
0.78538103 0.43103448 0.10734463
0.77293935 0.42155172 0.11299435
0.77293935 0.40431034 0.12429379
0.75427683 0.39310345 0.12994350
0.74494557 0.38793103 0.15254237
0.73094868 0.37931034 0.14124294
0.72317263 0.36810345 0.16949153
0.71695179 0.35431034 0.16384181
0.70606532 0.34137931 0.19774011
0.69206843 0.33103448 0.19774011
0.68273717 0.32844828 0.22598870
0.66718507 0.31724138 0.21468927
0.65474339 0.30603448 0.25988701
0.64230171 0.28879310 0.25423729
0.62052877 0.28017241 0.29943503
0.60808709 0.26810345 0.29378531
0.59097978 0.26034483 0.33333333
0.57853810 0.24827586 0.32768362
0.55832037 0.24051724 0.38418079
0.54743390 0.22758621 0.37288136
0.52721617 0.21810345 0.40677966
0.50855365 0.20689655 0.40677966
0.49144635 0.20172414 0.44632768
0.46811820 0.19051724 0.45762712
0.45567652 0.18103448 0.49152542
0.42923795 0.17413793 0.50282486
0.41524106 0.16551724 0.53672316
0.39191291 0.15862069 0.55932203
0.37947123 0.15258621 0.59887006
0.35769829 0.14482759 0.58757062
0.34370140 0.13620690 0.63276836
0.32503888 0.12586207 0.62146893
0.30793157 0.11896552 0.67231638
0.28926905 0.10948276 0.66666667
0.27216174 0.10258621 0.72316384
0.25816485 0.09137931 0.70056497
0.24261275 0.08620690 0.75141243
0.22706065 0.07758621 0.72881356
0.21150855 0.07068966 0.76836158
0.19751166 0.06810345 0.76836158
0.18195956 0.06034483 0.80225989
0.16640747 0.05517241 0.80790960
0.14774495 0.05431034 0.86440678
0.13374806 0.04482759 0.85310734
0.11819596 0.03448276 0.88700565
0.09797823 0.03103448 0.88700565
0.08709176 0.02500000 0.90960452
0.06531882 0.01896552 0.90960452
0.05132193 0.01379310 0.93220339
0.03421462 0.00862069 0.94350282
0.02332815 0.00344828 0.97175141
0.00933126 0.00258621 0.96610169
0.00000000 0.00000000 1.00000000
