0.0000 1.0000 0.0361
0.3214 0.8986 0.0000
0.0714 0.8261 0.0241
0.3929 0.8116 0.0000
0.2857 0.7536 0.0241
0.6071 0.6812 0.0241
0.3929 0.6812 0.0361
0.7143 0.7101 0.0241
0.4643 0.7246 0.0602
0.8214 0.7391 0.0241
0.4286 0.7826 0.0482
0.7500 0.7536 0.0602
0.4286 0.7826 0.0361
0.6786 0.7391 0.0602
0.4643 0.7971 0.0723
0.6429 0.7826 0.0723
0.3571 0.7391 0.0602
0.6786 0.6812 0.0602
0.4643 0.7101 0.0602
0.6429 0.6522 0.0843
0.3929 0.6522 0.0482
0.6786 0.6522 0.0602
0.5000 0.6087 0.0602
0.7143 0.5217 0.0602
0.5000 0.5217 0.0482
0.7857 0.4493 0.0602
0.5000 0.4348 0.0482
0.7143 0.3913 0.0361
0.5714 0.4058 0.0482
0.8214 0.3768 0.0602
0.6071 0.4783 0.0482
0.8214 0.4783 0.0843
0.6429 0.5362 0.0964
0.8571 0.5507 0.1446
0.7143 0.6667 0.1325
0.8571 0.5942 0.1325
0.5714 0.6957 0.1566
0.8571 0.6667 0.1687
0.5714 0.6812 0.2048
0.8214 0.7101 0.1928
0.6429 0.6812 0.2289
0.8214 0.6667 0.2289
0.5000 0.6377 0.2289
0.7500 0.5652 0.2289
0.3571 0.4783 0.2530
0.6071 0.5072 0.2892
0.4286 0.5217 0.2771
0.6071 0.4928 0.2771
0.3929 0.4783 0.3012
0.7143 0.4783 0.3012
0.4643 0.4928 0.3253
0.7143 0.4493 0.3614
0.5000 0.4058 0.3494
0.7500 0.4638 0.3735
0.4643 0.4783 0.4096
0.6071 0.5072 0.3855
0.3929 0.5217 0.4217
0.7500 0.5362 0.4458
0.4643 0.4783 0.4458
0.7500 0.4203 0.4458
0.4286 0.4058 0.4458
0.6429 0.4058 0.4699
0.3571 0.2899 0.4458
0.5714 0.3043 0.4819
0.3929 0.2319 0.4699
0.5714 0.2029 0.5060
0.3929 0.2174 0.4940
0.6071 0.1304 0.5301
0.5000 0.0580 0.5181
0.6071 0.0435 0.5542
0.5357 0.0000 0.5663
0.7143 0.0580 0.5904
0.5000 0.0435 0.6145
0.7500 0.1159 0.6265
0.6429 0.0870 0.6867
0.7857 0.0870 0.6867
0.6429 0.1304 0.7108
0.8214 0.0870 0.7229
0.6429 0.1159 0.7229
0.8571 0.1449 0.7229
0.6786 0.1159 0.7590
0.9286 0.1304 0.7590
0.7500 0.0870 0.7952
1.0000 0.0870 0.8193
0.7143 0.0725 0.8434
0.8929 0.0725 0.8554
0.7857 0.0435 0.8434
0.8571 0.0725 0.8675
0.8214 0.0725 0.8554
0.8929 0.1014 0.8916
0.7500 0.0870 0.9036
0.9643 0.1014 0.9398
0.7857 0.1159 0.9398
0.9286 0.1304 0.9398
0.7143 0.0870 0.9518
0.8214 0.0435 1.0000
0.8929 0.1014 0.9398
0.8929 0.1014 0.9880
0.7500 0.0145 0.9880
0.7500 0.0580 1.0000
