0.00000000 1.00000000 0.73596674
0.01414427 0.98162730 0.72765073
0.01555870 0.98950131 0.72349272
0.02263083 0.97769029 0.71309771
0.03394625 0.95669291 0.70686071
0.04667610 0.94488189 0.69854470
0.05374823 0.90944882 0.68814969
0.06082037 0.88713911 0.67775468
0.06082037 0.88582677 0.67151767
0.06647808 0.87270341 0.65904366
0.06930693 0.86220472 0.65072765
0.07637907 0.85039370 0.64449064
0.08203678 0.82020997 0.62785863
0.08628006 0.81102362 0.61954262
0.08628006 0.82020997 0.61122661
0.09335219 0.78740157 0.60706861
0.09618105 0.78871391 0.58627859
0.10466761 0.77296588 0.57172557
0.10608204 0.74540682 0.56133056
0.10891089 0.72572178 0.54677755
0.10891089 0.71784777 0.53430353
0.11173975 0.71391076 0.52182952
0.12022631 0.71128609 0.50935551
0.13154173 0.70603675 0.49064449
0.14002829 0.68372703 0.47609148
0.14285714 0.68110236 0.45530146
0.14710042 0.67585302 0.43659044
0.15558699 0.67322835 0.41995842
0.15983027 0.66272966 0.39501040
0.16407355 0.64698163 0.37837838
0.16548798 0.62598425 0.35135135
0.17114569 0.62335958 0.33264033
0.17397454 0.62204724 0.31808732
0.17114569 0.61942257 0.29313929
0.17397454 0.62335958 0.27442827
0.18104668 0.60892388 0.25571726
0.19094767 0.58530184 0.22453222
0.19660537 0.57349081 0.20790021
0.18528996 0.58267717 0.18503119
0.19943423 0.59448819 0.16839917
0.20226308 0.58661417 0.15176715
0.21216407 0.56824147 0.12889813
0.21216407 0.56561680 0.11226611
0.21782178 0.56430446 0.08731809
0.22206506 0.58005249 0.07692308
0.23338048 0.60236220 0.06444906
0.23903819 0.60104987 0.04989605
0.25318246 0.58923885 0.03950104
0.26308345 0.59055118 0.02079002
0.26025460 0.61417323 0.01247401
0.27157001 0.62598425 0.00207900
0.27722772 0.63779528 0.00207900
0.28854314 0.63517060 0.00000000
0.30268741 0.65616798 0.00207900
0.30268741 0.66797900 0.00000000
0.31541726 0.68110236 0.00415800
0.33239038 0.69685039 0.01247401
0.34653465 0.68635171 0.02286902
0.35926450 0.69422572 0.03534304
0.38048091 0.70603675 0.04781705
0.38896747 0.74671916 0.06237006
0.40452617 0.74934383 0.08731809
0.41867044 0.73228346 0.11642412
0.43847242 0.71653543 0.13721414
0.46251768 0.73753281 0.16424116
0.47949081 0.77559055 0.19958420
0.49929279 0.80446194 0.21829522
0.51909477 0.77952756 0.25155925
0.53041018 0.74015748 0.28274428
0.55586987 0.74671916 0.31600832
0.57425743 0.76115486 0.35135135
0.58557284 0.81102362 0.39708940
0.60113154 0.80839895 0.43451143
0.62093352 0.75459318 0.47609148
0.63790665 0.69685039 0.50727651
0.65487977 0.71128609 0.55093555
0.67609618 0.74671916 0.59251559
0.69731259 0.75853018 0.63201663
0.71287129 0.72572178 0.66528067
0.72701556 0.65091864 0.69854470
0.73974540 0.59448819 0.72972973
0.76096181 0.59055118 0.76299376
0.77510608 0.64173228 0.81081081
0.78359264 0.61942257 0.84407484
0.80198020 0.56167979 0.86694387
0.81612447 0.45669291 0.88357588
0.83451202 0.43175853 0.90644491
0.85148515 0.44356955 0.93762994
0.86421499 0.44750656 0.95841996
0.87835926 0.40157480 0.96673597
0.89108911 0.32677165 0.97297297
0.89816124 0.27427822 0.97713098
0.91230552 0.22703412 0.97920998
0.91937765 0.22965879 1.00000000
0.93776521 0.19947507 0.99584200
0.94908062 0.15223097 0.99376299
0.95756719 0.09580052 0.97713098
0.97454031 0.04068241 0.96881497
0.98727016 0.00656168 0.94802495
1.00000000 0.00000000 0.94178794
