0.00000000 1.00000000 0.98817568
0.00095238 0.99156514 0.98986486
0.00142857 0.98031865 0.98986486
0.00333333 0.97375820 0.98986486
0.00666667 0.96344892 0.99324324
0.00761905 0.95313964 0.99324324
0.00809524 0.94423618 0.99662162
0.01000000 0.93767573 0.99662162
0.01380952 0.92783505 0.99662162
0.01619048 0.91752577 0.99662162
0.01666667 0.90581068 0.99662162
0.01714286 0.89971884 0.98986486
0.02047619 0.89175258 0.99662162
0.02238095 0.88331771 1.00000000
0.02333333 0.87394564 1.00000000
0.02333333 0.86597938 0.99662162
0.02428571 0.85660731 0.99662162
0.02333333 0.84676664 0.99155405
0.02571429 0.83786317 0.99493243
0.02523810 0.82708529 0.98479730
0.02428571 0.81771321 0.98141892
0.02571429 0.81255858 0.98310811
0.02714286 0.80599813 0.98986486
0.02857143 0.79662605 0.98648649
0.02857143 0.79053421 0.98648649
0.02952381 0.77835052 0.98141892
0.03285714 0.77038425 0.97972973
0.03476190 0.75820056 0.97297297
0.03571429 0.74648547 0.96452703
0.03714286 0.73523899 0.95608108
0.03952381 0.72446111 0.95439189
0.04333333 0.71368322 0.94763514
0.04476190 0.69962512 0.93918919
0.04714286 0.68978444 0.93074324
0.05190476 0.67619494 0.92567568
0.05619048 0.66588566 0.91891892
0.06095238 0.65323336 0.91385135
0.06523810 0.63964386 0.90371622
0.07142857 0.62371134 0.89527027
0.07666667 0.61340206 0.88851351
0.08380952 0.60402999 0.89189189
0.08952381 0.59278351 0.87837838
0.09571429 0.57919400 0.86655405
0.10142857 0.56560450 0.85810811
0.10857143 0.55482662 0.85472973
0.11428571 0.54358013 0.84121622
0.12142857 0.52999063 0.82939189
0.12809524 0.51499531 0.81418919
0.13523810 0.50140581 0.80574324
0.14333333 0.49437676 0.80743243
0.15285714 0.48266167 0.80067568
0.16047619 0.46860356 0.78716216
0.16904762 0.45267104 0.77702703
0.17904762 0.43955014 0.76520270
0.19095238 0.42970947 0.76182432
0.20190476 0.41658857 0.75337838
0.21380952 0.39878163 0.73479730
0.22523810 0.38238051 0.71790541
0.23904762 0.36972821 0.71114865
0.25238095 0.35613871 0.69932432
0.26857143 0.34348641 0.68750000
0.28333333 0.32427366 0.66216216
0.29904762 0.30787254 0.65033784
0.31571429 0.29522024 0.63175676
0.33285714 0.27975633 0.61655405
0.35000000 0.26335520 0.59966216
0.36809524 0.24835989 0.57770270
0.38523810 0.23430178 0.56081081
0.40333333 0.22258669 0.55236486
0.42333333 0.20993440 0.53716216
0.44190476 0.19728210 0.52195946
0.45857143 0.18369260 0.50168919
0.47761905 0.17525773 0.48648649
0.49714286 0.16260544 0.47128378
0.51476190 0.15323336 0.45777027
0.53333333 0.13964386 0.44256757
0.55285714 0.13214620 0.42060811
0.56714286 0.12136832 0.39695946
0.58571429 0.11480787 0.38682432
0.60285714 0.10309278 0.35979730
0.62000000 0.09606373 0.34290541
0.63523810 0.08856607 0.32263514
0.65333333 0.08106842 0.30912162
0.67095238 0.07450797 0.28885135
0.68857143 0.06701031 0.27364865
0.70571429 0.05951265 0.25168919
0.72333333 0.05295220 0.22972973
0.74190476 0.04826617 0.21452703
0.76142857 0.04170572 0.19594595
0.78095238 0.03748828 0.18750000
0.80190476 0.03092784 0.16385135
0.82190476 0.02811621 0.14527027
0.84476190 0.02343018 0.12837838
0.86476190 0.01827554 0.11317568
0.88714286 0.01546392 0.09121622
0.90952381 0.01030928 0.07432432
0.93190476 0.00843486 0.04729730
0.95428571 0.00609185 0.03547297
0.97761905 0.00281162 0.01858108
1.00000000 0.00000000 0.00000000
