0.00000000 0.30331412 1.00000000
0.00975202 0.28242075 0.97833935
0.02089719 0.26945245 0.96209386
0.03232098 0.25000000 0.94584838
0.04263026 0.23559078 0.93140794
0.05349680 0.21469741 0.91516245
0.06492059 0.20317003 0.89169675
0.07327947 0.18659942 0.86642599
0.08414600 0.17651297 0.85559567
0.09417665 0.15850144 0.82671480
0.10420730 0.14769452 0.80866426
0.11312343 0.13616715 0.78700361
0.12371134 0.12463977 0.77256318
0.13402062 0.11455331 0.75090253
0.14432990 0.10302594 0.73465704
0.15436055 0.09149856 0.71119134
0.16466982 0.08141210 0.68772563
0.17553636 0.07420749 0.67148014
0.18696016 0.06412104 0.65162455
0.19838395 0.05763689 0.64259928
0.21064363 0.04755043 0.61732852
0.22234606 0.04322767 0.59747292
0.23572026 0.03602305 0.57942238
0.24742268 0.02809798 0.56317690
0.26051825 0.02377522 0.53971119
0.27361382 0.01585014 0.52166065
0.28670939 0.01296830 0.49277978
0.29980496 0.00936599 0.48014440
0.31345779 0.00432277 0.46209386
0.32655336 0.00000000 0.44223827
0.33909167 0.00072046 0.42599278
0.35274450 0.00144092 0.41335740
0.36611870 0.00360231 0.39350181
0.37865701 0.00288184 0.37725632
0.39147395 0.00216138 0.35559567
0.40456952 0.00360231 0.34115523
0.41710783 0.00576369 0.32490975
0.42992477 0.00864553 0.30866426
0.44218445 0.01368876 0.29783394
0.45416551 0.02017291 0.29422383
0.46670382 0.02161383 0.27797834
0.47784898 0.02953890 0.27075812
0.49094455 0.03097983 0.25631769
0.50208972 0.04250720 0.24729242
0.51462803 0.04250720 0.22743682
0.52633045 0.04899135 0.22563177
0.53886877 0.05475504 0.21480144
0.54973530 0.06628242 0.20938628
0.56255224 0.07780980 0.20216606
0.57369741 0.08933718 0.20036101
0.58679298 0.09870317 0.19675090
0.59765952 0.11311239 0.19133574
0.60991920 0.12247839 0.18231047
0.62078573 0.13760807 0.18411552
0.63248816 0.14985591 0.18050542
0.64419058 0.16426513 0.18772563
0.65617164 0.17939481 0.16967509
0.66620228 0.19236311 0.17509025
0.67651156 0.20244957 0.16064982
0.68682084 0.22046110 0.16245487
0.69740875 0.23487032 0.14801444
0.70771803 0.25144092 0.14981949
0.71886319 0.26368876 0.14079422
0.72861521 0.28314121 0.14981949
0.73892449 0.29971182 0.13898917
0.74839788 0.31484150 0.14801444
0.75926442 0.33573487 0.14259928
0.76734466 0.35734870 0.15162455
0.77737531 0.37391931 0.14440433
0.78629145 0.39265130 0.14981949
0.79576484 0.41066282 0.14079422
0.80495960 0.42795389 0.14259928
0.81415436 0.44524496 0.12996390
0.82307049 0.46829971 0.12996390
0.83170800 0.48559078 0.12454874
0.84034550 0.50648415 0.13176895
0.84814712 0.52881844 0.12454874
0.85678462 0.54827089 0.12996390
0.86430761 0.56412104 0.11913357
0.87266648 0.58861671 0.12093863
0.87935358 0.60590778 0.10649819
0.88631931 0.62968300 0.11010830
0.89412093 0.64841499 0.09566787
0.90136528 0.67146974 0.10469314
0.90860964 0.68804035 0.09205776
0.91501811 0.71109510 0.09747292
0.92281973 0.72694524 0.08303249
0.92811368 0.74855908 0.07942238
0.93452215 0.76801153 0.06859206
0.94093062 0.78890490 0.06498195
0.94761772 0.80907781 0.05054152
0.95319030 0.82780980 0.05054152
0.96015603 0.85014409 0.04332130
0.96572862 0.87103746 0.04512635
0.97185846 0.89193084 0.03971119
0.97687378 0.91354467 0.03610108
0.98244636 0.93227666 0.01985560
0.98885483 0.95749280 0.02166065
0.99442742 0.97838617 0.00180505
1.00000000 1.00000000 0.00000000
