0.2857 0.2353 1.0000
0.8571 0.0588 0.9231
0.4286 0.2353 0.8462
0.7143 -0.0000 0.8462
0.4286 0.2941 0.9231
0.5714 0.1176 0.8462
0.4286 0.5294 0.7692
0.4286 0.1765 0.8462
0.2857 0.4118 0.7692
0.4286 0.2353 0.7692
0.2857 0.4118 0.6923
0.4286 0.2941 0.7692
0.4286 0.4118 0.7692
0.4286 0.2941 0.6923
0.1429 0.5294 0.6923
0.7143 0.4706 0.6923
0.1429 0.4706 0.7692
0.2857 0.5294 0.6154
0.4286 0.5882 0.6923
0.4286 0.5882 0.6154
0.2857 0.5882 0.6154
0.5714 0.5294 0.6154
0.1429 0.6471 0.9231
-0.0000 0.4706 0.6154
0.2857 0.5882 0.6154
0.2857 0.6471 0.5385
0.4286 0.5882 0.4615
0.4286 0.5882 0.3846
0.2857 0.4706 0.4615
0.5714 0.7647 0.4615
0.5714 0.5882 0.4615
0.4286 0.7059 0.4615
0.4286 0.5882 0.5385
0.7143 0.7059 0.4615
0.2857 0.5294 0.4615
0.4286 0.7059 0.4615
0.2857 0.5882 0.3846
0.5714 0.7059 0.4615
0.4286 0.5882 0.3846
0.5714 0.5882 0.3846
0.2857 0.4118 0.3077
0.5714 0.7059 0.3846
0.5714 0.5882 0.3077
0.7143 0.6471 0.4615
0.5714 0.5882 0.2308
0.4286 0.7059 0.3846
0.5714 0.5294 0.2308
0.5714 0.8235 0.3846
0.7143 0.7059 0.2308
0.5714 0.8824 0.3846
0.5714 0.5882 0.2308
0.4286 0.7647 0.3846
0.7143 0.5882 0.1538
0.4286 0.8235 0.3077
0.7143 0.6471 0.2308
0.8571 0.8235 0.3846
0.8571 0.7059 0.0769
0.5714 0.8824 0.3077
0.4286 0.6471 0.1538
0.7143 0.8235 0.3077
0.4286 0.7059 0.1538
0.5714 0.8235 0.2308
0.8571 0.6471 0.2308
0.8571 0.7647 0.1538
0.7143 0.5882 0.1538
0.8571 0.7647 0.3846
0.8571 0.6471 0.1538
0.4286 0.8824 0.2308
0.7143 0.5294 0.0769
0.5714 0.8235 0.2308
0.7143 0.5294 0.0769
0.5714 0.7647 0.2308
0.8571 0.7647 0.3846
0.1429 0.6471 0.3077
0.4286 0.5882 0.0769
0.5714 0.8824 0.1538
1.0000 0.5882 0.1538
0.4286 0.8235 0.0769
0.7143 0.5882 0.0769
0.5714 0.7647 0.2308
0.7143 0.6471 0.1538
0.2857 0.8824 0.1538
0.8571 0.5294 0.0000
0.4286 0.9412 0.2308
0.5714 0.5882 0.0769
0.5714 0.8235 0.1538
0.7143 0.5294 0.1538
0.4286 0.9412 0.1538
0.7143 0.5294 0.0769
0.4286 0.8824 0.1538
1.0000 0.5882 0.0769
0.4286 0.7647 0.1538
0.7143 0.5882 0.0769
0.4286 1.0000 0.2308
0.5714 0.5294 0.0000
0.7143 0.8824 0.2308
0.5714 0.5882 0.0769
0.5714 0.8824 0.1538
0.5714 0.5882 0.0000
0.4286 0.8235 0.2308
