-75.5862 0.0000 1.0000
-74.5517 0.0404 0.9894
-73.2414 0.0823 0.9859
-72.1379 0.1243 0.9965
-70.9655 0.1557 0.9859
-69.8276 0.2021 0.9894
-68.4828 0.2290 0.9859
-67.3103 0.2620 0.9929
-65.9655 0.2994 0.9929
-64.6207 0.3278 0.9929
-63.3793 0.3638 0.9894
-62.0690 0.4027 0.9859
-60.8621 0.4251 0.9823
-59.4828 0.4536 0.9753
-58.2759 0.4790 0.9859
-57.1379 0.4985 0.9717
-55.8621 0.5269 0.9717
-54.6897 0.5539 0.9470
-53.4483 0.5838 0.9399
-52.3448 0.6153 0.9117
-51.1034 0.6287 0.9081
-49.9655 0.6557 0.8834
-48.7241 0.6751 0.8657
-47.5517 0.6961 0.8657
-46.2759 0.7141 0.8516
-44.8621 0.7365 0.8339
-43.5517 0.7515 0.8163
-42.1379 0.7814 0.7951
-40.8276 0.7979 0.7845
-39.5172 0.8144 0.7633
-38.2414 0.8293 0.7527
-37.0000 0.8383 0.7420
-35.6897 0.8488 0.7527
-34.5862 0.8638 0.7208
-33.2759 0.8787 0.6961
-32.0690 0.8982 0.6820
-30.8966 0.9087 0.6537
-29.7586 0.9237 0.6431
-28.6552 0.9311 0.6325
-27.5172 0.9326 0.6184
-26.4138 0.9386 0.6007
-25.2069 0.9521 0.5830
-24.0345 0.9566 0.5583
-22.7931 0.9701 0.5371
-21.7241 0.9820 0.5053
-20.5862 0.9865 0.4806
-19.4483 0.9895 0.4735
-18.3793 0.9925 0.4594
-17.3103 0.9835 0.4488
-16.1724 0.9910 0.4417
-15.1724 0.9865 0.4311
-14.1034 0.9925 0.4064
-13.0345 0.9970 0.3852
-12.0000 0.9955 0.3569
-11.0345 1.0000 0.3322
-10.0345 1.0000 0.3145
-9.0690 0.9970 0.3074
-8.0690 0.9955 0.2792
-7.1034 0.9880 0.2792
-6.1034 0.9880 0.2509
-4.9655 0.9895 0.2297
-3.9655 0.9865 0.1943
-3.1034 0.9850 0.1802
-1.9655 0.9790 0.1590
-1.0000 0.9656 0.1484
-0.0000 0.9641 0.1449
1.0000 0.9506 0.1378
2.0345 0.9446 0.1343
2.9655 0.9341 0.1201
3.9655 0.9311 0.0989
4.7931 0.9177 0.0883
5.6897 0.9162 0.0777
6.5172 0.9027 0.0671
7.3793 0.8967 0.0565
8.0690 0.8802 0.0530
8.8276 0.8757 0.0389
9.4138 0.8668 0.0389
10.0345 0.8638 0.0247
10.4138 0.8548 0.0353
10.8966 0.8563 0.0283
11.2069 0.8458 0.0247
11.6207 0.8488 0.0141
11.8276 0.8443 0.0318
11.9655 0.8443 0.0177
12.1724 0.8383 0.0318
12.3103 0.8413 0.0212
12.2759 0.8398 0.0318
12.3793 0.8398 0.0177
12.2759 0.8413 0.0318
12.2759 0.8383 0.0318
12.2414 0.8428 0.0318
12.2069 0.8428 0.0247
12.1379 0.8473 0.0389
12.1034 0.8473 0.0283
12.0345 0.8518 0.0283
12.0345 0.8533 0.0141
12.0345 0.8518 0.0141
12.0690 0.8578 0.0071
12.0345 0.8563 0.0071
12.1379 0.8578 0.0000
