0.01874163 0.00000000 0.02401239
0.01338688 0.02531646 0.01626646
0.00669344 0.04576436 0.02091402
0.00000000 0.06621227 0.02943455
0.00937082 0.08033106 0.03640589
0.00669344 0.10126582 0.03563129
0.01204819 0.11830574 0.03408211
0.02409639 0.12755599 0.04879938
0.04551539 0.14216164 0.05189775
0.06024096 0.15335930 0.05886909
0.07898260 0.16796495 0.06738962
0.10575636 0.17478092 0.07126259
0.12583668 0.19036027 0.07358637
0.15127175 0.19961052 0.06661503
0.16733601 0.20691334 0.07823393
0.19544846 0.21665044 0.06893881
0.21285141 0.22784810 0.07745933
0.22891566 0.24488802 0.06584043
0.25301205 0.24391431 0.08443067
0.27710843 0.25754625 0.06661503
0.29451138 0.25511198 0.08210689
0.31459170 0.27312561 0.06738962
0.33065596 0.27117819 0.07823393
0.35609103 0.28578384 0.07591015
0.37215529 0.28188900 0.06816421
0.38955823 0.29844206 0.07048799
0.40696118 0.29941577 0.05189775
0.41900937 0.30769231 0.07436096
0.43775100 0.31937683 0.03718048
0.44578313 0.32181110 0.06661503
0.46050870 0.33252191 0.03950426
0.46452477 0.34371957 0.04879938
0.46720214 0.35637780 0.03795507
0.48058902 0.36416748 0.03020914
0.47657296 0.37682571 0.03020914
0.48728246 0.38266796 0.02943455
0.48862115 0.39337877 0.03408211
0.49665328 0.40555015 0.02478699
0.49263722 0.42843233 0.00774593
0.50066934 0.44449854 0.00697134
0.50870147 0.45423564 0.02091402
0.51405622 0.47224927 0.00232378
0.51807229 0.49123661 0.00464756
0.51539491 0.51703992 0.00000000
0.52342704 0.53797468 0.00852053
0.52610442 0.56621227 0.00852053
0.53279786 0.58958130 0.02013943
0.54350736 0.61295034 0.04647560
0.55153949 0.63924051 0.05886909
0.56626506 0.66942551 0.07513555
0.57563588 0.69474197 0.09604957
0.59170013 0.71665044 0.13942680
0.61178046 0.74001947 0.15182029
0.62784471 0.75365141 0.20991479
0.65060241 0.77604674 0.23082881
0.66532798 0.78627069 0.27498064
0.68674699 0.81256086 0.29744384
0.70548862 0.81353457 0.33617351
0.71887550 0.83203505 0.38032533
0.73895582 0.83544304 0.39736638
0.75769746 0.83982473 0.47095275
0.77777778 0.85589094 0.45623548
0.79518072 0.83982473 0.54531371
0.81793842 0.85978578 0.52439969
0.83534137 0.83787731 0.61425252
0.85809906 0.86416748 0.59101472
0.87817938 0.84761441 0.64601084
0.89959839 0.86222006 0.66072812
0.91834003 0.84177215 0.68396592
0.92904953 0.85735151 0.70720372
0.94511379 0.84956183 0.71340046
0.95448461 0.85248296 0.75290473
0.96519411 0.86757546 0.72889233
0.96653280 0.84907498 0.78853602
0.97991968 0.85783836 0.77226956
0.98393574 0.83933788 0.81797057
0.98795181 0.85443038 0.80247870
0.98661312 0.84079844 0.83036406
0.99330656 0.85004869 0.83810999
1.00000000 0.83154820 0.84817971
0.99330656 0.83982473 0.85824942
0.98929050 0.83592989 0.84663052
0.99464525 0.83252191 0.87451588
0.99598394 0.83836417 0.84972889
0.98125837 0.83446933 0.87606507
0.97188755 0.84371957 0.85902401
0.97054886 0.84177215 0.88381100
0.95983936 0.85443038 0.87064291
0.94377510 0.85394352 0.88071263
0.93172691 0.86903603 0.87838885
0.93038822 0.86806232 0.89697909
0.90763052 0.88461538 0.90162665
0.89692102 0.89143135 0.91014717
0.88621151 0.91528724 0.90937258
0.87416332 0.92453749 0.91711851
0.86077644 0.93476144 0.94035631
0.83935743 0.95228822 0.93880713
0.82597055 0.96543330 0.97211464
0.80321285 0.98782863 0.96824167
0.78045515 1.00000000 1.00000000
