0.96808511 0.54545455 0.33333333
0.94680851 0.54545455 0.33333333
0.97872340 0.68181818 0.30000000
0.94680851 0.68181818 0.26666667
0.95744681 0.68181818 0.30000000
0.94680851 0.63636364 0.20000000
0.95744681 0.63636364 0.20000000
0.96808511 0.36363636 0.03333333
1.00000000 0.31818182 0.10000000
0.98936170 0.22727273 0.00000000
1.00000000 0.40909091 0.10000000
0.97872340 0.36363636 0.03333333
0.98936170 0.45454545 0.06666667
0.97872340 0.31818182 0.03333333
0.97872340 0.36363636 0.10000000
1.00000000 0.22727273 0.06666667
1.00000000 0.27272727 0.13333333
0.97872340 0.18181818 0.06666667
0.98936170 0.18181818 0.06666667
0.96808511 0.18181818 0.06666667
0.96808511 0.22727273 0.10000000
0.94680851 0.40909091 0.03333333
0.94680851 0.36363636 0.10000000
0.90425532 0.31818182 0.06666667
0.93617021 0.36363636 0.10000000
0.91489362 0.18181818 0.03333333
0.92553191 0.22727273 0.13333333
0.88297872 0.18181818 0.00000000
0.89361702 0.27272727 0.13333333
0.86170213 0.22727273 0.10000000
0.87234043 0.18181818 0.16666667
0.84042553 0.22727273 0.06666667
0.85106383 0.00000000 0.26666667
0.88297872 0.04545455 0.03333333
0.82978723 0.00000000 0.13333333
0.79787234 0.09090909 0.00000000
0.77659574 0.18181818 0.16666667
0.76595745 0.18181818 0.10000000
0.75531915 0.13636364 0.20000000
0.71276596 0.13636364 0.20000000
0.72340426 0.36363636 0.36666667
0.64893617 0.50000000 0.30000000
0.64893617 0.63636364 0.50000000
0.59574468 0.68181818 0.30000000
0.62765957 0.63636364 0.43333333
0.56382979 0.72727273 0.36666667
0.59574468 0.81818182 0.46666667
0.55319149 0.81818182 0.36666667
0.56382979 0.90909091 0.50000000
0.52127660 0.90909091 0.36666667
0.54255319 0.90909091 0.53333333
0.51063830 0.90909091 0.40000000
0.52127660 0.90909091 0.56666667
0.47872340 0.86363636 0.43333333
0.48936170 0.90909091 0.60000000
0.45744681 0.81818182 0.43333333
0.45744681 0.86363636 0.66666667
0.45744681 0.72727273 0.53333333
0.44680851 0.95454545 0.70000000
0.41489362 1.00000000 0.56666667
0.44680851 1.00000000 0.73333333
0.41489362 0.95454545 0.63333333
0.40425532 0.90909091 0.76666667
0.41489362 0.81818182 0.63333333
0.44680851 0.95454545 0.76666667
0.41489362 0.90909091 0.60000000
0.42553191 0.77272727 0.73333333
0.40425532 0.59090909 0.66666667
0.41489362 0.63636364 0.73333333
0.40425532 0.59090909 0.60000000
0.41489362 0.59090909 0.70000000
0.39361702 0.50000000 0.66666667
0.38297872 0.50000000 0.76666667
0.36170213 0.40909091 0.73333333
0.37234043 0.54545455 0.80000000
0.35106383 0.63636364 0.70000000
0.35106383 0.59090909 0.83333333
0.30851064 0.50000000 0.73333333
0.30851064 0.50000000 0.83333333
0.29787234 0.68181818 0.76666667
0.28723404 0.77272727 0.83333333
0.26595745 0.63636364 0.76666667
0.27659574 0.50000000 1.00000000
0.27659574 0.63636364 0.73333333
0.24468085 0.72727273 0.86666667
0.22340426 0.77272727 0.80000000
0.21276596 0.63636364 0.93333333
0.20212766 0.59090909 0.83333333
0.20212766 0.63636364 0.93333333
0.14893617 0.81818182 0.76666667
0.14893617 0.63636364 0.96666667
0.13829787 0.59090909 0.83333333
0.10638298 0.63636364 0.90000000
0.09574468 0.72727273 0.83333333
0.07446809 0.77272727 1.00000000
0.07446809 0.59090909 0.80000000
0.04255319 0.45454545 0.96666667
0.02127660 0.50000000 0.90000000
0.00000000 0.45454545 1.00000000
0.00000000 0.27272727 0.93333333
