3.9441 0.4919 1.0000
3.9938 0.4784 0.9933
4.0248 0.4515 0.9849
4.0497 0.4286 0.9777
4.0807 0.4030 0.9671
4.1056 0.3935 0.9582
4.1304 0.3639 0.9459
4.1304 0.3504 0.9387
4.1615 0.3261 0.9270
4.1553 0.3140 0.9175
4.1553 0.2884 0.9064
4.1615 0.2722 0.8958
4.1553 0.2574 0.8818
4.1429 0.2412 0.8712
4.1118 0.2210 0.8584
4.0994 0.1995 0.8478
4.0683 0.1833 0.8333
4.0373 0.1712 0.8205
3.9876 0.1577 0.8071
3.9441 0.1375 0.7949
3.8882 0.1253 0.7776
3.8385 0.1213 0.7648
3.7764 0.1092 0.7508
3.7329 0.0970 0.7375
3.6832 0.0903 0.7235
3.6273 0.0782 0.7113
3.5466 0.0593 0.6984
3.4845 0.0512 0.6845
3.4224 0.0431 0.6700
3.3727 0.0404 0.6577
3.2919 0.0323 0.6449
3.2298 0.0270 0.6321
3.1366 0.0216 0.6204
3.0994 0.0243 0.6059
2.9814 0.0067 0.5920
2.9006 0.0054 0.5780
2.8323 0.0054 0.5658
2.7578 0.0081 0.5552
2.6584 0.0000 0.5407
2.5776 0.0040 0.5290
2.4845 0.0067 0.5145
2.3913 0.0135 0.5045
2.2981 0.0040 0.4916
2.2050 0.0094 0.4799
2.1180 0.0094 0.4654
2.0248 0.0216 0.4532
1.9255 0.0256 0.4404
1.8199 0.0296 0.4309
1.7329 0.0310 0.4175
1.6398 0.0404 0.4069
1.5342 0.0445 0.3941
1.4472 0.0499 0.3846
1.3602 0.0566 0.3724
1.2733 0.0647 0.3618
1.1863 0.0809 0.3506
1.0932 0.0822 0.3406
1.0000 0.0957 0.3278
0.9006 0.0997 0.3194
0.8199 0.1159 0.3082
0.7391 0.1280 0.2982
0.6522 0.1334 0.2887
0.5901 0.1456 0.2798
0.5031 0.1550 0.2715
0.4472 0.1725 0.2620
0.3665 0.1846 0.2520
0.2795 0.1981 0.2441
0.2050 0.2089 0.2363
0.1366 0.2251 0.2291
0.0621 0.2453 0.2185
0.0000 0.2655 0.2107
-0.0745 0.2790 0.2012
-0.1304 0.2978 0.1962
-0.1925 0.3086 0.1878
-0.2484 0.3288 0.1800
-0.2981 0.3464 0.1695
-0.3478 0.3720 0.1605
-0.4348 0.3962 0.1538
-0.4907 0.4084 0.1505
-0.5466 0.4353 0.1410
-0.5901 0.4582 0.1321
-0.6460 0.4811 0.1226
-0.6832 0.5040 0.1165
-0.7329 0.5243 0.1126
-0.7578 0.5499 0.1037
-0.8137 0.5728 0.0948
-0.8571 0.6078 0.0853
-0.8944 0.6294 0.0780
-0.9441 0.6536 0.0741
-0.9876 0.6792 0.0674
-1.0062 0.7089 0.0608
-1.0435 0.7385 0.0507
-1.0683 0.7655 0.0446
-1.0932 0.7938 0.0373
-1.1180 0.8235 0.0340
-1.1677 0.8518 0.0262
-1.1553 0.8747 0.0223
-1.1739 0.9057 0.0145
-1.1863 0.9380 0.0084
-1.2112 0.9717 0.0028
-1.2174 1.0000 0.0000
