1.00000000 0.51166811 0.95127993
0.99511855 0.49006050 0.97274979
0.98953975 0.48573898 0.98183320
0.98186890 0.47623163 0.98843931
0.97629010 0.46499568 0.99504542
0.97001395 0.43733794 0.99834847
0.96722455 0.42610199 1.00000000
0.96164575 0.41313742 0.99009083
0.96094840 0.40795160 0.98431049
0.96304045 0.38029386 0.97687861
0.96513250 0.37597234 0.96284063
0.96443515 0.36214347 0.94302230
0.96861925 0.35522904 0.92981007
0.97001395 0.34658600 0.91164327
0.97350070 0.34831461 0.89347647
0.97210600 0.35090752 0.87696119
0.97768480 0.34745030 0.86952931
0.97838215 0.34226448 0.84558216
0.98465830 0.32670700 0.84475640
0.98047420 0.35263613 0.81420314
0.98675035 0.33102852 0.81668043
0.98465830 0.34485739 0.80181668
0.98953975 0.34485739 0.79273328
0.99023710 0.34917891 0.78447564
0.99302650 0.35004322 0.77208918
0.99232915 0.33448574 0.78034682
0.99302650 0.35436474 0.76052849
0.99093445 0.34140017 0.76630884
0.99163180 0.34658600 0.75722543
0.98675035 0.33535004 0.76383154
0.98256625 0.35350043 0.74814203
0.97907950 0.33275713 0.75144509
0.97419805 0.32584270 0.75392238
0.96443515 0.31201383 0.75061932
0.96025105 0.30769231 0.74979356
0.95397490 0.29127053 0.73988439
0.94839609 0.27917027 0.74401321
0.93863319 0.26879862 0.72667217
0.93096234 0.25064823 0.72749794
0.92119944 0.23249784 0.71180842
0.90934449 0.20397580 0.71098266
0.89330544 0.19706137 0.68455822
0.87935844 0.17631806 0.68125516
0.86331939 0.16940363 0.66473988
0.83960948 0.14347450 0.65483072
0.81659693 0.12878133 0.63501239
0.79916318 0.10458081 0.61519405
0.77196653 0.09593777 0.59454996
0.74686192 0.08210890 0.57720892
0.72036262 0.06309421 0.55656482
0.69386332 0.04667243 0.53592073
0.66248257 0.02765774 0.51775392
0.63458856 0.02592913 0.49050372
0.60390516 0.01555748 0.45829893
0.57531381 0.01210026 0.42857143
0.54044630 0.00345722 0.40792733
0.50906555 0.00432152 0.38480595
0.47698745 0.00000000 0.36581338
0.44769874 0.00259291 0.33278282
0.41352859 0.01555748 0.30470685
0.38005579 0.02420052 0.28158547
0.35006974 0.03630078 0.25598679
0.31799163 0.05185825 0.23286540
0.28870293 0.06309421 0.20726672
0.26011158 0.08988764 0.18662263
0.23709902 0.10285220 0.16597853
0.21059972 0.13396716 0.14285714
0.18619247 0.16076059 0.11973576
0.16178522 0.19014693 0.10074319
0.14086471 0.22039758 0.08257638
0.11785216 0.25324114 0.07018993
0.09693166 0.29299914 0.05862923
0.08298466 0.32152118 0.05119736
0.06136681 0.36214347 0.03303055
0.05020921 0.39066551 0.02642444
0.03417015 0.42696629 0.02642444
0.02719665 0.45721694 0.01981833
0.01673640 0.49524633 0.01899257
0.00697350 0.53414002 0.01816680
0.00697350 0.55661193 0.02312139
0.00139470 0.59809853 0.01568951
0.00069735 0.62229905 0.01073493
0.00000000 0.64995678 0.01734104
0.00348675 0.67502161 0.01403799
0.00418410 0.70527226 0.02229562
0.00069735 0.73984443 0.02146986
0.01046025 0.76058773 0.01899257
0.01185495 0.77873812 0.02477291
0.01603905 0.80207433 0.02312139
0.02092050 0.81158168 0.02807597
0.03068340 0.84096802 0.02312139
0.03765690 0.86084702 0.01899257
0.04253835 0.88072602 0.02807597
0.05788006 0.89541919 0.02146986
0.06276151 0.91443388 0.01981833
0.07112971 0.93258427 0.00743187
0.07601116 0.94554883 0.01073493
0.08647141 0.96715644 0.00000000
0.08995816 0.98184961 0.00082576
0.09483961 1.00000000 0.00000000
