0.8182 0.8667 0.5833
1.0000 0.8000 0.6667
0.6364 0.8000 0.5833
1.0000 0.8667 0.8333
0.5455 0.7333 0.5833
0.8182 0.7333 0.6667
0.4545 0.7333 0.5833
0.8182 0.8667 0.7500
0.5455 0.8000 0.5000
0.7273 1.0000 0.7500
0.4545 0.8000 0.5833
0.7273 0.9333 0.8333
0.5455 1.0000 0.6667
0.8182 0.9333 0.8333
0.4545 0.8667 0.6667
0.8182 1.0000 0.9167
0.6364 0.8000 0.6667
0.9091 0.9333 1.0000
0.6364 0.8667 0.6667
0.8182 0.8667 0.9167
0.7273 0.8667 0.5833
0.9091 0.6667 0.7500
0.6364 0.6000 0.9167
1.0000 0.7333 0.8333
0.5455 0.4667 0.5000
0.6364 0.5333 0.6667
0.3636 0.4000 0.2500
0.3636 0.4000 0.5000
0.2727 0.2000 0.2500
0.0909 0.3333 0.3333
0.0909 0.0667 0.1667
0.2727 0.2000 0.4167
0.0000 0.0667 0.2500
0.1818 0.2000 0.4167
0.0000 0.0667 0.2500
0.2727 0.2667 0.5000
0.0909 0.2667 0.1667
0.1818 0.2000 0.4167
0.0909 0.0667 0.0000
0.2727 0.1333 0.3333
0.0000 0.0000 0.0833
0.2727 0.3333 0.3333
0.0909 0.0000 0.0833
0.2727 0.1333 0.4167
0.1818 0.1333 0.0833
0.1818 0.2000 0.4167
0.1818 0.0667 0.1667
0.2727 0.2000 0.4167
0.2727 0.0667 0.2500
0.2727 0.4000 0.4167
0.1818 0.2000 0.3333
0.2727 0.3333 0.3333
0.3636 0.2000 0.3333
0.4545 0.4000 0.5833
0.2727 0.3333 0.3333
0.4545 0.4667 0.5833
0.5455 0.3333 0.5000
0.2727 0.6000 0.5833
0.4545 0.2000 0.3333
0.6364 0.4667 0.5833
0.3636 0.4000 0.3333
0.4545 0.6000 0.6667
0.6364 0.3333 0.4167
0.6364 0.5333 0.6667
0.6364 0.5333 0.5000
0.6364 0.6000 0.6667
0.4545 0.4667 0.5833
0.6364 0.5333 0.6667
0.7273 0.3333 0.5833
0.5455 0.6000 0.5000
0.5455 0.2667 0.5833
0.5455 0.4667 0.5833
0.3636 0.0667 0.8333
0.8182 0.6000 0.5833
0.3636 0.2667 0.4167
0.5455 0.4667 0.5833
0.4545 0.2000 0.3333
0.3636 0.4000 0.6667
0.4545 0.3333 0.3333
0.3636 0.5333 0.5000
0.4545 0.3333 0.5000
0.4545 0.4667 0.4167
0.5455 0.2000 0.5833
0.3636 0.5333 0.4167
0.4545 0.2000 0.4167
0.3636 0.4667 0.5000
0.4545 0.1333 0.4167
0.3636 0.4667 0.5000
0.4545 0.3333 0.3333
0.3636 0.7333 0.5000
0.5455 0.4000 0.4167
0.3636 0.5333 0.5833
0.4545 0.2000 0.3333
0.4545 0.6000 0.5000
0.6364 0.4000 0.3333
0.4545 0.6000 0.5833
0.6364 0.4667 0.4167
0.3636 0.6000 0.5833
0.6364 0.5333 0.5000
0.4545 0.5333 0.5000
