0.44561404 0.50023866 1.00000000
0.45029240 0.49737470 0.99395018
0.45789474 0.49451074 0.98790036
0.46491228 0.49832936 0.98327402
0.47017544 0.50310263 0.97793594
0.47543860 0.49642005 0.96975089
0.48187135 0.50071599 0.96512456
0.48654971 0.50405728 0.96156584
0.49005848 0.50214797 0.95338078
0.49415205 0.50357995 0.94911032
0.50292398 0.50596659 0.94306050
0.51052632 0.51455847 0.93879004
0.51228070 0.51599045 0.93167260
0.51754386 0.51599045 0.92562278
0.52280702 0.52171838 0.92064057
0.53099415 0.52505967 0.91637011
0.53625731 0.52601432 0.90925267
0.54502924 0.52983294 0.90462633
0.55321637 0.53747017 0.90106762
0.55906433 0.53985680 0.89537367
0.56374269 0.54463007 0.89181495
0.57134503 0.54510740 0.88825623
0.57602339 0.55178998 0.88576512
0.57953216 0.55608592 0.88291815
0.58596491 0.56324582 0.88113879
0.59356725 0.56706444 0.87935943
0.60000000 0.56754177 0.87508897
0.60292398 0.57088305 0.87295374
0.60760234 0.57183771 0.87046263
0.61228070 0.57565632 0.86939502
0.61754386 0.57565632 0.86725979
0.62280702 0.57374702 0.86334520
0.62807018 0.57040573 0.86049822
0.63333333 0.57279236 0.86085409
0.63567251 0.57374702 0.85836299
0.63859649 0.57136038 0.85693950
0.64385965 0.56897375 0.85480427
0.64678363 0.56945107 0.85551601
0.65087719 0.56706444 0.85409253
0.65614035 0.56372315 0.85231317
0.65964912 0.56276850 0.85124555
0.66315789 0.56085919 0.85053381
0.66842105 0.55608592 0.84911032
0.67485380 0.55417661 0.84768683
0.67953216 0.54415274 0.84341637
0.68654971 0.54033413 0.84234875
0.69356725 0.53794749 0.83985765
0.69941520 0.53317422 0.83665480
0.70643275 0.51599045 0.82953737
0.71111111 0.51026253 0.82704626
0.71520468 0.49976134 0.82419929
0.71812865 0.48257757 0.81743772
0.72456140 0.45966587 0.80889680
0.72982456 0.44486874 0.80213523
0.73040936 0.42482100 0.79395018
0.73040936 0.40000000 0.78149466
0.72923977 0.37326969 0.77046263
0.72514620 0.34224344 0.75622776
0.71286550 0.31217184 0.73985765
0.70175439 0.27159905 0.71565836
0.68362573 0.23675418 0.69359431
0.65614035 0.19093079 0.66192171
0.61695906 0.15608592 0.62918149
0.57192982 0.10739857 0.58362989
0.51637427 0.07064439 0.53558719
0.44678363 0.03532220 0.47971530
0.36959064 0.01670644 0.41779359
0.29181287 0.00000000 0.34483986
0.20818713 0.01193317 0.27153025
0.12748538 0.04200477 0.20000000
0.06081871 0.09976134 0.12953737
0.01578947 0.17661098 0.07081851
0.00000000 0.27732697 0.02597865
0.01052632 0.39713604 0.00604982
0.05730994 0.51742243 0.00000000
0.12046784 0.64391408 0.02064057
0.21286550 0.74558473 0.05516014
0.30350877 0.84486874 0.10782918
0.40818713 0.90787589 0.16548043
0.50058480 0.95704057 0.22953737
0.58947368 0.98042959 0.29145907
0.66081871 1.00000000 0.35266904
0.72748538 0.99570406 0.40782918
0.78070175 0.98377088 0.45800712
0.82280702 0.96801909 0.50320285
0.85730994 0.95131265 0.54448399
0.88479532 0.92362768 0.57758007
0.90877193 0.89069212 0.60569395
0.92514620 0.86682578 0.62846975
0.93859649 0.84534606 0.64839858
0.94912281 0.82004773 0.66370107
0.95906433 0.79188544 0.67651246
0.96374269 0.77470167 0.69003559
0.97192982 0.75704057 0.69537367
0.97719298 0.73556086 0.70142349
0.98187135 0.71694511 0.70462633
0.98654971 0.70883055 0.70996441
0.99064327 0.69689737 0.70996441
0.99415205 0.68973747 0.71281139
1.00000000 0.67828162 0.71174377
