0.65000000 0.14285714 0.07142857
0.85000000 0.14285714 0.28571429
0.75000000 0.42857143 0.07142857
0.85000000 0.57142857 0.28571429
0.75000000 0.57142857 0.07142857
0.75000000 0.14285714 0.28571429
0.80000000 0.57142857 0.07142857
0.75000000 0.42857143 0.28571429
0.85000000 0.42857143 0.21428571
0.85000000 0.42857143 0.21428571
0.80000000 0.28571429 0.21428571
0.80000000 0.28571429 0.14285714
0.75000000 0.42857143 0.14285714
0.80000000 0.42857143 0.00000000
0.80000000 0.57142857 0.14285714
0.95000000 0.28571429 0.14285714
0.75000000 0.14285714 0.21428571
0.80000000 0.71428571 0.21428571
0.80000000 0.42857143 0.21428571
0.85000000 0.28571429 0.21428571
0.85000000 0.28571429 0.14285714
0.75000000 0.28571429 0.21428571
0.80000000 0.28571429 0.57142857
1.00000000 0.57142857 0.14285714
0.80000000 0.42857143 0.21428571
0.90000000 0.14285714 0.14285714
0.75000000 0.42857143 0.21428571
0.85000000 0.42857143 0.28571429
0.75000000 0.57142857 0.07142857
0.80000000 0.42857143 0.28571429
0.80000000 0.57142857 0.14285714
0.80000000 0.28571429 0.14285714
0.80000000 0.71428571 0.14285714
0.90000000 0.28571429 0.21428571
0.70000000 0.42857143 0.35714286
0.90000000 0.42857143 0.07142857
0.70000000 0.57142857 0.21428571
0.90000000 0.42857143 0.21428571
0.80000000 0.57142857 0.14285714
0.80000000 0.57142857 0.14285714
0.75000000 0.28571429 0.14285714
0.80000000 0.42857143 0.14285714
0.75000000 0.71428571 0.28571429
0.75000000 0.42857143 0.07142857
0.80000000 0.42857143 0.21428571
0.80000000 0.42857143 0.07142857
0.75000000 0.42857143 0.21428571
0.90000000 0.14285714 0.14285714
0.70000000 0.28571429 0.28571429
0.80000000 0.28571429 0.21428571
0.85000000 0.57142857 0.21428571
0.75000000 0.57142857 0.21428571
0.85000000 0.57142857 0.21428571
0.75000000 0.14285714 0.14285714
0.80000000 0.57142857 0.28571429
0.85000000 0.71428571 0.07142857
0.65000000 0.57142857 0.21428571
0.95000000 0.57142857 0.28571429
0.80000000 0.42857143 0.21428571
0.80000000 0.42857143 0.14285714
0.85000000 0.42857143 0.28571429
0.80000000 0.42857143 0.14285714
0.85000000 0.71428571 0.28571429
0.75000000 0.28571429 0.21428571
0.75000000 0.42857143 0.21428571
0.85000000 0.42857143 0.28571429
0.70000000 0.57142857 0.28571429
0.80000000 0.57142857 0.14285714
0.75000000 0.42857143 0.14285714
0.70000000 0.42857143 0.14285714
0.75000000 0.42857143 0.28571429
0.80000000 0.28571429 0.21428571
0.75000000 0.14285714 0.57142857
0.90000000 0.57142857 0.14285714
0.80000000 0.57142857 0.28571429
0.85000000 0.42857143 0.28571429
0.70000000 0.42857143 0.21428571
0.85000000 0.14285714 0.21428571
0.70000000 0.14285714 0.21428571
0.95000000 0.14285714 0.21428571
0.75000000 0.42857143 0.14285714
0.90000000 0.28571429 0.21428571
0.85000000 0.00000000 0.35714286
0.85000000 0.14285714 0.14285714
0.80000000 0.42857143 0.35714286
0.75000000 0.57142857 0.21428571
0.70000000 0.71428571 0.50000000
0.75000000 0.42857143 0.35714286
0.65000000 0.57142857 0.50000000
0.70000000 0.57142857 0.35714286
0.65000000 0.57142857 0.50000000
0.70000000 0.42857143 0.57142857
0.60000000 0.14285714 0.71428571
0.55000000 0.28571429 0.64285714
0.40000000 0.28571429 0.78571429
0.40000000 0.28571429 0.71428571
0.20000000 0.85714286 1.00000000
0.25000000 1.00000000 0.92857143
0.00000000 1.00000000 1.00000000
0.05000000 0.71428571 0.92857143
