0.0163 1.0000 0.6374
0.0163 0.9987 0.6484
0.0136 0.9962 0.7253
0.0163 0.9955 0.6923
0.0122 0.9943 0.7253
0.0095 0.9924 0.7033
0.0054 0.9885 0.7473
0.0095 0.9860 0.7253
0.0027 0.9822 0.7363
0.0068 0.9765 0.7582
0.0027 0.9707 0.7912
0.0054 0.9637 0.7582
0.0000 0.9567 0.7802
0.0027 0.9510 0.7912
0.0027 0.9440 0.7912
0.0054 0.9370 0.7692
0.0054 0.9300 0.7912
0.0095 0.9205 0.7802
0.0081 0.9128 0.8242
0.0149 0.9052 0.7912
0.0149 0.8969 0.8352
0.0190 0.8899 0.7912
0.0176 0.8810 0.8352
0.0244 0.8709 0.8132
0.0271 0.8632 0.8462
0.0312 0.8537 0.8352
0.0352 0.8454 0.8791
0.0379 0.8391 0.8571
0.0393 0.8308 0.8901
0.0420 0.8219 0.8791
0.0434 0.8142 0.9011
0.0515 0.8047 0.8791
0.0515 0.7971 0.9341
0.0583 0.7894 0.9011
0.0583 0.7837 0.9560
0.0637 0.7786 0.9121
0.0650 0.7716 0.9231
0.0691 0.7627 0.9011
0.0678 0.7564 0.9231
0.0745 0.7487 0.9121
0.0772 0.7430 0.9231
0.0827 0.7354 0.9121
0.0854 0.7296 0.9560
0.0894 0.7233 0.9341
0.0894 0.7156 0.9560
0.0949 0.7067 0.9341
0.0976 0.7017 0.9670
0.1030 0.6953 0.9560
0.1030 0.6883 0.9780
0.1098 0.6807 0.9451
0.1098 0.6705 0.9780
0.1192 0.6603 0.9341
0.1206 0.6495 1.0000
0.1369 0.6431 0.9231
0.1369 0.6330 0.9341
0.1436 0.6215 0.9231
0.1518 0.6094 0.9231
0.1640 0.5999 0.8791
0.1707 0.5878 0.8901
0.1802 0.5776 0.8901
0.1897 0.5662 0.9011
0.2019 0.5515 0.8791
0.2127 0.5401 0.9121
0.2249 0.5280 0.8462
0.2304 0.5178 0.9011
0.2480 0.5032 0.8462
0.2575 0.4911 0.8571
0.2724 0.4784 0.8242
0.2832 0.4669 0.8132
0.3008 0.4529 0.8132
0.3130 0.4377 0.8022
0.3320 0.4230 0.7692
0.3442 0.4109 0.7692
0.3659 0.3944 0.7363
0.3808 0.3791 0.7363
0.3984 0.3632 0.7033
0.4119 0.3486 0.6923
0.4336 0.3340 0.6264
0.4472 0.3168 0.6264
0.4688 0.3034 0.5604
0.4878 0.2869 0.5495
0.5122 0.2704 0.4945
0.5325 0.2545 0.5275
0.5542 0.2411 0.4615
0.5745 0.2277 0.4615
0.5989 0.2087 0.4176
0.6220 0.1953 0.4505
0.6450 0.1813 0.3626
0.6640 0.1660 0.3846
0.6938 0.1527 0.3297
0.7168 0.1387 0.3187
0.7466 0.1234 0.2637
0.7751 0.1081 0.2637
0.8103 0.0922 0.2088
0.8347 0.0763 0.2308
0.8713 0.0617 0.1648
0.9011 0.0477 0.1758
0.9295 0.0318 0.1319
0.9607 0.0146 0.0989
1.0000 0.0000 0.0000
