0.9076 -0.5687 0.1613
0.9135 -0.5296 0.1613
0.9233 -0.4825 0.1613
0.9312 -0.4353 0.1720
0.9341 -0.3895 0.1828
0.9420 -0.3410 0.1828
0.9459 -0.2884 0.1720
0.9548 -0.2426 0.1613
0.9617 -0.1914 0.1613
0.9666 -0.1469 0.1613
0.9735 -0.0984 0.1505
0.9784 -0.0485 0.1505
0.9823 0.0000 0.1398
0.9843 0.0472 0.1290
0.9853 0.1038 0.1398
0.9912 0.1523 0.1505
0.9931 0.2049 0.1505
0.9941 0.2601 0.1505
0.9980 0.3086 0.1505
1.0000 0.3625 0.1505
0.9980 0.4205 0.1398
0.9990 0.4663 0.1398
0.9990 0.5256 0.1075
0.9980 0.5768 0.1075
0.9990 0.6307 0.1075
0.9971 0.6846 0.0860
0.9980 0.7332 0.1075
0.9961 0.7898 0.0968
0.9921 0.8437 0.0968
0.9931 0.8922 0.0860
0.9912 0.9501 0.0860
0.9862 1.0000 0.0753
0.9843 1.0553 0.0753
0.9794 1.1119 0.0753
0.9744 1.1631 0.0753
0.9715 1.2129 0.1075
0.9646 1.2668 0.0968
0.9597 1.3167 0.1075
0.9548 1.3774 0.0968
0.9469 1.4272 0.1075
0.9430 1.4771 0.0968
0.9371 1.5337 0.0968
0.9322 1.5836 0.1183
0.9302 1.6280 0.0645
0.9184 1.6833 0.0538
0.9125 1.7318 0.0645
0.9056 1.7898 0.0430
0.8987 1.8477 0.0430
0.8909 1.8935 0.0215
0.8820 1.9501 0.0215
0.8712 2.0067 0.0108
0.8633 2.0512 0.0323
0.8545 2.1159 0.0215
0.8417 2.1604 0.0323
0.8328 2.2237 0.0215
0.8210 2.2749 0.0000
0.8083 2.3275 0.0215
0.7984 2.3760 0.0323
0.7876 2.4367 0.0000
0.7768 2.4852 0.0108
0.7630 2.5445 0.0108
0.7512 2.5930 0.0215
0.7365 2.6523 0.0215
0.7247 2.7102 0.0108
0.7099 2.7682 0.0323
0.6971 2.8194 0.0215
0.6834 2.8787 0.0430
0.6686 2.9259 0.0645
0.6539 2.9811 0.1075
0.6323 3.0364 0.1290
0.6185 3.0943 0.1720
0.5998 3.1604 0.1505
0.5841 3.2116 0.1720
0.5664 3.2534 0.2258
0.5497 3.3127 0.2473
0.5300 3.3544 0.2688
0.5123 3.4111 0.2688
0.4926 3.4596 0.2688
0.4730 3.5121 0.3011
0.4543 3.5593 0.3226
0.4336 3.6105 0.3441
0.4159 3.6550 0.3656
0.3933 3.7116 0.3763
0.3727 3.7493 0.4516
0.3481 3.7965 0.4731
0.3245 3.8423 0.5054
0.3009 3.8881 0.5591
0.2743 3.9313 0.6237
0.2517 3.9879 0.6129
0.2271 4.0229 0.6344
0.2045 4.0620 0.6989
0.1809 4.0970 0.7527
0.1573 4.1348 0.8065
0.1396 4.1698 0.8065
0.1141 4.2075 0.7957
0.0895 4.2332 0.8710
0.0688 4.2709 0.9032
0.0472 4.2978 0.9355
0.0236 4.3383 0.9570
0.0000 4.3639 1.0000
