0.0000 0.0000 1.0000
0.0396 0.0093 0.9200
0.0752 0.0197 0.8800
0.1129 0.0270 0.8000
0.1545 0.0344 0.7000
0.1921 0.0439 0.6000
0.2337 0.0510 0.6400
0.2634 0.0603 0.5600
0.2970 0.0704 0.5800
0.3307 0.0808 0.4800
0.3604 0.0912 0.5200
0.3921 0.1002 0.5000
0.4198 0.1086 0.4800
0.4475 0.1174 0.4400
0.4772 0.1253 0.4200
0.4990 0.1326 0.3800
0.5248 0.1427 0.4000
0.5505 0.1504 0.3800
0.5683 0.1599 0.4000
0.5921 0.1695 0.3400
0.6119 0.1771 0.3200
0.6416 0.1856 0.3000
0.6574 0.1943 0.3400
0.6931 0.2031 0.2600
0.7069 0.2121 0.2400
0.7228 0.2208 0.2400
0.7366 0.2306 0.2600
0.7584 0.2410 0.2800
0.7762 0.2511 0.2400
0.7960 0.2598 0.2600
0.8139 0.2699 0.3000
0.8257 0.2778 0.3000
0.8455 0.2874 0.3000
0.8614 0.2969 0.3200
0.8673 0.3062 0.3400
0.8832 0.3160 0.3400
0.8911 0.3267 0.3200
0.9089 0.3360 0.3000
0.9228 0.3463 0.3000
0.9327 0.3553 0.3000
0.9465 0.3652 0.2800
0.9564 0.3753 0.2800
0.9644 0.3851 0.2600
0.9683 0.3947 0.2400
0.9703 0.4061 0.2600
0.9822 0.4159 0.2800
0.9861 0.4266 0.2800
0.9881 0.4378 0.2800
0.9960 0.4476 0.2800
1.0000 0.4585 0.2800
0.9960 0.4703 0.2600
0.9980 0.4795 0.2600
0.9980 0.4915 0.2000
0.9960 0.5019 0.2000
0.9980 0.5128 0.2000
0.9941 0.5237 0.1600
0.9960 0.5336 0.2000
0.9921 0.5450 0.1800
0.9842 0.5559 0.1800
0.9861 0.5658 0.1600
0.9822 0.5775 0.1600
0.9723 0.5876 0.1400
0.9683 0.5988 0.1400
0.9584 0.6103 0.1400
0.9485 0.6206 0.1400
0.9426 0.6307 0.2000
0.9287 0.6416 0.1800
0.9188 0.6517 0.2000
0.9089 0.6640 0.1800
0.8931 0.6741 0.2000
0.8851 0.6842 0.1800
0.8733 0.6957 0.1800
0.8634 0.7058 0.2200
0.8594 0.7148 0.1200
0.8356 0.7260 0.1000
0.8238 0.7358 0.1200
0.8099 0.7475 0.0800
0.7960 0.7593 0.0800
0.7802 0.7686 0.0400
0.7624 0.7800 0.0400
0.7406 0.7915 0.0200
0.7248 0.8005 0.0600
0.7069 0.8136 0.0400
0.6812 0.8226 0.0600
0.6634 0.8354 0.0400
0.6396 0.8458 0.0000
0.6139 0.8564 0.0400
0.5941 0.8663 0.0600
0.5723 0.8785 0.0000
0.5505 0.8884 0.0200
0.5228 0.9004 0.0200
0.4990 0.9102 0.0400
0.4693 0.9222 0.0400
0.4455 0.9340 0.0200
0.4158 0.9457 0.0600
0.3901 0.9561 0.0400
0.3624 0.9681 0.0800
0.3327 0.9776 0.1200
0.3030 0.9888 0.2000
0.2594 1.0000 0.2400
