0.13333333 0.98159509 0.07317073
0.08888889 1.00000000 0.07317073
0.11111111 0.97546012 0.02439024
0.02222222 1.00000000 0.07317073
0.08888889 0.96932515 0.07317073
0.04444444 0.98773006 0.07317073
0.08888889 0.96932515 0.04878049
0.04444444 0.98159509 0.07317073
0.08888889 0.97546012 0.09756098
0.04444444 0.98159509 0.09756098
0.08888889 0.96932515 0.09756098
0.02222222 0.98159509 0.09756098
0.08888889 0.98159509 0.09756098
0.04444444 0.98159509 0.04878049
0.08888889 0.98773006 0.09756098
0.06666667 0.97546012 0.07317073
0.06666667 0.97546012 0.07317073
0.04444444 0.98773006 0.00000000
0.04444444 0.99386503 0.07317073
0.04444444 1.00000000 0.02439024
0.02222222 1.00000000 0.04878049
0.04444444 1.00000000 0.04878049
0.04444444 0.97546012 0.09756098
0.00000000 0.98773006 0.04878049
0.04444444 0.96319018 0.07317073
0.04444444 0.96319018 0.07317073
0.06666667 0.94478528 0.12195122
0.08888889 0.94478528 0.14634146
0.11111111 0.89570552 0.09756098
0.08888889 0.91411043 0.14634146
0.15555556 0.87730061 0.19512195
0.11111111 0.88343558 0.21951220
0.17777778 0.87116564 0.31707317
0.26666667 0.85889571 0.14634146
0.24444444 0.84049080 0.19512195
0.17777778 0.84662577 0.24390244
0.26666667 0.81595092 0.26829268
0.22222222 0.81595092 0.26829268
0.26666667 0.81595092 0.29268293
0.24444444 0.78527607 0.26829268
0.28888889 0.75460123 0.34146341
0.24444444 0.75460123 0.29268293
0.28888889 0.75460123 0.34146341
0.24444444 0.73619632 0.29268293
0.28888889 0.71779141 0.39024390
0.24444444 0.71779141 0.29268293
0.24444444 0.68098160 0.41463415
0.15555556 0.66257669 0.34146341
0.15555556 0.63803681 0.41463415
0.15555556 0.64417178 0.36585366
0.24444444 0.62576687 0.39024390
0.13333333 0.64417178 0.39024390
0.20000000 0.62576687 0.41463415
0.17777778 0.61349693 0.39024390
0.22222222 0.60122699 0.41463415
0.17777778 0.57055215 0.36585366
0.24444444 0.58282209 0.41463415
0.20000000 0.58282209 0.41463415
0.22222222 0.57055215 0.48780488
0.22222222 0.54601227 0.43902439
0.24444444 0.52760736 0.48780488
0.26666667 0.52147239 0.46341463
0.24444444 0.50306748 0.48780488
0.26666667 0.51533742 0.46341463
0.33333333 0.49079755 0.51219512
0.24444444 0.49693252 0.51219512
0.31111111 0.49079755 0.48780488
0.24444444 0.49079755 0.53658537
0.28888889 0.47852761 0.53658537
0.26666667 0.46625767 0.53658537
0.31111111 0.47239264 0.58536585
0.26666667 0.45398773 0.56097561
0.33333333 0.46012270 0.58536585
0.31111111 0.42944785 0.58536585
0.33333333 0.42944785 0.60975610
0.37777778 0.40490798 0.60975610
0.42222222 0.40490798 0.63414634
0.44444444 0.38036810 0.63414634
0.46666667 0.36196319 0.65853659
0.53333333 0.35582822 0.60975610
0.57777778 0.33128834 0.63414634
0.57777778 0.33128834 0.65853659
0.68888889 0.30061350 0.82926829
0.73333333 0.32515337 0.70731707
0.71111111 0.28834356 0.73170732
0.68888889 0.27607362 0.73170732
0.84444444 0.25153374 0.78048780
0.77777778 0.23312883 0.82926829
0.88888889 0.21472393 0.80487805
0.86666667 0.20245399 0.82926829
0.97777778 0.17791411 0.90243902
0.93333333 0.15337423 0.82926829
0.95555556 0.14723926 0.95121951
0.93333333 0.12883436 0.85365854
0.95555556 0.12883436 0.97560976
0.95555556 0.09202454 0.90243902
1.00000000 0.06134969 0.95121951
0.97777778 0.05521472 0.92682927
0.95555556 0.01840491 1.00000000
1.00000000 0.00000000 0.97560976
