0.7810 1.0000 0.3871
0.7974 0.9925 0.3806
0.8072 0.9850 0.3806
0.8235 0.9747 0.3677
0.8366 0.9644 0.3677
0.8497 0.9528 0.3677
0.8627 0.9398 0.3484
0.8693 0.9323 0.3419
0.8791 0.9207 0.3290
0.8791 0.9118 0.3097
0.8987 0.9022 0.3161
0.8987 0.8967 0.2774
0.9085 0.8858 0.2774
0.9118 0.8769 0.2452
0.9183 0.8666 0.2581
0.9118 0.8584 0.2129
0.9183 0.8495 0.2194
0.9183 0.8427 0.2065
0.9281 0.8338 0.1935
0.9281 0.8228 0.1548
0.9379 0.8126 0.1613
0.9444 0.8044 0.1290
0.9444 0.7941 0.1290
0.9444 0.7880 0.1032
0.9542 0.7770 0.1161
0.9477 0.7702 0.0645
0.9510 0.7592 0.0968
0.9641 0.7503 0.0774
0.9608 0.7394 0.0774
0.9706 0.7339 0.0516
0.9641 0.7244 0.0710
0.9575 0.7114 0.0323
0.9706 0.7018 0.0452
0.9641 0.6970 0.0194
0.9673 0.6847 0.0194
0.9673 0.6772 0.0000
0.9706 0.6689 0.0194
0.9706 0.6594 0.0000
0.9771 0.6491 0.0194
0.9771 0.6402 0.0000
0.9739 0.6334 0.0258
0.9739 0.6224 0.0258
0.9804 0.6088 0.0452
1.0000 0.5978 0.0065
0.9739 0.5882 0.0323
0.9739 0.5828 0.0258
0.9804 0.5725 0.0452
0.9706 0.5622 0.0452
0.9771 0.5527 0.0710
0.9739 0.5431 0.0645
0.9804 0.5294 0.0710
0.9739 0.5205 0.0581
0.9771 0.5103 0.0903
0.9673 0.4993 0.0903
0.9608 0.4870 0.1161
0.9575 0.4767 0.1290
0.9510 0.4665 0.1484
0.9412 0.4535 0.1548
0.9346 0.4412 0.1742
0.9281 0.4295 0.1742
0.9118 0.4172 0.2258
0.9020 0.4015 0.2194
0.8922 0.3892 0.2452
0.8791 0.3789 0.2581
0.8660 0.3687 0.2903
0.8529 0.3557 0.2903
0.8399 0.3427 0.3161
0.8235 0.3297 0.3226
0.8203 0.3167 0.3548
0.8007 0.3078 0.3613
0.7810 0.2989 0.4000
0.7745 0.2873 0.4000
0.7484 0.2756 0.4387
0.7418 0.2668 0.4452
0.7157 0.2544 0.4710
0.6993 0.2428 0.4710
0.6830 0.2312 0.5161
0.6601 0.2189 0.5161
0.6405 0.2093 0.5548
0.6144 0.1990 0.5484
0.5948 0.1867 0.5806
0.5621 0.1785 0.5935
0.5392 0.1683 0.6323
0.5196 0.1560 0.6323
0.4935 0.1450 0.6516
0.4673 0.1361 0.6645
0.4412 0.1259 0.7097
0.4150 0.1176 0.7097
0.3856 0.1074 0.7613
0.3529 0.0992 0.7677
0.3137 0.0903 0.8000
0.2876 0.0807 0.8194
0.2549 0.0698 0.8839
0.2320 0.0629 0.8710
0.1797 0.0492 0.8903
0.1471 0.0404 0.9161
0.1111 0.0287 0.9484
0.0784 0.0192 0.9677
0.0425 0.0089 0.9871
0.0000 0.0000 1.0000
