0.98091603 0.00000000 0.00000000
0.99236641 0.00557103 0.00000000
0.98091603 0.00557103 0.04411765
1.00000000 0.02228412 0.02205882
0.96946565 0.01392758 0.03676471
0.98091603 0.03064067 0.05147059
0.96183206 0.03342618 0.06617647
0.96946565 0.04456825 0.07352941
0.96946565 0.05571031 0.10294118
0.96946565 0.06406685 0.11029412
0.95038168 0.07799443 0.11029412
0.95801527 0.08077994 0.13235294
0.94656489 0.11142061 0.13970588
0.94656489 0.10027855 0.15441176
0.93893130 0.10027855 0.16176471
0.95038168 0.08635097 0.16911765
0.93511450 0.09470752 0.18382353
0.93893130 0.10306407 0.19117647
0.92366412 0.12256267 0.20588235
0.91984733 0.12534819 0.20588235
0.90839695 0.13370474 0.23529412
0.91221374 0.12256267 0.25000000
0.90076336 0.13091922 0.27941176
0.90839695 0.14763231 0.27941176
0.88549618 0.16713092 0.30147059
0.88549618 0.18662953 0.29411765
0.86259542 0.19220056 0.33088235
0.86641221 0.19498607 0.34558824
0.85496183 0.18105850 0.36029412
0.85496183 0.18384401 0.37500000
0.83206107 0.19220056 0.39705882
0.81297710 0.21169916 0.42647059
0.79389313 0.21448468 0.45588235
0.79770992 0.21448468 0.46323529
0.78244275 0.23119777 0.49264706
0.78625954 0.23119777 0.50735294
0.77099237 0.24791086 0.54411765
0.75190840 0.27855153 0.55147059
0.73282443 0.27855153 0.58088235
0.73282443 0.27855153 0.57352941
0.72519084 0.26740947 0.61764706
0.72519084 0.26740947 0.62500000
0.70992366 0.26183844 0.63970588
0.69465649 0.29526462 0.64705882
0.68702290 0.30083565 0.66911765
0.66793893 0.30919220 0.69852941
0.66030534 0.30919220 0.71323529
0.65648855 0.32869081 0.71323529
0.64503817 0.34540390 0.74264706
0.63358779 0.37604457 0.74264706
0.61450382 0.39554318 0.76470588
0.61068702 0.38997214 0.78676471
0.60687023 0.38440111 0.82352941
0.62213740 0.38718663 0.83088235
0.59541985 0.38161560 0.83088235
0.59541985 0.40668524 0.84558824
0.57633588 0.42061281 0.85294118
0.56488550 0.44011142 0.88235294
0.55725191 0.42339833 0.88235294
0.56106870 0.43175487 0.87500000
0.55725191 0.43732591 0.86764706
0.56106870 0.46518106 0.87500000
0.53816794 0.49860724 0.87500000
0.54198473 0.50417827 0.88235294
0.53053435 0.50696379 0.86764706
0.53435115 0.49025070 0.89705882
0.51145038 0.49860724 0.88970588
0.51145038 0.52367688 0.88235294
0.48473282 0.55710306 0.88235294
0.46946565 0.57938719 0.87500000
0.44274809 0.58217270 0.91176471
0.44656489 0.56267409 0.91176471
0.43511450 0.56824513 0.91911765
0.41603053 0.61559889 0.89705882
0.40076336 0.65738162 0.91176471
0.40076336 0.67409471 0.91911765
0.38167939 0.65459610 0.94117647
0.37786260 0.61281337 0.96323529
0.35877863 0.64066852 0.97058824
0.35114504 0.73259053 0.91911765
0.33587786 0.74373259 0.93382353
0.32061069 0.74930362 0.93382353
0.29389313 0.72980501 0.94852941
0.29007634 0.72423398 0.95588235
0.26717557 0.76880223 0.96323529
0.25190840 0.79665738 0.94117647
0.22900763 0.80779944 0.96323529
0.21374046 0.81058496 0.94852941
0.19083969 0.81615599 0.97794118
0.18702290 0.83565460 0.98529412
0.16030534 0.85793872 0.97794118
0.12977099 0.90250696 0.97058824
0.10305344 0.89415042 0.97794118
0.09923664 0.89136490 0.99264706
0.08396947 0.89136490 0.99264706
0.06870229 0.92479109 0.98529412
0.03816794 0.94986072 0.97058824
0.03053435 0.99721448 0.97058824
0.00763359 1.00000000 0.99264706
0.00000000 0.99164345 1.00000000
