0.00000000 0.97142857 0.00000000
0.00562852 0.98518519 0.06517312
0.01125704 0.98835979 0.13849287
0.00750469 0.99576720 0.19959267
0.00562852 1.00000000 0.26883910
0.01125704 0.98624339 0.33604888
0.00938086 0.97883598 0.39918534
0.02814259 0.97248677 0.46232179
0.02063790 0.97142857 0.51934827
0.02063790 0.96190476 0.57433809
0.02814259 0.93968254 0.62729124
0.03752345 0.91216931 0.67209776
0.03939962 0.89417989 0.73727088
0.05440901 0.89735450 0.76782077
0.04502814 0.88359788 0.81059063
0.06191370 0.86031746 0.84521385
0.06378987 0.83280423 0.86965377
0.07879925 0.80634921 0.89613035
0.08442777 0.78624339 0.91853360
0.07692308 0.77777778 0.93686354
0.07879925 0.75132275 0.95112016
0.08630394 0.72804233 0.96537678
0.09193246 0.70158730 0.97352342
0.10694184 0.69841270 0.98574338
0.10131332 0.68994709 0.99389002
0.11257036 0.67195767 0.99592668
0.11819887 0.65185185 1.00000000
0.13696060 0.63280423 0.99796334
0.14634146 0.62116402 1.00000000
0.14821764 0.61481481 0.99389002
0.15572233 0.60000000 0.98981670
0.16697936 0.58624339 0.98981670
0.18574109 0.56719577 0.98574338
0.21200750 0.56296296 0.98370672
0.21951220 0.56296296 0.98167006
0.24202627 0.55132275 0.97556008
0.25515947 0.53227513 0.96945010
0.28517824 0.52063492 0.96945010
0.29455910 0.51851852 0.96741344
0.29831144 0.52486772 0.96334012
0.30769231 0.51111111 0.96537678
0.32833021 0.49629630 0.96537678
0.34521576 0.48994709 0.96537678
0.36210131 0.47830688 0.96537678
0.36960600 0.48571429 0.96334012
0.38461538 0.47936508 0.96334012
0.39774859 0.45925926 0.95112016
0.41838649 0.43703704 0.94908350
0.42589118 0.41481481 0.94093686
0.44652908 0.42539683 0.94501018
0.45590994 0.41693122 0.94093686
0.46904315 0.39682540 0.93686354
0.49155722 0.37248677 0.92871690
0.51031895 0.34603175 0.91853360
0.51594747 0.36190476 0.91446029
0.52908068 0.34814815 0.90835031
0.53658537 0.33227513 0.89816701
0.55159475 0.31216931 0.88594705
0.56285178 0.26984127 0.87372709
0.57035647 0.28677249 0.87169043
0.57973734 0.27619048 0.86558045
0.58348968 0.27195767 0.85336049
0.59662289 0.25079365 0.85336049
0.61726079 0.22857143 0.82688391
0.61163227 0.22222222 0.81059063
0.61913696 0.21269841 0.80040733
0.62476548 0.20000000 0.78615071
0.63602251 0.17883598 0.77189409
0.63977486 0.17883598 0.75763747
0.65103189 0.16613757 0.73727088
0.66228893 0.14391534 0.71894094
0.67542214 0.13862434 0.70061100
0.69230769 0.12698413 0.68228106
0.71106942 0.12063492 0.65987780
0.71482176 0.10687831 0.62525458
0.72045028 0.08888889 0.60488798
0.72420263 0.07195767 0.57433809
0.74484053 0.06455026 0.55600815
0.75046904 0.06137566 0.52545825
0.75609756 0.05925926 0.49898167
0.75984991 0.04126984 0.46843177
0.77861163 0.02539683 0.44195519
0.79549719 0.02433862 0.41344196
0.79924953 0.01798942 0.37881874
0.80487805 0.01798942 0.35437882
0.81613508 0.01058201 0.31771894
0.82739212 0.00000000 0.29531568
0.84427767 0.00211640 0.26680244
0.85553471 0.01587302 0.24032587
0.86679174 0.02751323 0.21384929
0.87804878 0.01693122 0.18737271
0.89118199 0.02539683 0.16904277
0.89868668 0.02433862 0.14052953
0.90994371 0.05291005 0.12423625
0.91744841 0.06031746 0.10794297
0.93058161 0.05714286 0.09979633
0.94746717 0.07301587 0.09368635
0.96060038 0.09206349 0.08757637
0.97560976 0.11111111 0.07942974
1.00000000 0.12169312 0.08553971
