-0.3812 7.4103 0.4407
-0.3725 7.6154 0.4299
-0.3676 7.5897 0.4132
-0.3601 8.2821 0.4036
-0.3552 8.4615 0.3940
-0.3465 8.3846 0.3892
-0.3354 8.7692 0.3856
-0.3267 9.2308 0.3820
-0.3168 9.6923 0.3772
-0.3007 9.9487 0.3808
-0.2896 10.1282 0.3820
-0.2772 10.5128 0.3904
-0.2636 10.8205 0.3940
-0.2550 11.3077 0.4060
-0.2413 11.4615 0.4156
-0.2166 11.6410 0.4347
-0.1993 11.8462 0.4491
-0.1795 12.5128 0.4671
-0.1621 12.5641 0.4874
-0.1411 12.3077 0.5090
-0.1225 12.6410 0.5329
-0.1101 12.6410 0.5557
-0.0965 12.8718 0.5856
-0.0755 12.8462 0.6096
-0.0644 12.5897 0.6383
-0.0433 12.6410 0.6671
-0.0334 12.7949 0.6946
-0.0173 12.9231 0.7222
0.0000 12.3333 0.7473
0.0161 11.6667 0.7760
0.0248 10.9487 0.7976
0.0433 11.0513 0.8287
0.0532 10.7949 0.8515
0.0668 9.9744 0.8766
0.0854 9.2564 0.8970
0.0965 7.9744 0.9174
0.1101 7.9487 0.9329
0.1188 7.4359 0.9497
0.1324 6.3333 0.9593
0.1399 5.6667 0.9725
0.1498 4.4359 0.9784
0.1597 3.9231 0.9880
0.1720 3.2564 0.9916
0.1832 2.6410 1.0000
0.1943 1.7179 0.9916
0.2017 1.0000 0.9916
0.2104 0.0000 0.9784
0.2240 -0.6923 0.9749
0.2339 -1.9231 0.9569
0.2463 -1.9744 0.9509
0.2599 -2.8462 0.9329
0.2797 -3.7179 0.9150
0.2970 -4.0513 0.8982
0.3131 -4.6154 0.8790
0.3230 -5.2308 0.8515
0.3391 -6.6154 0.8263
0.3577 -6.4615 0.8024
0.3688 -6.8974 0.7832
0.3775 -7.2564 0.7557
0.3936 -7.7436 0.7293
0.4084 -8.0769 0.7066
0.4257 -8.7436 0.6778
0.4344 -8.7179 0.6491
0.4480 -8.8718 0.6216
0.4616 -9.3590 0.5928
0.4765 -9.4103 0.5629
0.4901 -9.7436 0.5377
0.4963 -9.5897 0.5126
0.5173 -9.8718 0.4826
0.5309 -9.4872 0.4599
0.5421 -9.7692 0.4287
0.5532 -9.9231 0.3988
0.5631 -9.8718 0.3749
0.5829 -9.5128 0.3473
0.5903 -9.3846 0.3222
0.5990 -9.0513 0.3018
0.6064 -8.9231 0.2754
0.6287 -9.1282 0.2515
0.6374 -8.8718 0.2275
0.6510 -8.4103 0.2084
0.6584 -8.3077 0.1832
0.6733 -8.1538 0.1629
0.6881 -7.4103 0.1461
0.7054 -7.3846 0.1329
0.7215 -6.9231 0.1138
0.7401 -6.7436 0.1018
0.7611 -6.2051 0.0838
0.7822 -6.2308 0.0707
0.7958 -5.6154 0.0587
0.8094 -5.4615 0.0443
0.8317 -4.8718 0.0371
0.8490 -4.5897 0.0323
0.8651 -4.0513 0.0287
0.8812 -3.7179 0.0204
0.9035 -3.3846 0.0132
0.9233 -2.8462 0.0144
0.9443 -2.7692 0.0048
0.9579 -2.7436 0.0036
0.9814 -2.5128 0.0000
1.0000 -2.1026 0.0036
