17.5455 0.4548 0.1687
17.3636 0.4597 0.2086
16.3636 0.5379 0.2454
16.3636 0.5257 0.2607
14.9091 0.5844 0.2791
14.4545 0.6333 0.2669
13.8182 0.6968 0.2883
13.3636 0.6479 0.3037
12.7273 0.6308 0.3282
12.2727 0.6822 0.3098
12.0000 0.7139 0.3037
11.4545 0.7677 0.2761
10.9091 0.7066 0.2945
11.1818 0.7971 0.2607
10.6364 0.7262 0.2730
11.2727 0.7482 0.2546
11.0909 0.7677 0.2393
11.7273 0.7677 0.2270
11.1818 0.7653 0.2147
11.3636 0.6895 0.2209
11.1818 0.7042 0.2209
11.6364 0.6968 0.2209
11.5455 0.7090 0.2086
11.9091 0.6699 0.2117
11.9091 0.6699 0.2086
11.9091 0.6699 0.2055
11.8182 0.6381 0.2209
12.0909 0.6577 0.2178
12.1818 0.6357 0.2301
12.2727 0.6406 0.2362
12.2727 0.6112 0.2577
12.4545 0.6235 0.2546
12.3636 0.6430 0.2822
12.2727 0.6626 0.2822
12.2727 0.6308 0.3190
12.4545 0.6161 0.3374
11.8182 0.6161 0.3681
11.9091 0.5917 0.3896
11.4545 0.6161 0.4049
11.9091 0.6381 0.4264
11.0909 0.6186 0.4571
11.4545 0.5721 0.4847
11.6364 0.6161 0.5061
12.3636 0.6259 0.5245
11.8182 0.6479 0.5399
11.9091 0.6039 0.5613
11.5455 0.6748 0.5644
11.9091 0.6406 0.5828
11.1818 0.6773 0.6043
11.4545 0.6675 0.6104
11.1818 0.6870 0.6350
11.5455 0.7042 0.6380
10.8182 0.7262 0.6534
10.9091 0.7433 0.6350
10.8182 0.7775 0.6380
10.5455 0.7873 0.6380
10.7273 0.7848 0.6472
10.7273 0.8142 0.6380
10.7273 0.8337 0.6288
10.0000 0.8631 0.6074
9.5455 0.8949 0.5859
9.9091 0.9169 0.5706
9.0000 0.8998 0.5583
9.0000 0.8704 0.5429
8.6364 0.8875 0.5184
8.6364 0.9218 0.4663
7.8182 1.0000 0.4049
7.5455 0.9340 0.3773
7.7273 0.9584 0.3436
7.5455 0.9340 0.2975
7.4545 0.8802 0.2730
7.5455 0.8875 0.2147
7.5455 0.8729 0.1687
6.9091 0.8680 0.1135
6.7273 0.7506 0.1074
6.5455 0.7433 0.0736
6.1818 0.6993 0.0521
5.8182 0.6773 0.0245
5.2727 0.5844 0.0245
5.0000 0.5306 0.0153
4.0909 0.5232 0.0000
3.4545 0.4034 0.0307
2.6364 0.3790 0.0521
2.1818 0.3374 0.0675
1.6364 0.3399 0.0951
1.0000 0.2469 0.1380
0.0000 0.2078 0.1840
-0.8182 0.2029 0.2331
-2.0000 0.2200 0.2822
-2.5455 0.1345 0.3558
-3.4545 0.1002 0.4264
-4.6364 0.1027 0.4877
-5.8182 0.0465 0.5644
-6.8182 0.0831 0.6166
-7.6364 0.0489 0.6933
-9.1818 0.0880 0.7423
-10.0000 -0.0000 0.8313
-10.3636 0.0880 0.8865
-11.3636 0.0465 0.9509
-12.2727 0.1540 1.0000
