0.00000000 0.98800000 0.00000000
0.00263158 0.99400000 0.00914634
0.00263158 0.99400000 0.02439024
0.00263158 0.99000000 0.03658537
0.00789474 0.99200000 0.05030488
0.00789474 0.99400000 0.06554878
0.01315789 0.99000000 0.07926829
0.01578947 1.00000000 0.09298780
0.02631579 0.98800000 0.10670732
0.02894737 0.99800000 0.11737805
0.03684211 0.99400000 0.12957317
0.04210526 0.99400000 0.13871951
0.04473684 0.99000000 0.15091463
0.03684211 0.98600000 0.16463415
0.03421053 0.98200000 0.18597561
0.02368421 0.98400000 0.19664634
0.02105263 0.97600000 0.21646341
0.01578947 0.97600000 0.22865854
0.02368421 0.96400000 0.24237805
0.01842105 0.96200000 0.25609756
0.02894737 0.95000000 0.26829268
0.02368421 0.95200000 0.28353659
0.02894737 0.94400000 0.30030488
0.02631579 0.95000000 0.31402439
0.03684211 0.93200000 0.33384146
0.04210526 0.93200000 0.34908537
0.05526316 0.92000000 0.36432927
0.05789474 0.91400000 0.37347561
0.06578947 0.91000000 0.38871951
0.05789474 0.90400000 0.40091463
0.06315789 0.90400000 0.41615854
0.06578947 0.89600000 0.43292683
0.06842105 0.87400000 0.45731707
0.08157895 0.87200000 0.46646341
0.08421053 0.85600000 0.48018293
0.08684211 0.85200000 0.48628049
0.09473684 0.84400000 0.50152439
0.09736842 0.84600000 0.50914634
0.10000000 0.84000000 0.52439024
0.11052632 0.82800000 0.53506098
0.12368421 0.81800000 0.55030488
0.13157895 0.80600000 0.56097561
0.14210526 0.78600000 0.57164634
0.13947368 0.78800000 0.58384146
0.15000000 0.77200000 0.59603659
0.14736842 0.77400000 0.60975610
0.15263158 0.75200000 0.62347561
0.15263158 0.74400000 0.63719512
0.16578947 0.72800000 0.64786585
0.17368421 0.71400000 0.66006098
0.18684211 0.70800000 0.67225610
0.19473684 0.70000000 0.67835366
0.20000000 0.69000000 0.69359756
0.20526316 0.67200000 0.70426829
0.22368421 0.65800000 0.71493902
0.23421053 0.64800000 0.72103659
0.25263158 0.63000000 0.73475610
0.26315789 0.63000000 0.73932927
0.28684211 0.60800000 0.75152439
0.29210526 0.60000000 0.75914634
0.31052632 0.58400000 0.77134146
0.30526316 0.56800000 0.78353659
0.32368421 0.54400000 0.79725610
0.32105263 0.53000000 0.80945122
0.34473684 0.51800000 0.81859756
0.35263158 0.51000000 0.82317073
0.37105263 0.49200000 0.83689024
0.37105263 0.47600000 0.83993902
0.38947368 0.46800000 0.85213415
0.39736842 0.45000000 0.85823171
0.41842105 0.44000000 0.86737805
0.43947368 0.42400000 0.86890244
0.46315789 0.41000000 0.87500000
0.47631579 0.39600000 0.88109756
0.50526316 0.38200000 0.88719512
0.51052632 0.37200000 0.89024390
0.53421053 0.35000000 0.89786585
0.53421053 0.33800000 0.90701220
0.55789474 0.30800000 0.91768293
0.55789474 0.29800000 0.92378049
0.58421053 0.28400000 0.92835366
0.59210526 0.26600000 0.92987805
0.60263158 0.25000000 0.94359756
0.62631579 0.23200000 0.93902439
0.62894737 0.21800000 0.94664634
0.63947368 0.20600000 0.94664634
0.65789474 0.19600000 0.95426829
0.66842105 0.18400000 0.95579268
0.69736842 0.17200000 0.96189024
0.71315789 0.16000000 0.96646341
0.74210526 0.14600000 0.96493902
0.76052632 0.14000000 0.97103659
0.79473684 0.11800000 0.97713415
0.81052632 0.10600000 0.98323171
0.84210526 0.08400000 0.98475610
0.86052632 0.07000000 0.99085366
0.90000000 0.04800000 0.99390244
0.92894737 0.02800000 0.99390244
0.96578947 0.01200000 0.99847561
1.00000000 0.00000000 1.00000000
