0.0000 1.0000 0.0000
0.0757 0.9552 0.0222
0.1622 0.8955 0.0889
0.2216 0.8284 0.0889
0.3189 0.7687 0.2000
0.3892 0.7090 0.2444
0.4703 0.6269 0.3111
0.5297 0.5896 0.4000
0.5946 0.5448 0.5111
0.6595 0.5000 0.5556
0.7297 0.4478 0.6667
0.7784 0.4030 0.7333
0.8378 0.3358 0.7778
0.8649 0.2910 0.8222
0.9189 0.2463 0.8889
0.9351 0.2313 0.8667
0.9784 0.2015 0.8444
0.9730 0.2015 0.8000
1.0000 0.2164 0.8222
0.9892 0.1791 0.7778
0.9946 0.2015 0.8222
0.9946 0.1716 0.7333
0.9892 0.1642 0.8222
0.9730 0.1567 0.7333
0.9676 0.1567 0.8222
0.9730 0.1418 0.7778
0.9730 0.1269 0.8222
0.9568 0.1194 0.8444
0.9730 0.0970 0.8889
0.9514 0.1119 0.8667
0.9784 0.0746 0.9111
0.9622 0.0896 0.8889
0.9784 0.0522 1.0000
0.9838 0.0746 0.9333
0.9676 0.0746 0.9778
0.9622 0.0448 0.9111
0.9730 0.0746 0.9333
0.9676 0.0672 0.9111
0.9622 0.0821 0.9556
0.9730 0.0970 0.8889
0.9730 0.1045 0.9333
0.9838 0.1194 0.8222
0.9784 0.1045 0.8889
0.9838 0.1343 0.8444
0.9784 0.1269 0.8000
0.9784 0.1343 0.7778
0.9892 0.1269 0.8222
0.9730 0.1269 0.8222
0.9946 0.1418 0.8444
0.9622 0.1343 0.8444
0.9784 0.1418 0.9111
0.9676 0.1119 0.8667
0.9676 0.1194 0.9556
0.9676 0.0970 0.9111
0.9568 0.1194 1.0000
0.9676 0.0970 0.9333
0.9568 0.1045 1.0000
0.9622 0.1269 0.9111
0.9568 0.1194 0.8889
0.9514 0.1343 0.8667
0.9568 0.1269 0.8889
0.9514 0.1343 0.8444
0.9730 0.1343 0.8667
0.9568 0.1194 0.7778
0.9730 0.1269 0.8222
0.9622 0.1119 0.7778
0.9568 0.1045 0.8444
0.9568 0.0746 0.7778
0.9459 0.0896 0.8667
0.9622 0.0821 0.8444
0.9514 0.0672 0.8889
0.9514 0.0746 0.8667
0.9568 0.0672 0.8667
0.9405 0.0672 0.8889
0.9622 0.0522 0.8667
0.9351 0.0597 0.8889
0.9568 0.0522 0.9111
0.9459 0.0299 0.8667
0.9568 0.0224 0.8889
0.9459 0.0075 0.8667
0.9351 0.0299 0.8889
0.9405 0.0149 0.8444
0.9243 0.0448 0.9778
0.9405 0.0522 0.8222
0.9297 0.0224 0.9111
0.9135 0.0224 0.8889
0.9351 0.0075 0.8889
0.9189 0.0000 0.8889
0.9351 0.0224 0.8889
0.9243 0.0149 0.8444
0.9081 0.0373 0.8889
0.9135 0.0224 0.8444
0.9081 0.0373 0.9111
0.9081 0.0224 0.8444
0.8973 0.0299 0.9333
0.8919 0.0373 0.8444
0.8703 0.0448 0.9111
0.8595 0.0522 0.8444
0.8541 0.0448 0.8889
0.8216 0.0373 0.8667
