0.86137184 0.46389497 1.00000000
0.87003610 0.45076586 0.99920949
0.88086643 0.45149526 0.98656126
0.89097473 0.45295405 0.96996047
0.89747292 0.45878920 0.96205534
0.90541516 0.45441284 0.95968379
0.91335740 0.44347192 0.95494071
0.92202166 0.44930708 0.94387352
0.93068592 0.45587163 0.93438735
0.93935018 0.45587163 0.93201581
0.94512635 0.44930708 0.92885375
0.95306859 0.45441284 0.92252964
0.96028881 0.45003647 0.91699605
0.96823105 0.44566010 0.91699605
0.97400722 0.42669584 0.92252964
0.97978339 0.43034282 0.91541502
0.98772563 0.42669584 0.90830040
0.99350181 0.42013129 0.90671937
0.99350181 0.40700219 0.91225296
0.99350181 0.40116703 0.91067194
0.99711191 0.38949672 0.91225296
0.99783394 0.38293217 0.91225296
0.99711191 0.37126185 0.91620553
1.00000000 0.36469730 0.91304348
0.99494585 0.34792123 0.91304348
0.99277978 0.33989788 0.91462451
0.98989170 0.31874544 0.91620553
0.98411552 0.30561634 0.91462451
0.97906137 0.28956966 0.90830040
0.97545126 0.26185266 0.91225296
0.96823105 0.24288840 0.90355731
0.95884477 0.22830051 0.89090909
0.94945848 0.20423049 0.87826087
0.93429603 0.18088986 0.87035573
0.91841155 0.16119621 0.85059289
0.89891697 0.13858497 0.83715415
0.88086643 0.12326769 0.81027668
0.85776173 0.10430343 0.79051383
0.83393502 0.08169220 0.76837945
0.80505415 0.07075128 0.74466403
0.77906137 0.05835157 0.71462451
0.74873646 0.04084610 0.68537549
0.71624549 0.02844639 0.65612648
0.68447653 0.02115244 0.62766798
0.65198556 0.01312910 0.59446640
0.62166065 0.00802334 0.56363636
0.58772563 0.00437637 0.52648221
0.55162455 0.00000000 0.49328063
0.51480144 0.00583516 0.45849802
0.48158845 0.00875274 0.42687747
0.44548736 0.01458789 0.39130435
0.41083032 0.02407002 0.35810277
0.37761733 0.03355215 0.32806324
0.34729242 0.04303428 0.29723320
0.31335740 0.06345733 0.26324111
0.28086643 0.08169220 0.23162055
0.25054152 0.09919767 0.20474308
0.22382671 0.11743253 0.18102767
0.19711191 0.14442013 0.15098814
0.17328520 0.17140773 0.12252964
0.15234657 0.19401896 0.10750988
0.13357401 0.21808899 0.09090909
0.11119134 0.25164114 0.06956522
0.09169675 0.28154632 0.05138340
0.07509025 0.31218089 0.04268775
0.05920578 0.33916849 0.03478261
0.04404332 0.37490883 0.02529644
0.03537906 0.40773158 0.01422925
0.02527076 0.43180160 0.01739130
0.01805054 0.46316557 0.01106719
0.01010830 0.49525894 0.00869565
0.00361011 0.52297593 0.00000000
0.00072202 0.54412837 0.01501976
0.00433213 0.56892779 0.01106719
0.00000000 0.59956236 0.00790514
0.00000000 0.61852662 0.00474308
0.00433213 0.63967907 0.01501976
0.00794224 0.65937272 0.01106719
0.00794224 0.68344274 0.02134387
0.01299639 0.70094821 0.01976285
0.01949458 0.70970095 0.03873518
0.02599278 0.73887673 0.02450593
0.02888087 0.75711160 0.03794466
0.03610108 0.77534646 0.03715415
0.04115523 0.78555799 0.05059289
0.05198556 0.80087527 0.04901186
0.05631769 0.81765135 0.05217391
0.06642599 0.84318016 0.04743083
0.07942238 0.83734500 0.07193676
0.09097473 0.86797958 0.05296443
0.10036101 0.87454413 0.05770751
0.11263538 0.88986142 0.05454545
0.12202166 0.89132020 0.06166008
0.12851986 0.91830780 0.05454545
0.13574007 0.92851933 0.04426877
0.14440433 0.94091904 0.05533597
0.15451264 0.95696572 0.03794466
0.15884477 0.97155361 0.04664032
0.16317690 0.99708242 0.02845850
0.16823105 1.00000000 0.03952569
