0.47030981 0.77503912 0.37123098
0.47676420 0.79068858 0.38893499
0.48623064 0.82589984 0.40608575
0.50000000 0.85015649 0.42655602
0.51721170 0.87284820 0.45255878
0.53829604 0.88849765 0.48492393
0.56884682 0.91901408 0.51867220
0.61015491 0.95266041 0.55712310
0.65748709 0.97769953 0.60387275
0.70912220 1.00000000 0.65504841
0.76290878 0.99726135 0.71203320
0.81970740 0.98239437 0.77427386
0.87951807 0.95031299 0.83679115
0.93717728 0.92057903 0.89294606
0.98235800 0.85250391 0.94163209
1.00000000 0.75469484 0.97897649
0.99311532 0.63380282 1.00000000
0.95567986 0.51447574 0.99944675
0.90834768 0.40610329 0.97897649
0.83820998 0.27973396 0.94273859
0.76807229 0.19444444 0.89239281
0.68287435 0.11580595 0.82959889
0.60800344 0.06924883 0.76348548
0.53313253 0.02308294 0.69903181
0.47590361 0.01330203 0.63762102
0.42512909 0.00000000 0.58118949
0.38597246 0.01251956 0.53029046
0.35413081 0.02308294 0.48326418
0.32573150 0.03090767 0.44370678
0.30636833 0.05320814 0.40608575
0.28872633 0.05594679 0.37565698
0.27624785 0.07785603 0.34799447
0.26506024 0.08568075 0.32392808
0.25860585 0.10250391 0.30235131
0.25172117 0.11424100 0.28243430
0.24268503 0.12128326 0.26749654
0.23881239 0.13223787 0.24923928
0.22934596 0.14162754 0.23623790
0.22590361 0.14671362 0.22323651
0.21729776 0.15179969 0.21217151
0.21428571 0.16040689 0.20055325
0.21041308 0.16158059 0.19004149
0.20438898 0.16979656 0.18118949
0.20008606 0.17175274 0.16984786
0.19492255 0.17331768 0.16210235
0.19191050 0.17762128 0.15380360
0.18588640 0.17840376 0.14688797
0.18373494 0.18661972 0.13775934
0.18115318 0.18701095 0.13084371
0.17771084 0.18857590 0.12420470
0.17168675 0.19209703 0.11784232
0.16824441 0.19522692 0.11175657
0.16437177 0.19640063 0.10650069
0.15920826 0.20500782 0.10235131
0.15705680 0.20813772 0.09598893
0.15146299 0.20852895 0.09266943
0.14931153 0.21126761 0.08769018
0.14285714 0.21439750 0.08520055
0.14242685 0.22300469 0.07911480
0.13640275 0.22222222 0.07717842
0.13726334 0.22026604 0.07385892
0.13209983 0.21909233 0.07247580
0.13253012 0.22417840 0.06860304
0.12994836 0.22535211 0.06473029
0.12478485 0.22730829 0.06279391
0.11790017 0.22730829 0.06168741
0.11660929 0.22456964 0.06141079
0.11187608 0.22183099 0.05892116
0.11015491 0.23239437 0.05698479
0.10542169 0.23278560 0.05504841
0.10283993 0.22965571 0.05643154
0.10025818 0.22691706 0.05587828
0.09552496 0.22378717 0.05643154
0.09208262 0.23239437 0.05283541
0.09165232 0.22065728 0.05532503
0.09079174 0.22769953 0.05172891
0.08864028 0.22183099 0.05062241
0.08519793 0.22730829 0.04896266
0.08261618 0.21322379 0.04785615
0.07788296 0.22143975 0.04619640
0.07573150 0.21009390 0.04343015
0.07099828 0.22065728 0.04177040
0.06884682 0.21948357 0.03706777
0.06325301 0.21674491 0.03734440
0.06067126 0.22300469 0.03236515
0.05378657 0.21400626 0.03291840
0.05077453 0.22222222 0.02710927
0.04561102 0.21517997 0.02600277
0.04388985 0.22143975 0.02351314
0.04044750 0.21635368 0.02130014
0.03528399 0.22261346 0.01936376
0.03227194 0.21870110 0.01576763
0.02710843 0.22417840 0.01521438
0.02323580 0.21830986 0.01300138
0.01721170 0.22730829 0.01161826
0.01549053 0.22378717 0.00802213
0.01204819 0.22691706 0.00691563
0.00903614 0.22222222 0.00359613
0.00473322 0.22613459 0.00304288
0.00000000 0.21870110 0.00000000
