1.0000 1.0000 0.0000
0.9902 0.9689 0.0099
0.9828 0.9524 0.0159
0.9746 0.9337 0.0317
0.9656 0.9110 0.0397
0.9574 0.8820 0.0476
0.9484 0.8613 0.0536
0.9393 0.8385 0.0714
0.9287 0.8282 0.0794
0.9213 0.7992 0.0893
0.9131 0.7867 0.0952
0.9041 0.7619 0.1111
0.8951 0.7474 0.1190
0.8869 0.7226 0.1290
0.8811 0.7039 0.1349
0.8705 0.6977 0.1488
0.8615 0.6812 0.1607
0.8525 0.6542 0.1746
0.8443 0.6418 0.1806
0.8385 0.6232 0.1925
0.8303 0.6149 0.2024
0.8213 0.5921 0.2143
0.8139 0.5735 0.2202
0.8074 0.5507 0.2321
0.8000 0.5466 0.2401
0.7877 0.5300 0.2540
0.7803 0.5155 0.2619
0.7730 0.4969 0.2718
0.7689 0.4886 0.2798
0.7582 0.4783 0.2937
0.7525 0.4658 0.3056
0.7434 0.4431 0.3135
0.7361 0.4265 0.3175
0.7279 0.4017 0.3313
0.7221 0.3913 0.3413
0.7107 0.3830 0.3571
0.7025 0.3685 0.3651
0.6926 0.3499 0.3770
0.6869 0.3313 0.3829
0.6770 0.3188 0.3988
0.6656 0.3209 0.4127
0.6549 0.2981 0.4226
0.6475 0.2712 0.4385
0.6410 0.2629 0.4405
0.6279 0.2464 0.4524
0.6180 0.2484 0.4683
0.6074 0.2340 0.4821
0.5967 0.2257 0.4921
0.5885 0.2112 0.5000
0.5779 0.1884 0.5139
0.5672 0.1801 0.5298
0.5566 0.1677 0.5397
0.5459 0.1573 0.5516
0.5336 0.1449 0.5615
0.5238 0.1304 0.5714
0.5139 0.1118 0.5794
0.5025 0.1097 0.5952
0.4910 0.1014 0.6071
0.4779 0.0911 0.6151
0.4664 0.0725 0.6290
0.4557 0.0663 0.6429
0.4451 0.0600 0.6548
0.4320 0.0642 0.6687
0.4197 0.0538 0.6865
0.4074 0.0497 0.6984
0.3934 0.0373 0.7063
0.3811 0.0269 0.7202
0.3689 0.0186 0.7341
0.3566 0.0207 0.7480
0.3418 0.0207 0.7579
0.3311 0.0166 0.7698
0.3180 0.0083 0.7758
0.3049 0.0166 0.7897
0.2926 0.0186 0.7976
0.2820 0.0207 0.8175
0.2705 0.0104 0.8254
0.2590 0.0124 0.8353
0.2459 0.0062 0.8373
0.2352 0.0000 0.8512
0.2238 0.0041 0.8571
0.2123 0.0062 0.8690
0.2008 0.0041 0.8750
0.1902 0.0124 0.8909
0.1787 0.0166 0.8948
0.1680 0.0228 0.9087
0.1566 0.0290 0.9167
0.1434 0.0393 0.9266
0.1336 0.0373 0.9306
0.1213 0.0414 0.9444
0.1090 0.0435 0.9444
0.0967 0.0435 0.9563
0.0844 0.0580 0.9603
0.0738 0.0538 0.9782
0.0648 0.0683 0.9663
0.0508 0.0787 0.9782
0.0385 0.0725 0.9802
0.0311 0.0807 0.9921
0.0189 0.0994 0.9921
0.0098 0.0994 0.9980
0.0000 0.1097 1.0000
