0.95384615 0.00000000 1.00000000
1.00000000 0.00362976 0.97297297
0.97692308 0.02177858 1.00000000
0.99230769 0.03085299 0.96621622
0.96153846 0.04174229 0.97972973
0.96153846 0.04537205 0.95270270
0.95384615 0.05081670 0.95945946
0.96153846 0.06715064 0.93918919
0.94615385 0.07803993 0.93918919
0.94615385 0.08892922 0.92567568
0.91538462 0.09800363 0.91891892
0.90769231 0.08711434 0.91216216
0.85384615 0.08892922 0.91216216
0.82307692 0.07985481 0.91891892
0.79230769 0.09074410 0.89864865
0.78461538 0.07985481 0.89189189
0.74615385 0.08529946 0.89189189
0.73076923 0.08348457 0.87162162
0.70769231 0.07441016 0.88513514
0.70000000 0.07622505 0.87837838
0.68461538 0.07441016 0.87162162
0.66923077 0.08711434 0.85810811
0.64615385 0.08348457 0.83783784
0.62307692 0.08348457 0.82432432
0.58461538 0.09074410 0.81756757
0.59230769 0.08711434 0.81756757
0.56923077 0.09981851 0.81756757
0.54615385 0.09981851 0.80405405
0.53846154 0.11796733 0.79729730
0.50000000 0.11796733 0.75675676
0.47692308 0.12704174 0.75000000
0.44615385 0.13611615 0.72297297
0.40769231 0.13974592 0.72972973
0.41538462 0.14337568 0.69594595
0.39230769 0.14700544 0.69594595
0.37692308 0.16333938 0.66891892
0.35384615 0.16878403 0.63513514
0.31538462 0.18330309 0.63513514
0.30000000 0.18148820 0.60810811
0.28461538 0.20145191 0.59459459
0.28461538 0.21052632 0.58783784
0.26923077 0.23049002 0.54729730
0.23846154 0.22686025 0.56081081
0.23076923 0.24500907 0.49324324
0.19230769 0.24682396 0.47297297
0.18461538 0.25408348 0.46621622
0.16923077 0.25408348 0.44594595
0.14615385 0.27041742 0.41891892
0.10769231 0.27041742 0.39864865
0.10000000 0.28493648 0.37162162
0.08461538 0.28856624 0.33108108
0.06153846 0.30127042 0.31081081
0.06153846 0.31215971 0.27702703
0.05384615 0.32849365 0.24324324
0.04615385 0.33212341 0.24324324
0.03076923 0.34845735 0.20945946
0.02307692 0.35208711 0.20945946
0.00000000 0.36479129 0.17567568
0.00769231 0.37023593 0.17567568
0.00769231 0.38656987 0.14189189
0.00769231 0.39745917 0.13513514
0.01538462 0.40834846 0.13513514
0.00769231 0.42105263 0.11486486
0.00000000 0.43375681 0.11486486
0.02307692 0.45190563 0.10810811
0.02307692 0.47186933 0.09459459
0.03846154 0.49183303 0.08783784
0.03846154 0.50090744 0.06081081
0.04615385 0.51361162 0.07432432
0.03846154 0.52450091 0.04729730
0.03076923 0.53539020 0.06081081
0.04615385 0.54627949 0.03378378
0.05384615 0.55716878 0.02027027
0.06923077 0.57531760 0.02027027
0.06923077 0.57713249 0.02027027
0.08461538 0.59346642 0.02702703
0.08461538 0.60435572 0.01351351
0.07692308 0.63339383 0.02702703
0.09230769 0.64972777 0.00000000
0.12307692 0.68421053 0.01351351
0.13076923 0.68602541 0.03378378
0.16153846 0.70780399 0.03378378
0.14615385 0.71506352 0.03378378
0.13846154 0.74228675 0.04054054
0.15384615 0.74954628 0.04729730
0.16923077 0.77313975 0.04729730
0.20000000 0.78402904 0.06756757
0.22307692 0.80036298 0.08108108
0.26153846 0.80762250 0.09459459
0.26923077 0.83847550 0.09459459
0.29230769 0.85662432 0.09459459
0.31538462 0.88203267 0.10135135
0.36923077 0.88929220 0.14864865
0.43846154 0.90562613 0.12837838
0.43076923 0.92014519 0.14864865
0.45384615 0.93466425 0.13513514
0.45384615 0.95644283 0.14189189
0.48461538 0.98185118 0.14864865
0.50769231 0.99274047 0.17567568
0.56153846 1.00000000 0.18918919
