0.55882353 0.00000000 0.14634146
0.11764706 0.27906977 0.41463415
0.52941176 0.02325581 0.17073171
0.14705882 0.32558140 0.41463415
0.55882353 0.06976744 0.14634146
0.05882353 0.39534884 0.36585366
0.50000000 0.13953488 0.14634146
0.00000000 0.39534884 0.31707317
0.50000000 0.06976744 0.14634146
0.02941176 0.41860465 0.34146341
0.50000000 0.11627907 0.12195122
0.08823529 0.41860465 0.34146341
0.47058824 0.09302326 0.12195122
0.08823529 0.41860465 0.31707317
0.44117647 0.18604651 0.09756098
0.05882353 0.44186047 0.34146341
0.50000000 0.18604651 0.12195122
0.08823529 0.46511628 0.29268293
0.55882353 0.11627907 0.09756098
0.14705882 0.44186047 0.24390244
0.52941176 0.13953488 0.09756098
0.11764706 0.51162791 0.26829268
0.50000000 0.20930233 0.17073171
0.17647059 0.67441860 0.21951220
0.52941176 0.32558140 0.12195122
0.20588235 0.58139535 0.29268293
0.55882353 0.27906977 0.14634146
0.14705882 0.62790698 0.24390244
0.61764706 0.27906977 0.14634146
0.14705882 0.58139535 0.21951220
0.61764706 0.25581395 0.02439024
0.20588235 0.60465116 0.17073171
0.64705882 0.32558140 0.02439024
0.20588235 0.60465116 0.21951220
0.67647059 0.27906977 0.04878049
0.32352941 0.60465116 0.14634146
0.76470588 0.30232558 0.00000000
0.29411765 0.62790698 0.17073171
0.76470588 0.30232558 0.02439024
0.29411765 0.62790698 0.19512195
0.82352941 0.32558140 0.07317073
0.38235294 0.65116279 0.19512195
0.76470588 0.37209302 0.09756098
0.32352941 0.60465116 0.17073171
0.73529412 0.34883721 0.12195122
0.32352941 0.62790698 0.19512195
0.76470588 0.37209302 0.09756098
0.32352941 0.62790698 0.17073171
0.76470588 0.30232558 0.09756098
0.32352941 0.65116279 0.19512195
0.79411765 0.32558140 0.09756098
0.32352941 0.65116279 0.19512195
0.70588235 0.30232558 0.09756098
0.26470588 0.60465116 0.21951220
0.76470588 0.27906977 0.12195122
0.26470588 0.55813953 0.19512195
0.70588235 0.27906977 0.19512195
0.26470588 0.51162791 0.24390244
0.70588235 0.27906977 0.24390244
0.26470588 0.58139535 0.24390244
0.64705882 0.25581395 0.21951220
0.23529412 0.55813953 0.26829268
0.70588235 0.27906977 0.19512195
0.32352941 0.55813953 0.26829268
0.79411765 0.27906977 0.17073171
0.38235294 0.55813953 0.24390244
0.76470588 0.30232558 0.19512195
0.32352941 0.58139535 0.26829268
0.82352941 0.32558140 0.21951220
0.29411765 0.55813953 0.24390244
0.76470588 0.30232558 0.21951220
0.32352941 0.58139535 0.24390244
0.73529412 0.25581395 0.34146341
0.47058824 0.62790698 0.31707317
0.79411765 0.32558140 0.29268293
0.35294118 0.69767442 0.36585366
0.82352941 0.44186047 0.34146341
0.35294118 0.67441860 0.41463415
0.82352941 0.44186047 0.41463415
0.38235294 0.74418605 0.46341463
0.79411765 0.48837209 0.41463415
0.38235294 0.81395349 0.53658537
0.82352941 0.58139535 0.48780488
0.41176471 0.81395349 0.51219512
0.79411765 0.62790698 0.53658537
0.38235294 0.86046512 0.60975610
0.88235294 0.62790698 0.53658537
0.41176471 0.93023256 0.68292683
0.88235294 0.67441860 0.63414634
0.38235294 0.90697674 0.70731707
0.91176471 0.67441860 0.73170732
0.44117647 0.93023256 0.75609756
0.94117647 0.69767442 0.73170732
0.47058824 0.93023256 0.78048780
1.00000000 0.74418605 0.80487805
0.50000000 1.00000000 0.87804878
0.97058824 0.79069767 0.90243902
0.50000000 1.00000000 0.95121951
1.00000000 0.76744186 0.92682927
0.52941176 1.00000000 1.00000000
