0.04878049 0.83333333 0.00000000
0.00000000 0.72916667 0.05853659
0.09756098 0.83333333 0.01951220
0.00000000 0.81250000 0.07804878
0.09756098 0.87500000 0.04878049
0.02439024 0.75000000 0.09756098
0.12195122 0.93750000 0.07317073
0.07317073 0.77083333 0.11219512
0.21951220 0.91666667 0.09268293
0.17073171 0.77083333 0.13658537
0.26829268 0.85416667 0.11219512
0.24390244 0.79166667 0.15609756
0.34146341 0.87500000 0.14146341
0.39024390 0.83333333 0.16585366
0.46341463 0.95833333 0.13658537
0.36585366 0.79166667 0.17073171
0.53658537 0.81250000 0.14146341
0.39024390 0.68750000 0.18536585
0.48780488 0.83333333 0.17073171
0.46341463 0.77083333 0.20000000
0.56097561 0.89583333 0.19024390
0.53658537 0.87500000 0.21463415
0.65853659 0.87500000 0.20487805
0.60975610 0.89583333 0.22926829
0.65853659 0.91666667 0.21463415
0.53658537 0.85416667 0.25365854
0.68292683 1.00000000 0.22926829
0.60975610 0.95833333 0.26829268
0.75609756 1.00000000 0.25853659
0.58536585 0.91666667 0.29268293
0.63414634 0.93750000 0.27804878
0.56097561 0.81250000 0.29268293
0.65853659 0.77083333 0.29268293
0.63414634 0.62500000 0.31219512
0.73170732 0.60416667 0.31707317
0.75609756 0.56250000 0.33658537
0.73170732 0.58333333 0.32682927
0.60975610 0.50000000 0.34634146
0.78048780 0.60416667 0.35121951
0.78048780 0.31250000 0.36097561
0.90243902 0.41666667 0.35609756
0.78048780 0.39583333 0.37073171
0.92682927 0.50000000 0.37560976
0.70731707 0.54166667 0.38536585
0.90243902 0.56250000 0.38536585
0.75609756 0.41666667 0.40000000
0.87804878 0.37500000 0.39512195
0.82926829 0.27083333 0.40975610
0.80487805 0.41666667 0.41463415
0.80487805 0.29166667 0.42439024
0.82926829 0.43750000 0.43902439
0.80487805 0.35416667 0.44878049
0.90243902 0.50000000 0.45853659
0.82926829 0.37500000 0.47317073
0.95121951 0.52083333 0.48780488
0.73170732 0.45833333 0.50243902
0.90243902 0.77083333 0.50731707
0.73170732 0.70833333 0.51707317
0.90243902 0.77083333 0.53658537
0.78048780 0.75000000 0.54634146
0.87804878 0.70833333 0.56097561
0.85365854 0.56250000 0.57073171
0.90243902 0.56250000 0.59512195
0.92682927 0.50000000 0.58536585
0.92682927 0.60416667 0.59024390
0.82926829 0.47916667 0.60000000
0.95121951 0.54166667 0.60975610
0.90243902 0.35416667 0.62439024
1.00000000 0.37500000 0.62439024
0.90243902 0.27083333 0.62926829
0.92682927 0.37500000 0.63414634
0.82926829 0.39583333 0.63414634
0.87804878 0.52083333 0.66341463
0.85365854 0.45833333 0.66341463
0.90243902 0.52083333 0.67804878
0.85365854 0.37500000 0.69756098
0.85365854 0.47916667 0.69268293
0.70731707 0.43750000 0.70243902
0.75609756 0.39583333 0.71707317
0.65853659 0.31250000 0.72682927
0.75609756 0.33333333 0.75121951
0.75609756 0.31250000 0.76585366
0.82926829 0.35416667 0.78536585
0.73170732 0.35416667 0.79024390
0.78048780 0.45833333 0.79512195
0.63414634 0.33333333 0.80975610
0.65853659 0.37500000 0.83414634
0.58536585 0.29166667 0.84390244
0.70731707 0.43750000 0.86829268
0.60975610 0.37500000 0.86829268
0.65853659 0.37500000 0.88780488
0.56097561 0.29166667 0.89268293
0.60975610 0.29166667 0.92195122
0.60975610 0.29166667 0.92682927
0.58536585 0.27083333 0.94146341
0.48780488 0.25000000 0.95121951
0.53658537 0.35416667 0.96585366
0.41463415 0.18750000 0.97073171
0.53658537 0.22916667 1.00000000
0.43902439 0.00000000 0.98536585
