0.1505 0.0222 0.2155
0.0948 0.0191 0.2417
0.0604 0.0204 0.2699
0.0355 0.0213 0.3001
0.0225 0.0111 0.3353
0.0142 0.0018 0.3756
0.0320 0.0044 0.4149
0.0675 0.0040 0.4663
0.1149 -0.0000 0.5196
0.1754 0.0009 0.5760
0.2476 0.0169 0.6304
0.3282 0.0377 0.6848
0.4159 0.0630 0.7422
0.4988 0.0883 0.7925
0.5818 0.1172 0.8449
0.6552 0.1580 0.8842
0.7299 0.2024 0.9215
0.8045 0.2472 0.9517
0.8732 0.2956 0.9748
0.9277 0.3382 0.9889
0.9810 0.3853 1.0000
1.0225 0.4310 0.9970
1.0675 0.4678 0.9970
1.0960 0.5095 0.9879
1.1232 0.5526 0.9708
1.1445 0.5868 0.9567
1.1718 0.6249 0.9335
1.1872 0.6471 0.9134
1.1979 0.6760 0.8892
1.2002 0.7026 0.8671
1.2014 0.7306 0.8379
1.2050 0.7466 0.8207
1.2038 0.7665 0.7946
1.1919 0.7852 0.7704
1.1813 0.8016 0.7422
1.1742 0.8176 0.7170
1.1659 0.8273 0.6989
1.1505 0.8393 0.6798
1.1339 0.8500 0.6556
1.1161 0.8620 0.6294
1.1019 0.8704 0.6143
1.0841 0.8766 0.5972
1.0664 0.8833 0.5821
1.0509 0.8890 0.5599
1.0355 0.8948 0.5428
1.0213 0.8992 0.5287
1.0000 0.9072 0.5086
0.9751 0.9086 0.4975
0.9562 0.9126 0.4814
0.9360 0.9152 0.4713
0.9135 0.9232 0.4532
0.8922 0.9321 0.4411
0.8649 0.9325 0.4290
0.8448 0.9321 0.4209
0.8235 0.9365 0.4089
0.8021 0.9472 0.3867
0.7725 0.9569 0.3676
0.7453 0.9494 0.3656
0.7216 0.9534 0.3585
0.7002 0.9605 0.3434
0.6765 0.9703 0.3283
0.6410 0.9703 0.3152
0.6161 0.9734 0.2971
0.5912 0.9774 0.2830
0.5640 0.9831 0.2669
0.5320 0.9845 0.2518
0.4953 0.9893 0.2407
0.4680 0.9902 0.2256
0.4396 0.9871 0.2165
0.4111 0.9898 0.2014
0.3780 0.9907 0.1863
0.3483 0.9964 0.1641
0.3235 0.9925 0.1591
0.3009 0.9920 0.1440
0.2713 0.9809 0.1470
0.2464 0.9849 0.1259
0.2310 0.9889 0.1128
0.2133 0.9840 0.1088
0.1967 0.9747 0.1037
0.1754 0.9716 0.0926
0.1600 0.9774 0.0785
0.1434 0.9720 0.0735
0.1268 0.9703 0.0705
0.1090 0.9658 0.0624
0.0983 0.9720 0.0504
0.0829 0.9672 0.0483
0.0782 0.9769 0.0342
0.0604 0.9707 0.0342
0.0498 0.9774 0.0211
0.0391 0.9720 0.0282
0.0332 0.9783 0.0191
0.0190 0.9725 0.0242
0.0166 0.9814 0.0191
0.0154 0.9822 0.0151
0.0071 0.9800 0.0131
0.0000 0.9778 0.0151
-0.0047 0.9845 0.0101
-0.0107 0.9938 0.0000
-0.0107 0.9933 0.0000
-0.0154 1.0000 0.0040
