1.00000000 0.00000000 0.00000000
0.95607235 0.03369066 0.00980392
0.92248062 0.06431853 0.01809955
0.85788114 0.09188361 0.02639517
0.83979328 0.12404288 0.03393665
0.79586563 0.14854518 0.04524887
0.75193798 0.18376723 0.05429864
0.70801034 0.18376723 0.06259427
0.67441860 0.20980092 0.07239819
0.64599483 0.22817764 0.08371041
0.60981912 0.25574273 0.09200603
0.59431525 0.27871363 0.10256410
0.57105943 0.30015314 0.11312217
0.54263566 0.32618683 0.12368024
0.50645995 0.33690658 0.13046757
0.48320413 0.34456355 0.14177979
0.44961240 0.35681470 0.15158371
0.42118863 0.37059724 0.15912519
0.39534884 0.38131700 0.16817496
0.37726098 0.39816233 0.17948718
0.34625323 0.40581930 0.18627451
0.31524548 0.40735069 0.19230769
0.30232558 0.39356815 0.19758673
0.26873385 0.41653905 0.20814480
0.25322997 0.41041348 0.21342383
0.22739018 0.41347626 0.22021116
0.22222222 0.40428790 0.22473605
0.19379845 0.40428790 0.23076923
0.16795866 0.41194487 0.23604827
0.13695090 0.39969372 0.24208145
0.12403101 0.41807044 0.25037707
0.10077519 0.43032159 0.25791855
0.07751938 0.43185299 0.26546003
0.06718346 0.43338438 0.26696833
0.04392765 0.45022971 0.27601810
0.02325581 0.46248086 0.28355958
0.00516796 0.45788668 0.28657617
0.00516796 0.46554364 0.29336350
0.01033592 0.47166922 0.29864253
0.01033592 0.49310873 0.30392157
0.00775194 0.49004594 0.30693816
0.01808786 0.50076570 0.31221719
0.00775194 0.51148545 0.31900452
0.00000000 0.52986217 0.32202112
0.00258398 0.52373660 0.32579186
0.01550388 0.52986217 0.33257919
0.01808786 0.54670750 0.33634992
0.01291990 0.54517611 0.33785822
0.02067183 0.55283308 0.34162896
0.02067183 0.56508423 0.34766214
0.01808786 0.57274119 0.34917044
0.01550388 0.57733538 0.35595777
0.03617571 0.57733538 0.35897436
0.03875969 0.61715161 0.36726998
0.04134367 0.63705972 0.37104072
0.03617571 0.65084227 0.37631976
0.03875969 0.66462481 0.38235294
0.04134367 0.66921899 0.38763198
0.02583979 0.69984686 0.39592760
0.03617571 0.71362940 0.40346908
0.03875969 0.73660031 0.41025641
0.05167959 0.74885145 0.41930618
0.04651163 0.75344564 0.42458522
0.06201550 0.76263400 0.43363499
0.06459948 0.79326187 0.44645551
0.07493540 0.82082695 0.45776772
0.08785530 0.83614089 0.46832579
0.11369509 0.85451761 0.48265460
0.12919897 0.86830015 0.49245852
0.12661499 0.90658499 0.50678733
0.13178295 0.91730475 0.52036199
0.14470284 0.94640123 0.53619910
0.15503876 0.93721286 0.54901961
0.15762274 0.95252680 0.56561086
0.16279070 0.98774885 0.58144796
0.17829457 0.99387443 0.59954751
0.19121447 1.00000000 0.61463047
0.19638243 0.99846861 0.63197587
0.20671835 0.99540582 0.64781297
0.21447028 0.99846861 0.66742081
0.22480620 0.99540582 0.68401207
0.23514212 0.97549770 0.70211161
0.24547804 0.98162328 0.72171946
0.27648579 0.97396631 0.73453997
0.28165375 0.95252680 0.74811463
0.28165375 0.93721286 0.76546003
0.28165375 0.93261868 0.78129713
0.30232558 0.90352221 0.80015083
0.30490956 0.89586524 0.81598793
0.31266150 0.88361409 0.83333333
0.32041344 0.86830015 0.84766214
0.33333333 0.82235835 0.86274510
0.34108527 0.84686064 0.88310709
0.35400517 0.82542113 0.90196078
0.36175711 0.81623277 0.91855204
0.37726098 0.77794793 0.93288084
0.41343669 0.75191424 0.94947210
0.42894057 0.74119449 0.96832579
0.43927649 0.73813170 0.98340875
0.46253230 0.71822358 1.00000000
