0.2178 0.0266 0.0000
0.2130 0.0319 0.0003
0.2049 0.0376 0.0000
0.2024 0.0439 0.0003
0.1943 0.0486 0.0006
0.1911 0.0548 0.0015
0.1862 0.0606 0.0006
0.1814 0.0679 0.0033
0.1749 0.0736 0.0055
0.1717 0.0773 0.0073
0.1660 0.0867 0.0085
0.1611 0.0950 0.0106
0.1563 0.1013 0.0137
0.1587 0.1086 0.0152
0.1466 0.1117 0.0188
0.1425 0.1175 0.0219
0.1385 0.1232 0.0231
0.1336 0.1332 0.0258
0.1296 0.1384 0.0282
0.1271 0.1389 0.0340
0.1231 0.1441 0.0383
0.1206 0.1410 0.0455
0.1158 0.1535 0.0464
0.1174 0.1593 0.0495
0.1109 0.1619 0.0549
0.1126 0.1634 0.0601
0.1085 0.1603 0.0647
0.1093 0.1577 0.0726
0.1061 0.1572 0.0738
0.1061 0.1608 0.0771
0.1028 0.1655 0.0798
0.0988 0.1619 0.0835
0.0955 0.1577 0.0883
0.0980 0.1509 0.0920
0.0939 0.1462 0.0978
0.0955 0.1504 0.0971
0.0939 0.1473 0.0984
0.0915 0.1446 0.1023
0.0907 0.1373 0.1029
0.0899 0.1279 0.1060
0.0923 0.1185 0.1081
0.0866 0.1149 0.1078
0.0850 0.1117 0.1075
0.0842 0.1076 0.1063
0.0802 0.1034 0.1056
0.0826 0.0971 0.1056
0.0785 0.0898 0.1050
0.0794 0.0867 0.1035
0.0745 0.0825 0.1008
0.0737 0.0820 0.0993
0.0737 0.0809 0.0959
0.0696 0.0799 0.0929
0.0680 0.0794 0.0886
0.0664 0.0783 0.0871
0.0591 0.0768 0.0859
0.0543 0.0799 0.0817
0.0494 0.0872 0.0783
0.0486 0.0903 0.0756
0.0437 0.0992 0.0719
0.0421 0.1076 0.0707
0.0324 0.1117 0.0707
0.0316 0.1227 0.0689
0.0227 0.1342 0.0683
0.0219 0.1530 0.0662
0.0121 0.1655 0.0638
0.0089 0.1849 0.0653
0.0065 0.1969 0.0680
0.0040 0.2131 0.0710
0.0000 0.2428 0.0704
0.0000 0.2715 0.0747
0.0008 0.2987 0.0801
0.0113 0.3285 0.0862
0.0162 0.3572 0.0971
0.0259 0.3911 0.1087
0.0364 0.4345 0.1172
0.0559 0.4804 0.1305
0.0696 0.5285 0.1481
0.0980 0.5734 0.1694
0.1215 0.6219 0.1955
0.1522 0.6715 0.2268
0.1919 0.7269 0.2574
0.2445 0.7875 0.2951
0.2988 0.8433 0.3382
0.3700 0.8867 0.3880
0.4332 0.9285 0.4432
0.5020 0.9614 0.5046
0.5814 0.9817 0.5674
0.6672 1.0000 0.6330
0.7522 0.9990 0.6976
0.8324 0.9676 0.7641
0.8931 0.9211 0.8248
0.9360 0.8538 0.8819
0.9733 0.7744 0.9302
0.9984 0.6804 0.9690
1.0000 0.5734 0.9909
0.9773 0.4543 1.0000
0.9223 0.3332 0.9945
0.8543 0.2094 0.9794
0.7862 0.1008 0.9523
0.7101 0.0000 0.9150
