1.0000 0.0000 0.0214
0.9765 0.0205 0.0267
0.9906 0.0273 0.0241
0.9812 0.0546 0.0107
0.9812 0.0239 0.0107
0.9553 0.0478 0.0134
0.9624 0.0341 0.0053
0.9271 0.0410 0.0080
0.9341 0.0171 0.0080
0.9059 0.0307 0.0053
0.9082 0.0137 0.0000
0.8824 0.0375 0.0027
0.8941 0.0102 0.0053
0.8659 0.0239 0.0053
0.8824 0.0171 0.0027
0.8518 0.0648 0.0027
0.8588 0.0683 0.0000
0.8212 0.0956 0.0000
0.8329 0.0990 0.0080
0.8094 0.1195 0.0080
0.8212 0.1160 0.0160
0.7953 0.1468 0.0160
0.8047 0.1399 0.0187
0.7741 0.1604 0.0241
0.7765 0.1638 0.0214
0.7482 0.1604 0.0267
0.7506 0.1604 0.0241
0.7176 0.1638 0.0321
0.7294 0.1706 0.0374
0.6988 0.2150 0.0428
0.7082 0.2253 0.0481
0.6847 0.2526 0.0481
0.6894 0.2662 0.0615
0.6612 0.2935 0.0615
0.6659 0.3208 0.0695
0.6376 0.3584 0.0749
0.6471 0.3823 0.0936
0.6212 0.4198 0.0882
0.6329 0.4334 0.1070
0.6000 0.4539 0.1123
0.6094 0.4608 0.1230
0.5788 0.4812 0.1230
0.5882 0.4881 0.1364
0.5553 0.5051 0.1444
0.5671 0.5222 0.1578
0.5412 0.5495 0.1631
0.5506 0.5768 0.1818
0.5271 0.5904 0.1872
0.5388 0.6280 0.2032
0.5059 0.6485 0.2059
0.5247 0.6689 0.2273
0.5012 0.7031 0.2353
0.5200 0.7031 0.2647
0.5035 0.7406 0.2594
0.5059 0.7440 0.2807
0.4871 0.7611 0.2834
0.4918 0.7747 0.3075
0.4729 0.7850 0.3048
0.4824 0.8055 0.3289
0.4565 0.8328 0.3316
0.4753 0.8362 0.3583
0.4494 0.8601 0.3610
0.4612 0.8840 0.3904
0.4400 0.8942 0.3930
0.4494 0.9215 0.4225
0.4235 0.9352 0.4225
0.4353 0.9386 0.4465
0.4165 0.9488 0.4519
0.4212 0.9625 0.4840
0.3976 0.9727 0.4866
0.4000 0.9966 0.5187
0.3671 1.0000 0.5160
0.3788 1.0000 0.5508
0.3459 0.9863 0.5508
0.3529 0.9761 0.5856
0.3224 0.9659 0.5829
0.3271 0.9795 0.6230
0.2988 0.9932 0.6203
0.3129 0.9693 0.6631
0.2824 0.9795 0.6604
0.2824 0.9727 0.7032
0.2424 0.9659 0.6925
0.2541 0.9659 0.7353
0.2259 0.9556 0.7246
0.2329 0.9352 0.7674
0.2047 0.9317 0.7647
0.2024 0.9386 0.8048
0.1671 0.9283 0.7914
0.1671 0.9078 0.8422
0.1318 0.8771 0.8262
0.1388 0.8362 0.8743
0.1059 0.8123 0.8529
0.1082 0.7850 0.9118
0.0800 0.7884 0.8904
0.0941 0.7645 0.9465
0.0541 0.7440 0.9278
0.0518 0.7099 0.9652
0.0212 0.6997 0.9465
0.0259 0.6621 1.0000
0.0000 0.6587 0.9706
