0.00000000 0.88645833 1.00000000
0.01131127 0.89375000 1.00000000
0.02136573 0.90416667 0.98601399
0.03309594 0.90937500 0.98601399
0.04231253 0.91770833 0.96503497
0.05362380 0.92604167 0.96503497
0.06325932 0.93125000 0.93006993
0.07373272 0.94375000 0.91608392
0.08336824 0.95312500 0.86713287
0.09426058 0.95937500 0.86013986
0.10347717 0.96875000 0.83216783
0.11520737 0.97604167 0.84615385
0.12568077 0.97708333 0.83216783
0.13741098 0.98020833 0.84615385
0.14578969 0.98020833 0.82517483
0.15751990 0.97708333 0.84615385
0.16631755 0.98020833 0.81118881
0.17846669 0.98125000 0.79720280
0.18852116 0.98750000 0.76923077
0.19941349 0.98854167 0.77622378
0.21114370 0.99062500 0.76923077
0.22329284 0.99062500 0.76223776
0.23460411 0.99270833 0.73426573
0.24465857 0.99479167 0.74125874
0.25596984 0.99166667 0.67832168
0.26811898 0.99687500 0.67832168
0.27901131 0.99791667 0.62237762
0.29074152 1.00000000 0.61538462
0.30163385 0.99479167 0.59440559
0.31503980 0.99375000 0.58741259
0.32593213 0.98958333 0.57342657
0.33682447 0.98854167 0.58741259
0.34687893 0.98645833 0.57342657
0.35860913 0.97916667 0.57342657
0.36866359 0.98125000 0.53846154
0.38123167 0.97916667 0.51748252
0.39254294 0.97187500 0.48951049
0.40511102 0.96979167 0.48951049
0.41600335 0.96145833 0.46153846
0.42815249 0.95833333 0.46153846
0.43862589 0.95416667 0.42657343
0.44993716 0.94895833 0.41258741
0.45957269 0.94270833 0.38461538
0.47130289 0.94166667 0.37062937
0.48177629 0.93437500 0.32167832
0.49350649 0.92916667 0.32867133
0.50397989 0.91666667 0.32167832
0.51571010 0.91250000 0.30769231
0.52492669 0.90416667 0.31468531
0.53581902 0.89062500 0.30769231
0.54545455 0.88437500 0.30069930
0.55676581 0.87500000 0.31468531
0.56682028 0.86145833 0.28671329
0.57855048 0.85104167 0.27972028
0.58818601 0.84166667 0.25174825
0.60033515 0.83125000 0.25174825
0.61038961 0.81875000 0.21678322
0.62253875 0.80416667 0.23076923
0.63133641 0.79270833 0.19580420
0.64264767 0.78645833 0.17482517
0.65144533 0.76979167 0.13986014
0.66149979 0.75833333 0.13286713
0.67113532 0.74583333 0.12587413
0.68328446 0.73750000 0.08391608
0.69082530 0.72187500 0.08391608
0.70087977 0.70729167 0.09090909
0.70925848 0.69062500 0.08391608
0.72015082 0.67604167 0.08391608
0.72852953 0.66145833 0.07692308
0.73942187 0.64375000 0.07692308
0.74863846 0.62916667 0.06993007
0.75911186 0.61145833 0.06293706
0.76749057 0.59270833 0.03496503
0.77880184 0.57708333 0.04895105
0.78676163 0.55833333 0.03496503
0.79765396 0.54062500 0.06293706
0.80687055 0.52083333 0.02797203
0.81650607 0.50104167 0.04895105
0.82614160 0.48333333 0.02097902
0.83493925 0.46354167 0.01398601
0.84373691 0.44479167 0.00000000
0.85295350 0.42187500 0.00699301
0.86175115 0.40312500 0.00699301
0.87222455 0.38229167 0.02097902
0.87892752 0.36041667 0.04195804
0.88898199 0.33541667 0.05594406
0.89610390 0.31666667 0.04195804
0.90532049 0.28854167 0.06993007
0.91244240 0.26666667 0.08391608
0.92333473 0.24062500 0.11188811
0.93003770 0.21458333 0.11888112
0.94009217 0.19166667 0.16083916
0.94553833 0.16979167 0.15384615
0.95475492 0.14479167 0.18181818
0.96145790 0.11979167 0.16783217
0.97067449 0.09375000 0.20279720
0.97737746 0.06875000 0.19580420
0.98491831 0.04791667 0.21678322
0.99287809 0.02291667 0.23076923
1.00000000 0.00000000 0.25874126
