0.13043478 1.00000000 1.00000000
0.00000000 0.97777778 0.99103139
0.13043478 0.98888889 0.99103139
0.08695652 0.97777778 0.98206278
0.13043478 1.00000000 0.99103139
0.08695652 0.98888889 0.97757848
0.00000000 0.97777778 0.98654709
0.13043478 0.92222222 0.97757848
0.04347826 0.92222222 0.98206278
0.08695652 0.91111111 0.96412556
0.04347826 0.91111111 0.96412556
0.17391304 0.92222222 0.95515695
0.17391304 0.90000000 0.95964126
0.08695652 0.88888889 0.95964126
0.13043478 0.88888889 0.95067265
0.08695652 0.84444444 0.93721973
0.13043478 0.86666667 0.93273543
0.13043478 0.82222222 0.91928251
0.08695652 0.84444444 0.93273543
0.17391304 0.81111111 0.91031390
0.08695652 0.83333333 0.90582960
0.26086957 0.82222222 0.89237668
0.08695652 0.82222222 0.88340807
0.26086957 0.77777778 0.86995516
0.21739130 0.75555556 0.86098655
0.26086957 0.74444444 0.84753363
0.30434783 0.72222222 0.84304933
0.17391304 0.73333333 0.82959641
0.30434783 0.71111111 0.81614350
0.30434783 0.67777778 0.80269058
0.34782609 0.68888889 0.78475336
0.26086957 0.67777778 0.77130045
0.30434783 0.72222222 0.75784753
0.30434783 0.65555556 0.74439462
0.30434783 0.68888889 0.73542601
0.34782609 0.64444444 0.70852018
0.26086957 0.66666667 0.70852018
0.39130435 0.65555556 0.68609865
0.26086957 0.62222222 0.67713004
0.34782609 0.64444444 0.65919283
0.34782609 0.60000000 0.64573991
0.39130435 0.57777778 0.64125561
0.52173913 0.55555556 0.63677130
0.56521739 0.56666667 0.60986547
0.56521739 0.60000000 0.59641256
0.47826087 0.56666667 0.57847534
0.56521739 0.57777778 0.57399103
0.60869565 0.52222222 0.54708520
0.52173913 0.48888889 0.54708520
0.65217391 0.43333333 0.52914798
0.47826087 0.44444444 0.53363229
0.60869565 0.45555556 0.51569507
0.56521739 0.44444444 0.51121076
0.65217391 0.45555556 0.49327354
0.69565217 0.43333333 0.47533632
0.65217391 0.40000000 0.47533632
0.69565217 0.38888889 0.46188341
0.69565217 0.37777778 0.44843049
0.69565217 0.43333333 0.43946188
0.60869565 0.37777778 0.43049327
0.56521739 0.40000000 0.42600897
0.65217391 0.36666667 0.41255605
0.56521739 0.33333333 0.40358744
0.65217391 0.35555556 0.40807175
0.56521739 0.34444444 0.38116592
0.52173913 0.31111111 0.38565022
0.56521739 0.33333333 0.35874439
0.47826087 0.28888889 0.36771300
0.56521739 0.31111111 0.35426009
0.52173913 0.28888889 0.34529148
0.43478261 0.30000000 0.32735426
0.56521739 0.28888889 0.32735426
0.43478261 0.28888889 0.30941704
0.60869565 0.27777778 0.30493274
0.39130435 0.24444444 0.28699552
0.60869565 0.24444444 0.28699552
0.56521739 0.24444444 0.26905830
0.52173913 0.25555556 0.26457399
0.52173913 0.21111111 0.24663677
0.56521739 0.17777778 0.25560538
0.65217391 0.16666667 0.23766816
0.65217391 0.14444444 0.22869955
0.56521739 0.20000000 0.22421525
0.73913043 0.13333333 0.21524664
0.65217391 0.13333333 0.20627803
0.73913043 0.11111111 0.19282511
0.69565217 0.08888889 0.18834081
0.82608696 0.07777778 0.17488789
0.73913043 0.06666667 0.16143498
0.73913043 0.04444444 0.16143498
0.86956522 0.04444444 0.13452915
0.78260870 0.01111111 0.12556054
0.73913043 0.00000000 0.12107623
1.00000000 0.02222222 0.08071749
0.73913043 0.06666667 0.07623318
0.82608696 0.04444444 0.04484305
0.73913043 0.07777778 0.03587444
1.00000000 0.03333333 0.02690583
0.78260870 0.00000000 0.00448430
0.91304348 0.00000000 0.00000000
