0.1461 0.8594 0.2613
0.2011 0.8980 0.3010
0.2592 0.9267 0.3492
0.3268 0.9548 0.4054
0.4093 0.9807 0.4600
0.4957 0.9978 0.5220
0.5829 1.0000 0.5914
0.6716 0.9917 0.6619
0.7651 0.9702 0.7292
0.8484 0.9355 0.7939
0.9183 0.8815 0.8527
0.9607 0.8071 0.9083
0.9882 0.7277 0.9539
1.0000 0.6389 0.9841
0.9835 0.5380 0.9989
0.9434 0.4449 1.0000
0.8759 0.3479 0.9809
0.7973 0.2552 0.9534
0.7054 0.1770 0.9094
0.6151 0.1163 0.8612
0.5208 0.0662 0.7986
0.4266 0.0342 0.7324
0.3441 0.0143 0.6645
0.2710 0.0000 0.5994
0.2058 0.0011 0.5342
0.1540 0.0149 0.4722
0.1131 0.0303 0.4134
0.0793 0.0452 0.3657
0.0495 0.0667 0.3196
0.0314 0.0932 0.2782
0.0141 0.1174 0.2406
0.0063 0.1433 0.2077
0.0000 0.1692 0.1765
0.0016 0.1940 0.1532
0.0024 0.2189 0.1282
0.0055 0.2426 0.1097
0.0118 0.2613 0.0906
0.0173 0.2778 0.0795
0.0236 0.3010 0.0668
0.0369 0.3170 0.0525
0.0479 0.3357 0.0445
0.0628 0.3523 0.0371
0.0723 0.3693 0.0281
0.0880 0.3815 0.0233
0.0990 0.4008 0.0159
0.1131 0.4184 0.0106
0.1241 0.4289 0.0090
0.1390 0.4449 0.0074
0.1524 0.4647 0.0000
0.1673 0.4774 0.0011
0.1815 0.4906 0.0042
0.1948 0.5044 0.0032
0.2097 0.5187 0.0026
0.2223 0.5342 0.0058
0.2357 0.5502 0.0090
0.2545 0.5612 0.0117
0.2694 0.5744 0.0154
0.2875 0.5954 0.0164
0.3001 0.6047 0.0223
0.3150 0.6136 0.0323
0.3252 0.6295 0.0382
0.3386 0.6488 0.0419
0.3472 0.6615 0.0519
0.3543 0.6698 0.0678
0.3590 0.6797 0.0800
0.3739 0.6847 0.0885
0.3755 0.7029 0.0991
0.3818 0.7100 0.1113
0.3810 0.7150 0.1272
0.3865 0.7128 0.1394
0.3841 0.7189 0.1500
0.3865 0.7133 0.1648
0.3865 0.7067 0.1807
0.3865 0.7029 0.1865
0.3865 0.6996 0.1913
0.3865 0.6852 0.1993
0.3833 0.6770 0.2056
0.3786 0.6599 0.2109
0.3802 0.6483 0.2146
0.3771 0.6351 0.2114
0.3731 0.6307 0.2088
0.3747 0.6202 0.2040
0.3708 0.6053 0.1998
0.3692 0.5970 0.1940
0.3708 0.5899 0.1860
0.3676 0.5882 0.1749
0.3716 0.5788 0.1675
0.3755 0.5728 0.1600
0.3794 0.5628 0.1494
0.3810 0.5662 0.1346
0.3841 0.5667 0.1245
0.3888 0.5623 0.1161
0.3904 0.5628 0.1060
0.3928 0.5628 0.0986
0.3920 0.5639 0.0906
0.3975 0.5634 0.0837
0.3991 0.5617 0.0768
0.3991 0.5656 0.0700
0.3967 0.5678 0.0620
0.3983 0.5673 0.0572
