1.0000 0.2971 0.0080
0.9972 0.2657 0.0279
0.9688 0.2512 0.0239
0.9716 0.2585 0.0159
0.9460 0.2874 0.0000
0.9347 0.2947 0.0040
0.9034 0.2729 0.0159
0.8977 0.2681 0.0199
0.8722 0.2585 0.0239
0.8693 0.2899 0.0159
0.8409 0.3164 0.0120
0.8494 0.3188 0.0199
0.8097 0.3043 0.0339
0.8097 0.3164 0.0339
0.7812 0.3357 0.0418
0.7898 0.3551 0.0458
0.7670 0.3575 0.0518
0.7699 0.3599 0.0637
0.7472 0.3671 0.0518
0.7528 0.3961 0.0618
0.7330 0.4058 0.0598
0.7330 0.4082 0.0717
0.7074 0.4155 0.0797
0.6960 0.4130 0.0817
0.6705 0.4469 0.0817
0.6676 0.4541 0.0916
0.6420 0.4686 0.0936
0.6477 0.4662 0.1056
0.6051 0.4686 0.1215
0.6165 0.5048 0.1116
0.5824 0.5242 0.1175
0.5767 0.5556 0.1195
0.5483 0.5652 0.1235
0.5455 0.5580 0.1394
0.5114 0.5556 0.1474
0.4972 0.6135 0.1474
0.4688 0.6184 0.1514
0.4659 0.6425 0.1673
0.4347 0.6473 0.1753
0.4261 0.6473 0.1932
0.3949 0.6691 0.1972
0.3977 0.6957 0.2072
0.3693 0.7319 0.2092
0.3636 0.7633 0.2191
0.3239 0.7729 0.2331
0.3210 0.7778 0.2550
0.2841 0.7826 0.2689
0.2784 0.8116 0.2789
0.2500 0.8333 0.2928
0.2216 0.8744 0.3028
0.2017 0.8865 0.3187
0.1960 0.8768 0.3506
0.1619 0.8696 0.3865
0.1619 0.9130 0.3884
0.1278 0.9469 0.4024
0.1222 0.9758 0.4143
0.0767 0.9855 0.4363
0.0824 0.9589 0.4681
0.0625 0.9517 0.4841
0.0568 0.9710 0.5100
0.0312 0.9831 0.5199
0.0455 1.0000 0.5398
0.0199 1.0000 0.5717
0.0199 0.9662 0.6076
0.0142 0.9758 0.6295
0.0256 0.9831 0.6594
0.0085 0.9758 0.6853
0.0199 0.9638 0.7131
0.0000 0.9686 0.7351
0.0227 0.9300 0.7689
0.0000 0.9130 0.7968
0.0170 0.9179 0.8187
0.0227 0.8841 0.8367
0.0511 0.8768 0.8645
0.0455 0.8237 0.8865
0.0625 0.7778 0.9183
0.0540 0.7826 0.9283
0.0881 0.7609 0.9422
0.0852 0.7150 0.9582
0.1193 0.6691 0.9761
0.1250 0.6014 0.9841
0.1705 0.5386 0.9920
0.1761 0.5000 1.0000
0.2159 0.4783 0.9940
0.2415 0.4469 0.9900
0.2784 0.3961 0.9821
0.3068 0.3357 0.9741
0.3551 0.2947 0.9681
0.3807 0.2488 0.9482
0.4233 0.2053 0.9402
0.4460 0.1908 0.9124
0.4915 0.1643 0.8944
0.5028 0.1256 0.8825
0.5398 0.1039 0.8586
0.5653 0.0870 0.8367
0.6222 0.0821 0.8147
0.6477 0.0459 0.7948
0.6932 0.0217 0.7789
0.7159 0.0000 0.7649
0.7557 0.0048 0.7390
