0.0000 1.0000 1.0000
0.0178 0.9945 0.9167
0.0222 0.9890 0.8500
0.0489 0.9843 0.7333
0.0533 0.9835 0.6667
0.0800 0.9772 0.6333
0.1022 0.9686 0.5000
0.1378 0.9654 0.4833
0.1422 0.9623 0.4167
0.1733 0.9560 0.3833
0.1956 0.9521 0.3167
0.2133 0.9482 0.3167
0.2178 0.9427 0.2833
0.2622 0.9309 0.2667
0.2622 0.9269 0.2333
0.2978 0.9191 0.2167
0.3111 0.9136 0.1667
0.3422 0.9049 0.2000
0.3422 0.9034 0.1667
0.3644 0.8963 0.1667
0.4044 0.8861 0.1333
0.4133 0.8767 0.1833
0.4400 0.8688 0.1500
0.4622 0.8610 0.1833
0.4844 0.8555 0.1500
0.5067 0.8437 0.2000
0.5244 0.8366 0.2333
0.5422 0.8280 0.2167
0.5556 0.8185 0.2167
0.5911 0.8036 0.2500
0.6089 0.7973 0.2167
0.6400 0.7887 0.2167
0.6489 0.7816 0.2333
0.6756 0.7706 0.2667
0.6933 0.7628 0.2667
0.7200 0.7494 0.2667
0.7289 0.7400 0.2500
0.7556 0.7266 0.3000
0.7822 0.7156 0.2500
0.8044 0.7031 0.3000
0.8178 0.6921 0.3167
0.8356 0.6771 0.3667
0.8578 0.6630 0.4000
0.8978 0.6489 0.3333
0.8844 0.6379 0.3333
0.8933 0.6214 0.3667
0.9022 0.6096 0.3500
0.9289 0.5954 0.3333
0.9289 0.5852 0.3333
0.9378 0.5711 0.3833
0.9422 0.5585 0.3333
0.9644 0.5475 0.3333
0.9511 0.5357 0.3333
0.9689 0.5224 0.3667
0.9733 0.5114 0.3333
0.9733 0.4988 0.3167
0.9956 0.4902 0.3000
0.9956 0.4768 0.3167
0.9956 0.4705 0.3000
1.0000 0.4564 0.2667
0.9956 0.4430 0.2667
1.0000 0.4336 0.2500
0.9956 0.4211 0.2500
1.0000 0.4093 0.2500
0.9956 0.3991 0.1833
1.0000 0.3841 0.1833
0.9822 0.3723 0.1833
0.9689 0.3637 0.1833
0.9733 0.3480 0.1333
0.9689 0.3362 0.0833
0.9600 0.3299 0.0500
0.9556 0.3197 0.0833
0.9467 0.3103 0.0500
0.9333 0.2954 0.0500
0.9333 0.2859 0.0000
0.9289 0.2749 0.0167
0.9067 0.2671 0.0333
0.8800 0.2569 0.0333
0.8756 0.2474 0.0667
0.8622 0.2333 0.0000
0.8356 0.2239 0.0167
0.8267 0.2121 0.0333
0.8000 0.2066 0.0333
0.7867 0.1893 0.0667
0.7689 0.1767 0.0167
0.7422 0.1618 0.0333
0.7200 0.1563 0.0000
0.7022 0.1453 0.0500
0.6711 0.1367 0.0667
0.6400 0.1218 0.0667
0.6267 0.1100 0.0667
0.6044 0.0958 0.0500
0.5733 0.0841 0.1500
0.5556 0.0762 0.1000
0.5111 0.0644 0.1667
0.4756 0.0471 0.1667
0.4400 0.0322 0.2000
0.4044 0.0212 0.2167
0.3689 0.0118 0.2667
0.3289 0.0000 0.3000
