0.0243 -0.8426 0.0420
0.0263 -0.8258 0.0387
0.0294 -0.8194 0.0322
0.0314 -0.8097 0.0256
0.0283 -0.7987 0.0217
0.0283 -0.7755 0.0210
0.0294 -0.7587 0.0190
0.0314 -0.7452 0.0171
0.0263 -0.7329 0.0138
0.0263 -0.7174 0.0138
0.0213 -0.6994 0.0112
0.0182 -0.6819 0.0112
0.0142 -0.6665 0.0092
0.0142 -0.6490 0.0079
0.0051 -0.6355 0.0053
0.0040 -0.6161 0.0053
-0.0000 -0.6013 0.0033
0.0071 -0.5839 0.0000
0.0040 -0.5600 0.0026
0.0020 -0.5445 0.0026
0.0010 -0.5226 0.0046
0.0020 -0.5110 0.0053
0.0030 -0.4903 0.0039
0.0040 -0.4703 0.0079
0.0040 -0.4503 0.0085
0.0040 -0.4252 0.0125
0.0081 -0.4110 0.0131
0.0121 -0.3877 0.0177
0.0182 -0.3697 0.0223
0.0182 -0.3471 0.0289
0.0223 -0.3219 0.0348
0.0263 -0.3039 0.0407
0.0283 -0.2826 0.0440
0.0364 -0.2645 0.0525
0.0374 -0.2432 0.0571
0.0435 -0.2168 0.0676
0.0486 -0.1987 0.0742
0.0628 -0.1774 0.0794
0.0709 -0.1594 0.0880
0.0820 -0.1381 0.0978
0.0870 -0.1168 0.1064
0.0982 -0.0974 0.1162
0.1063 -0.0794 0.1261
0.1154 -0.0581 0.1313
0.1275 -0.0413 0.1392
0.1377 -0.0206 0.1484
0.1498 0.0000 0.1563
0.1589 0.0161 0.1661
0.1721 0.0387 0.1740
0.1862 0.0542 0.1832
0.1913 0.0735 0.1930
0.2045 0.0929 0.2042
0.2126 0.1090 0.2134
0.2247 0.1284 0.2226
0.2368 0.1445 0.2298
0.2520 0.1594 0.2383
0.2642 0.1800 0.2469
0.2763 0.2000 0.2561
0.2905 0.2219 0.2659
0.3077 0.2413 0.2764
0.3188 0.2516 0.2843
0.3360 0.2626 0.2955
0.3522 0.2858 0.3047
0.3694 0.3090 0.3178
0.3775 0.3265 0.3270
0.3968 0.3439 0.3381
0.4079 0.3542 0.3473
0.4281 0.3613 0.3565
0.4403 0.3871 0.3664
0.4595 0.4123 0.3795
0.4737 0.4323 0.3900
0.4889 0.4516 0.4032
0.5040 0.4645 0.4156
0.5233 0.4774 0.4307
0.5364 0.4929 0.4419
0.5567 0.5206 0.4576
0.5709 0.5458 0.4688
0.5881 0.5652 0.4852
0.6002 0.5813 0.4990
0.6225 0.5987 0.5141
0.6346 0.6084 0.5286
0.6559 0.6335 0.5463
0.6761 0.6639 0.5620
0.6953 0.6845 0.5831
0.7136 0.7000 0.6014
0.7328 0.7206 0.6218
0.7510 0.7400 0.6408
0.7723 0.7548 0.6664
0.7905 0.7794 0.6848
0.8117 0.8019 0.7085
0.8259 0.8219 0.7328
0.8492 0.8432 0.7610
0.8674 0.8645 0.7866
0.8866 0.8839 0.8116
0.9119 0.9019 0.8404
0.9342 0.9290 0.8687
0.9534 0.9535 0.8982
0.9737 0.9768 0.9324
0.9798 0.9871 0.9659
1.0000 1.0000 1.0000
