1.00000000 0.31526316 0.82621219
0.98966942 0.31210526 0.81997120
0.97865014 0.28526316 0.80460874
0.96074380 0.27315789 0.79836774
0.94696970 0.24315789 0.77964474
0.92424242 0.23368421 0.77052328
0.89669421 0.20105263 0.75084013
0.86019284 0.18263158 0.73115699
0.82369146 0.14052632 0.69947192
0.77341598 0.11894737 0.67162746
0.71694215 0.08000000 0.63130101
0.64738292 0.06473684 0.59385502
0.57644628 0.03263158 0.54104657
0.49311295 0.01473684 0.48055689
0.40633609 0.00000000 0.41094575
0.30785124 0.00736842 0.33845415
0.21487603 0.02894737 0.26596255
0.12396694 0.07631579 0.19203072
0.05303030 0.14052632 0.12193951
0.01584022 0.22315789 0.06240999
0.00000000 0.33473684 0.02400384
0.02134986 0.44421053 0.00000000
0.05991736 0.57631579 0.00864138
0.15082645 0.68263158 0.03312530
0.24449036 0.78842105 0.08305329
0.35330579 0.86000000 0.14306289
0.46074380 0.92210526 0.21459434
0.55922865 0.96894737 0.28948632
0.64876033 0.98473684 0.36389822
0.72107438 1.00000000 0.43783005
0.78719008 0.97842105 0.50552088
0.83333333 0.98473684 0.57081133
0.87052342 0.94631579 0.62361978
0.89876033 0.94263158 0.67498800
0.92148760 0.89736842 0.71579453
0.92975207 0.89052632 0.75372060
0.93939394 0.85368421 0.78444551
0.94559229 0.83263158 0.81180989
0.94903581 0.81947368 0.83581373
0.94696970 0.78736842 0.85357657
0.94903581 0.78157895 0.87181949
0.94696970 0.75368421 0.88430149
0.94490358 0.74421053 0.89438310
0.93801653 0.72789474 0.90590494
0.93801653 0.72157895 0.91550648
0.93181818 0.71105263 0.92270763
0.92561983 0.69210526 0.92702832
0.92286501 0.68052632 0.93278925
0.91942149 0.67684211 0.93614978
0.91528926 0.67368421 0.93903024
0.90977961 0.65684211 0.93710994
0.90977961 0.64947368 0.93999040
0.90495868 0.64263158 0.94095055
0.90151515 0.63684211 0.94191071
0.89876033 0.62421053 0.93855017
0.89876033 0.62578947 0.93903024
0.89738292 0.62000000 0.93807009
0.89118457 0.61684211 0.93566971
0.89049587 0.60526316 0.93470955
0.88774105 0.61263158 0.93566971
0.88567493 0.61421053 0.93614978
0.88223140 0.61315789 0.93566971
0.88154270 0.61473684 0.93566971
0.88360882 0.61000000 0.93278925
0.87947658 0.61315789 0.93278925
0.88016529 0.61157895 0.93374940
0.88429752 0.62684211 0.93759001
0.88636364 0.61789474 0.93518963
0.88980716 0.62157895 0.93470955
0.89118457 0.62052632 0.93374940
0.89876033 0.62842105 0.93566971
0.89669421 0.62578947 0.93470955
0.89738292 0.63736842 0.94095055
0.90082645 0.63789474 0.93999040
0.90151515 0.63315789 0.93903024
0.90289256 0.63421053 0.94143063
0.90220386 0.63421053 0.94095055
0.90358127 0.64210526 0.94575132
0.90220386 0.63789474 0.94527124
0.90220386 0.64210526 0.94863178
0.90358127 0.63684211 0.95055209
0.90495868 0.64368421 0.95487278
0.90564738 0.64421053 0.95823332
0.90220386 0.64789474 0.95919347
0.90289256 0.65315789 0.96399424
0.90151515 0.65210526 0.96735478
0.90151515 0.65842105 0.97215554
0.89600551 0.64789474 0.97503601
0.90013774 0.65210526 0.97839654
0.89876033 0.64473684 0.98127700
0.89462810 0.64684211 0.98367739
0.89256198 0.64947368 0.98703793
0.89462810 0.64789474 0.99039846
0.89462810 0.64736842 0.99327892
0.89187328 0.63736842 0.99423908
0.89462810 0.63842105 0.99663946
0.89600551 0.63473684 0.99759962
0.89462810 0.63368421 0.99759962
0.89256198 0.62842105 0.99903985
0.89600551 0.62526316 1.00000000
