1.0000 0.0588 0.0000
0.9892 0.0569 0.0063
0.9776 0.0549 0.0250
0.9669 0.0529 0.0312
0.9545 0.0490 0.0531
0.9396 0.0549 0.0594
0.9305 0.0373 0.0719
0.9197 0.0392 0.0750
0.9073 0.0314 0.0875
0.8957 0.0196 0.0844
0.8816 0.0137 0.1031
0.8709 0.0137 0.1094
0.8576 0.0078 0.1250
0.8469 0.0118 0.1344
0.8336 0.0000 0.1469
0.8237 0.0059 0.1437
0.8104 0.0020 0.1656
0.8013 0.0039 0.1688
0.7897 0.0137 0.1906
0.7773 0.0137 0.2000
0.7649 0.0275 0.2188
0.7558 0.0353 0.2219
0.7401 0.0333 0.2406
0.7310 0.0392 0.2375
0.7185 0.0353 0.2469
0.7078 0.0275 0.2500
0.6945 0.0294 0.2625
0.6838 0.0275 0.2625
0.6714 0.0235 0.2750
0.6631 0.0275 0.2750
0.6490 0.0255 0.2875
0.6391 0.0314 0.2938
0.6275 0.0412 0.3125
0.6184 0.0510 0.3187
0.6060 0.0569 0.3375
0.5969 0.0725 0.3531
0.5844 0.0725 0.3625
0.5737 0.0863 0.3719
0.5604 0.0863 0.3937
0.5497 0.1000 0.3906
0.5356 0.1118 0.4094
0.5257 0.1216 0.4188
0.5124 0.1216 0.4406
0.5050 0.1255 0.4313
0.4901 0.1196 0.4469
0.4768 0.1333 0.4531
0.4661 0.1431 0.4781
0.4528 0.1529 0.4719
0.4404 0.1627 0.4906
0.4313 0.1667 0.5000
0.4189 0.1765 0.5156
0.4081 0.1863 0.5281
0.3965 0.2039 0.5469
0.3858 0.2157 0.5531
0.3733 0.2235 0.5719
0.3626 0.2392 0.5781
0.3493 0.2549 0.5938
0.3394 0.2667 0.5938
0.3270 0.2824 0.6125
0.3179 0.3020 0.6125
0.3071 0.3000 0.6281
0.2972 0.3137 0.6281
0.2864 0.3216 0.6438
0.2781 0.3373 0.6469
0.2649 0.3510 0.6625
0.2566 0.3686 0.6656
0.2442 0.3784 0.6844
0.2368 0.3961 0.7031
0.2235 0.4157 0.7156
0.2169 0.4353 0.7250
0.2053 0.4588 0.7438
0.1978 0.4745 0.7562
0.1846 0.4941 0.7656
0.1763 0.5235 0.7844
0.1639 0.5353 0.7875
0.1581 0.5588 0.8031
0.1465 0.5745 0.8156
0.1424 0.5824 0.8187
0.1300 0.5961 0.8344
0.1242 0.6098 0.8438
0.1126 0.6333 0.8531
0.1051 0.6588 0.8656
0.0969 0.6745 0.8750
0.0911 0.6843 0.8844
0.0828 0.7020 0.8906
0.0778 0.7255 0.9125
0.0695 0.7490 0.9187
0.0654 0.7686 0.9250
0.0596 0.7922 0.9281
0.0546 0.8039 0.9313
0.0455 0.8235 0.9469
0.0397 0.8549 0.9594
0.0323 0.8765 0.9688
0.0315 0.8941 0.9688
0.0232 0.9020 0.9719
0.0207 0.9118 0.9688
0.0132 0.9255 0.9750
0.0099 0.9588 0.9844
0.0050 0.9882 0.9938
0.0000 1.0000 1.0000
