0.94782609 0.00370370 0.00952381
1.00000000 0.00370370 0.03809524
0.93913043 0.00000000 0.02857143
0.96521739 0.01111111 0.00952381
0.91304348 0.01851852 0.00000000
0.95652174 0.01111111 0.04761905
0.89565217 0.01481481 0.02857143
0.93043478 0.00370370 0.05714286
0.89565217 0.01111111 0.03809524
0.91304348 0.02222222 0.03809524
0.88695652 0.03703704 0.04761905
0.93043478 0.04814815 0.05714286
0.88695652 0.05185185 0.09523810
0.93043478 0.07777778 0.08571429
0.89565217 0.08888889 0.06666667
0.92173913 0.09259259 0.09523810
0.88695652 0.10740741 0.07619048
0.91304348 0.10740741 0.10476190
0.86086957 0.11481481 0.09523810
0.89565217 0.12222222 0.11428571
0.85217391 0.13333333 0.09523810
0.87826087 0.14444444 0.10476190
0.84347826 0.16296296 0.11428571
0.86956522 0.16666667 0.10476190
0.80869565 0.17037037 0.10476190
0.83478261 0.17037037 0.12380952
0.79130435 0.17777778 0.12380952
0.80869565 0.18518519 0.13333333
0.75652174 0.19259259 0.12380952
0.78260870 0.20370370 0.13333333
0.73913043 0.21481481 0.15238095
0.75652174 0.22962963 0.13333333
0.71304348 0.22592593 0.13333333
0.75652174 0.23703704 0.16190476
0.72173913 0.23703704 0.16190476
0.75652174 0.26666667 0.18095238
0.72173913 0.27407407 0.18095238
0.73043478 0.30000000 0.19047619
0.70434783 0.31481481 0.20952381
0.71304348 0.32962963 0.20952381
0.68695652 0.33703704 0.20952381
0.70434783 0.35185185 0.22857143
0.67826087 0.34814815 0.23809524
0.67826087 0.36666667 0.24761905
0.66086957 0.37777778 0.23809524
0.66956522 0.40370370 0.25714286
0.60869565 0.40740741 0.24761905
0.62608696 0.42222222 0.26666667
0.59130435 0.41111111 0.26666667
0.61739130 0.42962963 0.26666667
0.57391304 0.42962963 0.26666667
0.58260870 0.45185185 0.28571429
0.54782609 0.45925926 0.27619048
0.55652174 0.48888889 0.30476190
0.52173913 0.48888889 0.29523810
0.53043478 0.50000000 0.30476190
0.49565217 0.50000000 0.30476190
0.49565217 0.52962963 0.33333333
0.47826087 0.54074074 0.33333333
0.46086957 0.56296296 0.36190476
0.44347826 0.56296296 0.36190476
0.46086957 0.58148148 0.36190476
0.44347826 0.56296296 0.41904762
0.48695652 0.61111111 0.39047619
0.40869565 0.62592593 0.41904762
0.41739130 0.64814815 0.43809524
0.40869565 0.65185185 0.42857143
0.40869565 0.67407407 0.45714286
0.38260870 0.68148148 0.45714286
0.38260870 0.71111111 0.48571429
0.34782609 0.71851852 0.49523810
0.34782609 0.72962963 0.50476190
0.33913043 0.71111111 0.51428571
0.33043478 0.73703704 0.53333333
0.29565217 0.74074074 0.54285714
0.29565217 0.75185185 0.55238095
0.26956522 0.75185185 0.56190476
0.25217391 0.77407407 0.57142857
0.21739130 0.77777778 0.61904762
0.21739130 0.80000000 0.64761905
0.20000000 0.81111111 0.66666667
0.21739130 0.82962963 0.67619048
0.21739130 0.84074074 0.68571429
0.20869565 0.86666667 0.74285714
0.20000000 0.85925926 0.76190476
0.18260870 0.88518519 0.79047619
0.17391304 0.88518519 0.80952381
0.17391304 0.91481481 0.82857143
0.15652174 0.90000000 0.84761905
0.16521739 0.92222222 0.86666667
0.14782609 0.91851852 0.85714286
0.11304348 0.93703704 0.87619048
0.11304348 0.92592593 0.85714286
0.08695652 0.95555556 0.86666667
0.08695652 0.95185185 0.88571429
0.05217391 0.96296296 0.90476190
0.06086957 0.95555556 0.91428571
0.02608696 0.98148148 0.94285714
0.02608696 0.97407407 0.97142857
0.00000000 1.00000000 1.00000000
