1.00000000 0.89562290 0.00000000
0.94642857 0.91245791 0.03149606
0.95535714 0.89562290 0.03543307
0.83928571 0.90572391 0.05905512
0.82142857 0.88215488 0.05118110
0.73214286 0.92592593 0.08661417
0.75000000 0.89898990 0.07874016
0.67857143 0.93939394 0.12598425
0.68750000 0.90909091 0.11811024
0.58928571 0.91245791 0.15748031
0.61607143 0.87878788 0.14960630
0.53571429 0.91582492 0.18897638
0.53571429 0.88215488 0.17322835
0.44642857 0.89225589 0.21259843
0.50000000 0.86195286 0.20078740
0.42857143 0.88215488 0.23622047
0.47321429 0.85521886 0.22440945
0.39285714 0.89225589 0.26771654
0.46428571 0.85858586 0.24409449
0.39285714 0.89562290 0.29133858
0.42857143 0.86531987 0.26771654
0.37500000 0.91245791 0.31102362
0.42857143 0.88215488 0.29921260
0.36607143 0.93265993 0.34645669
0.41964286 0.90235690 0.32677165
0.37500000 0.94276094 0.37007874
0.44642857 0.91582492 0.34645669
0.38392857 0.95286195 0.40157480
0.45535714 0.92592593 0.37795276
0.40178571 0.97979798 0.41732283
0.45535714 0.94949495 0.38976378
0.39285714 0.98989899 0.44094488
0.45535714 0.94949495 0.42519685
0.43750000 1.00000000 0.46062992
0.47321429 0.95286195 0.42519685
0.40178571 0.98653199 0.48425197
0.46428571 0.92929293 0.45275591
0.40178571 0.97306397 0.50787402
0.44642857 0.92592593 0.46850394
0.35714286 0.96296296 0.51181102
0.41964286 0.90909091 0.48425197
0.32142857 0.95286195 0.53543307
0.35714286 0.89562290 0.49606299
0.30357143 0.93265993 0.55511811
0.34821429 0.88215488 0.53149606
0.28571429 0.92255892 0.59055118
0.33928571 0.86868687 0.54724409
0.27678571 0.91919192 0.61811024
0.33928571 0.86531987 0.57874016
0.25892857 0.91582492 0.63779528
0.32142857 0.86195286 0.60629921
0.25000000 0.93265993 0.67716535
0.33035714 0.86531987 0.62204724
0.27678571 0.92592593 0.70472441
0.33035714 0.87878788 0.65748031
0.28571429 0.90909091 0.75196850
0.35714286 0.84175084 0.70472441
0.29464286 0.89562290 0.77559055
0.34821429 0.83838384 0.72440945
0.28571429 0.89562290 0.81496063
0.33035714 0.82828283 0.74803150
0.28571429 0.88215488 0.84251969
0.33928571 0.81818182 0.75984252
0.27678571 0.83838384 0.87007874
0.33928571 0.78451178 0.79133858
0.26785714 0.83501684 0.90157480
0.32142857 0.77777778 0.81496063
0.26785714 0.82828283 0.92519685
0.33035714 0.76767677 0.83070866
0.25000000 0.81144781 0.95275591
0.32142857 0.77441077 0.85826772
0.27678571 0.79124579 0.97637795
0.34821429 0.73400673 0.87795276
0.30357143 0.74410774 1.00000000
0.36607143 0.71380471 0.87401575
0.30357143 0.71717172 0.99606299
0.38392857 0.67340067 0.86614173
0.31250000 0.68350168 0.98818898
0.36607143 0.61952862 0.87007874
0.27678571 0.62626263 0.98425197
0.35714286 0.57575758 0.85826772
0.28571429 0.58249158 0.98425197
0.32142857 0.53872054 0.85826772
0.24107143 0.54208754 0.95669291
0.26785714 0.50168350 0.82283465
0.17857143 0.47138047 0.95669291
0.22321429 0.44781145 0.82283465
0.12500000 0.41077441 0.94881890
0.19642857 0.38047138 0.81102362
0.13392857 0.34680135 0.93700787
0.20535714 0.32659933 0.80314961
0.12500000 0.27609428 0.92913386
0.15178571 0.27609428 0.78346457
0.08928571 0.22558923 0.92125984
0.16964286 0.23905724 0.77165354
0.08035714 0.16498316 0.89370079
0.14285714 0.16498316 0.75196850
0.05357143 0.08754209 0.87007874
0.10714286 0.08754209 0.72047244
0.00000000 0.00000000 0.83464567
