0.7119 0.6369 1.0000
0.6699 0.6476 0.9933
0.6378 0.6583 0.9833
0.5986 0.6834 0.9786
0.5636 0.6869 0.9657
0.5273 0.7013 0.9623
0.5007 0.7263 0.9552
0.4699 0.7317 0.9504
0.4434 0.7299 0.9404
0.4070 0.7388 0.9347
0.3832 0.7639 0.9309
0.3580 0.7639 0.9261
0.3357 0.7889 0.9204
0.3147 0.7907 0.9156
0.2979 0.8193 0.9137
0.2839 0.8265 0.9104
0.2671 0.8318 0.9056
0.2503 0.8157 0.8999
0.2336 0.8515 0.8994
0.2210 0.8479 0.8951
0.2056 0.8390 0.8928
0.1930 0.8193 0.8856
0.1860 0.8175 0.8861
0.1874 0.8336 0.8823
0.1678 0.8247 0.8794
0.1622 0.7818 0.8723
0.1608 0.7460 0.8684
0.1538 0.7853 0.8727
0.1497 0.7657 0.8694
0.1538 0.7138 0.8613
0.1510 0.6887 0.8584
0.1538 0.6923 0.8618
0.1580 0.6547 0.8546
0.1552 0.6243 0.8494
0.1524 0.5742 0.8418
0.1538 0.5403 0.8403
0.1608 0.5152 0.8313
0.1552 0.5098 0.8308
0.1538 0.4562 0.8184
0.1580 0.4186 0.8136
0.1594 0.3846 0.8036
0.1469 0.3560 0.7946
0.1483 0.3256 0.7855
0.1524 0.3220 0.7822
0.1622 0.2809 0.7650
0.1622 0.2433 0.7521
0.1608 0.2129 0.7383
0.1594 0.2093 0.7278
0.1678 0.1521 0.7045
0.1524 0.1449 0.6926
0.1483 0.0984 0.6711
0.1385 0.0930 0.6568
0.1413 0.0376 0.6287
0.1273 0.0716 0.6182
0.1175 0.0197 0.5920
0.1021 0.0483 0.5777
0.0965 0.0000 0.5491
0.0783 0.0429 0.5348
0.0671 0.0358 0.5138
0.0573 0.0716 0.4990
0.0503 0.0716 0.4790
0.0378 0.1055 0.4600
0.0280 0.1199 0.4414
0.0182 0.1306 0.4194
0.0112 0.1646 0.4066
0.0014 0.2057 0.3904
0.0000 0.2630 0.3789
0.0042 0.2844 0.3627
0.0126 0.3292 0.3537
0.0154 0.3524 0.3370
0.0266 0.4097 0.3289
0.0462 0.4275 0.3155
0.0755 0.4669 0.3098
0.0993 0.4937 0.2969
0.1245 0.5438 0.2950
0.1580 0.5707 0.2841
0.1972 0.6064 0.2774
0.2252 0.6064 0.2664
0.2615 0.6351 0.2598
0.2937 0.6619 0.2526
0.3357 0.6852 0.2459
0.3650 0.6816 0.2340
0.4070 0.6995 0.2264
0.4462 0.7084 0.2154
0.4853 0.7370 0.2064
0.5175 0.7138 0.1911
0.5566 0.7424 0.1849
0.5944 0.7370 0.1683
0.6378 0.7728 0.1602
0.6741 0.7442 0.1420
0.7133 0.7853 0.1335
0.7524 0.8032 0.1211
0.7888 0.8104 0.1053
0.8168 0.8193 0.0887
0.8545 0.8354 0.0729
0.8867 0.8766 0.0596
0.9189 0.9088 0.0486
0.9455 0.9356 0.0310
0.9790 0.9428 0.0124
1.0000 1.0000 0.0000
