1.00000000 0.38790698 0.91856678
0.99871548 0.39023256 0.91327362
0.99935774 0.38232558 0.90635179
0.99871548 0.37906977 0.89942997
0.99229287 0.38232558 0.89454397
0.98843931 0.36883721 0.88558632
0.98651252 0.35720930 0.87825733
0.97687861 0.35302326 0.87255700
0.97430957 0.34093023 0.86319218
0.96724470 0.32744186 0.85423453
0.95568401 0.30093023 0.84079805
0.93448940 0.29069767 0.82939739
0.91522158 0.25162791 0.80741042
0.88631985 0.21953488 0.78338762
0.84971098 0.19162791 0.76058632
0.80218369 0.15767442 0.72516287
0.75080283 0.11534884 0.68281759
0.68143866 0.07441860 0.63151466
0.59730250 0.04883721 0.57614007
0.50802826 0.01441860 0.50325733
0.40912010 0.00000000 0.42385993
0.30378934 0.00139535 0.34201954
0.19267823 0.03627907 0.25732899
0.10211946 0.08372093 0.17385993
0.04624277 0.15488372 0.09405537
0.00000000 0.26279070 0.04356678
0.00513809 0.37953488 0.00570033
0.03532434 0.51023256 0.00000000
0.10661529 0.63906977 0.01791531
0.20359666 0.75488372 0.06514658
0.31406551 0.85255814 0.12459283
0.43352601 0.91720930 0.19951140
0.53692999 0.96930233 0.27972313
0.63648041 0.99069767 0.36197068
0.71740527 1.00000000 0.44096091
0.78291586 0.98790698 0.51180782
0.83108542 0.97720930 0.57573290
0.87219011 0.95906977 0.63273616
0.89788054 0.93813953 0.68037459
0.91329480 0.91720930 0.72475570
0.92100193 0.89441860 0.76058632
0.92935132 0.86697674 0.79193811
0.93256262 0.84651163 0.81962541
0.92870906 0.82883721 0.84283388
0.92806680 0.80930233 0.86400651
0.92549775 0.79581395 0.88192182
0.92100193 0.77767442 0.89657980
0.91329480 0.76418605 0.91083062
0.91072575 0.74976744 0.92060261
0.90879897 0.74232558 0.93241042
0.90687219 0.72976744 0.93892508
0.89852280 0.71906977 0.94666124
0.89852280 0.70976744 0.95276873
0.89531150 0.69720930 0.95602606
0.88888889 0.69255814 0.96009772
0.88182402 0.67860465 0.96172638
0.88182402 0.67348837 0.96498371
0.87604367 0.66465116 0.96620521
0.87219011 0.65860465 0.96579805
0.86897881 0.65255814 0.96701954
0.86769428 0.64837209 0.96620521
0.86319846 0.64418605 0.96701954
0.85934489 0.64232558 0.96620521
0.85741811 0.64186047 0.96701954
0.85806037 0.64093023 0.96539088
0.85420681 0.64883721 0.96620521
0.85035324 0.64279070 0.96294788
0.84842646 0.64651163 0.96213355
0.84585742 0.63534884 0.96091205
0.84200385 0.64604651 0.96091205
0.84071933 0.64651163 0.96172638
0.84200385 0.64744186 0.96009772
0.84136159 0.65395349 0.96009772
0.83622351 0.65116279 0.95887622
0.83815029 0.65674419 0.95806189
0.83750803 0.64744186 0.95765472
0.84007707 0.66651163 0.95928339
0.84007707 0.65441860 0.95846906
0.84521516 0.67116279 0.96091205
0.84457290 0.67209302 0.96294788
0.84328838 0.66976744 0.96091205
0.84521516 0.67069767 0.96254072
0.84457290 0.67348837 0.96335505
0.84393064 0.68279070 0.96701954
0.84393064 0.67441860 0.96661238
0.84585742 0.69116279 0.97068404
0.84585742 0.67953488 0.97068404
0.84328838 0.68465116 0.97190554
0.84200385 0.67302326 0.97271987
0.84393064 0.68000000 0.97516287
0.84457290 0.68744186 0.97923453
0.84393064 0.67348837 0.97923453
0.84521516 0.67767442 0.98249186
0.84649968 0.67116279 0.98412052
0.84649968 0.68139535 0.98737785
0.84264611 0.66837209 0.98819218
0.84264611 0.67953488 0.99307818
0.84393064 0.65953488 0.99348534
0.84200385 0.67627907 0.99877850
0.83879255 0.65906977 1.00000000
