0.00000000 0.13846154 0.00000000
0.00713267 0.19230769 0.00194742
0.02425107 0.23076923 0.00778968
0.03851641 0.32307692 0.00389484
0.04992867 0.34615385 0.01071081
0.06562054 0.40769231 0.01363194
0.08701854 0.43846154 0.02336904
0.10413695 0.45384615 0.02629017
0.12981455 0.45384615 0.03602726
0.14978602 0.46923077 0.03992210
0.17974322 0.46923077 0.04965920
0.20399429 0.48461538 0.05842259
0.23252496 0.49230769 0.06815969
0.25534950 0.45384615 0.07205453
0.28673324 0.42307692 0.08276534
0.31526391 0.41538462 0.09152872
0.34950071 0.37692308 0.10321324
0.37517832 0.34615385 0.10418695
0.40941512 0.33846154 0.11197663
0.43509272 0.33076923 0.11976631
0.47218260 0.26153846 0.12950341
0.50213980 0.24615385 0.13437196
0.53352354 0.21538462 0.14410906
0.56062767 0.20769231 0.14800389
0.59201141 0.18461538 0.16358325
0.61768902 0.16153846 0.16942551
0.64907275 0.13846154 0.17818890
0.67189729 0.13076923 0.18111003
0.70328103 0.10000000 0.19182084
0.72610556 0.08461538 0.20447907
0.75178317 0.00000000 0.21518987
0.77603424 0.00000000 0.22200584
0.79743224 0.03076923 0.22687439
0.81597718 0.01538462 0.23369036
0.83166904 0.03076923 0.24342746
0.84450785 0.00769231 0.25413827
0.86305278 0.03846154 0.26192795
0.87161198 0.06153846 0.26484907
0.88159772 0.10000000 0.27166504
0.88730385 0.14615385 0.28140214
0.89586305 0.12307692 0.29406037
0.89443652 0.19230769 0.30379747
0.90014265 0.22307692 0.31353457
0.90299572 0.27692308 0.32132425
0.90584879 0.33076923 0.33008763
0.90584879 0.36153846 0.33787731
0.90299572 0.42307692 0.35150925
0.90156919 0.44615385 0.36027264
0.89728959 0.49230769 0.37877313
0.89871612 0.55384615 0.38461538
0.90014265 0.58461538 0.39532619
0.90156919 0.63076923 0.40311587
0.90870185 0.62307692 0.42064265
0.91298146 0.69230769 0.42551120
0.91440799 0.69230769 0.43816943
0.91155492 0.73846154 0.45180136
0.91583452 0.76923077 0.46251217
0.92011412 0.77692308 0.47322298
0.93009986 0.75384615 0.48685492
0.93295292 0.76923077 0.49464460
0.94008559 0.80769231 0.50438169
0.93865906 0.82307692 0.51217137
0.94008559 0.85384615 0.52482960
0.94151213 0.83846154 0.53651412
0.94293866 0.90000000 0.54819864
0.94721826 0.86923077 0.55793574
0.95007133 0.92307692 0.56962025
0.95292439 0.91538462 0.57546251
0.95577746 0.96923077 0.59104187
0.95292439 0.94615385 0.60272639
0.95435093 0.97692308 0.61927945
0.95720399 0.94615385 0.63291139
0.96433666 0.91538462 0.64849075
0.96718973 0.92307692 0.66212269
0.97717546 0.91538462 0.67478092
0.97574893 0.94615385 0.68549172
0.97860200 0.95384615 0.70107108
0.97432240 0.94615385 0.71372931
0.98002853 0.96153846 0.72541383
0.98145506 0.95384615 0.73320351
0.98716120 0.99230769 0.74391431
0.99144080 0.99230769 0.75559883
0.99286733 1.00000000 0.76923077
0.99286733 0.96923077 0.78188900
0.99144080 0.98461538 0.79746835
0.99144080 0.94615385 0.81012658
0.99572040 0.92307692 0.82570594
0.99857347 0.88461538 0.83739046
1.00000000 0.86153846 0.85199611
0.99572040 0.82307692 0.86660175
0.99286733 0.80000000 0.88023369
0.98573466 0.80000000 0.89483934
0.98145506 0.79230769 0.90457644
0.98430813 0.80769231 0.91236611
0.98145506 0.76153846 0.92502434
0.98002853 0.73846154 0.94060370
0.97860200 0.67692308 0.95520935
0.97574893 0.66923077 0.97273612
0.97574893 0.58461538 0.98442064
0.97860200 0.55384615 1.00000000
