0.98319328 1.00000000 0.19346049
0.98319328 0.99066148 0.22070845
1.00000000 0.98054475 0.25613079
0.98319328 0.97276265 0.28882834
0.96638655 0.96498054 0.32425068
0.93277311 0.96108949 0.34877384
0.89075630 0.95019455 0.37602180
0.88235294 0.94396887 0.39509537
0.89075630 0.93696498 0.41961853
0.86554622 0.93151751 0.43869210
0.84873950 0.92840467 0.46049046
0.78991597 0.92217899 0.48773842
0.76470588 0.91439689 0.52316076
0.74789916 0.90428016 0.54223433
0.78151261 0.89182879 0.56948229
0.73949580 0.88404669 0.59400545
0.74789916 0.87392996 0.61852861
0.71428571 0.86692607 0.64032698
0.68907563 0.85525292 0.66485014
0.63025210 0.84513619 0.67574932
0.60504202 0.83968872 0.69209809
0.60504202 0.82957198 0.70027248
0.57983193 0.82568093 0.71934605
0.52941176 0.81712062 0.73297003
0.47899160 0.80700389 0.75204360
0.43697479 0.79688716 0.76294278
0.45378151 0.78054475 0.77656676
0.43697479 0.77042802 0.79564033
0.42016807 0.75797665 0.82288828
0.36974790 0.74941634 0.83651226
0.32773109 0.73618677 0.85558583
0.27731092 0.72607004 0.86376022
0.27731092 0.71206226 0.88283379
0.24369748 0.70194553 0.89100817
0.21848739 0.69182879 0.91008174
0.16806723 0.68638132 0.91008174
0.15126050 0.67548638 0.92098093
0.15126050 0.65680934 0.93188011
0.14285714 0.63891051 0.96457766
0.14285714 0.62412451 0.97002725
0.10084034 0.61634241 0.98092643
0.08403361 0.60778210 0.97002725
0.05882353 0.59844358 0.98910082
0.08403361 0.58365759 0.97275204
0.02521008 0.56731518 0.98910082
0.00840336 0.55875486 0.98910082
0.00000000 0.55019455 0.98365123
0.00000000 0.54319066 0.97275204
0.04201681 0.52451362 0.97820163
0.03361345 0.50505837 0.99727520
0.05882353 0.49027237 1.00000000
0.04201681 0.47859922 0.99727520
0.02521008 0.47315175 0.97820163
0.01680672 0.46070039 0.96457766
0.04201681 0.44902724 0.96730245
0.05042017 0.43035019 0.96457766
0.05882353 0.42023346 0.95912807
0.03361345 0.41167315 0.93188011
0.04201681 0.40155642 0.92098093
0.08403361 0.38443580 0.91008174
0.09243697 0.36653696 0.92098093
0.10084034 0.34941634 0.90735695
0.08403361 0.34085603 0.89918256
0.07563025 0.33385214 0.86920981
0.08403361 0.32451362 0.85286104
0.10084034 0.30583658 0.84196185
0.07563025 0.29027237 0.83923706
0.06722689 0.28171206 0.80926431
0.07563025 0.27859922 0.78474114
0.07563025 0.26381323 0.76294278
0.10924370 0.24980545 0.75476839
0.11764706 0.22490272 0.75476839
0.09243697 0.22178988 0.72479564
0.07563025 0.21556420 0.69209809
0.09243697 0.20933852 0.67029973
0.10084034 0.19221790 0.64032698
0.10084034 0.18132296 0.62942779
0.06722689 0.17354086 0.59673025
0.08403361 0.16575875 0.56948229
0.10924370 0.15330739 0.53950954
0.10924370 0.14396887 0.52043597
0.08403361 0.13307393 0.49046322
0.10084034 0.12607004 0.46866485
0.08403361 0.12373541 0.42779292
0.07563025 0.11439689 0.40871935
0.08403361 0.10350195 0.38147139
0.07563025 0.09727626 0.35694823
0.10924370 0.08949416 0.32970027
0.12605042 0.07782101 0.31335150
0.13445378 0.07315175 0.27792916
0.14285714 0.06147860 0.25613079
0.13445378 0.05369650 0.23160763
0.18487395 0.04980545 0.20980926
0.21008403 0.04124514 0.16621253
0.16806723 0.03424125 0.13896458
0.16806723 0.02723735 0.11444142
0.19327731 0.02178988 0.08991826
0.22689076 0.01556420 0.04904632
0.26050420 0.00778210 0.02724796
0.28571429 0.00000000 0.00000000
