-5.4828 -26.8393 0.4172
-7.2644 -26.5357 0.3390
-8.9425 -25.8036 0.2612
-10.5057 -24.1429 0.1775
-11.8391 -21.3929 0.1121
-12.4023 -18.3036 0.0489
-12.7126 -13.8571 0.0192
-12.1724 -9.7857 0.0000
-11.3103 -4.9643 0.0197
-9.6437 -1.3393 0.0531
-8.0345 2.3750 0.1084
-6.1839 5.0357 0.1752
-4.3678 6.6429 0.2543
-2.6322 8.1964 0.3317
-1.2069 8.2679 0.4081
0.0000 8.8036 0.4794
1.0000 7.7143 0.5453
1.7356 7.7500 0.6029
2.2299 6.6964 0.6532
2.6552 6.2143 0.6976
2.8851 5.3750 0.7370
3.0690 4.3214 0.7690
3.1609 3.8929 0.7992
3.2529 2.5714 0.8202
3.2184 2.2679 0.8426
3.1724 1.0000 0.8577
3.1379 1.0536 0.8751
3.1034 0.0000 0.8870
3.0115 -0.2321 0.8998
2.9540 -1.1964 0.9062
2.9080 -1.3750 0.9145
2.8506 -1.9464 0.9213
2.7241 -2.4821 0.9245
2.6552 -3.0000 0.9305
2.6092 -2.8214 0.9364
2.5517 -3.2857 0.9396
2.4253 -3.5893 0.9424
2.4253 -3.6071 0.9469
2.2989 -3.8036 0.9488
2.2644 -3.9821 0.9497
2.2069 -4.3214 0.9515
2.2184 -3.9643 0.9547
2.2069 -4.2143 0.9543
2.2529 -4.2500 0.9547
2.2414 -4.5714 0.9533
2.2759 -4.3929 0.9524
2.3218 -4.7500 0.9501
2.2529 -4.7500 0.9478
2.2529 -4.7321 0.9478
2.2874 -4.6071 0.9474
2.2759 -4.7321 0.9460
2.3448 -5.0000 0.9428
2.2644 -4.7857 0.9437
2.3678 -5.1071 0.9401
2.2989 -4.6250 0.9437
2.3333 -4.6964 0.9424
2.3563 -4.3393 0.9456
2.4023 -4.5714 0.9460
2.3563 -4.2143 0.9460
2.3563 -4.1250 0.9488
2.3563 -4.3929 0.9478
2.3563 -3.7500 0.9533
2.2989 -4.1250 0.9561
2.4138 -3.4286 0.9593
2.3793 -4.1786 0.9593
2.4023 -3.4643 0.9620
2.2989 -3.8036 0.9643
2.3908 -3.5893 0.9648
2.3793 -3.4821 0.9707
2.4138 -3.7143 0.9698
2.4368 -3.1786 0.9762
2.5057 -3.8393 0.9735
2.4713 -3.1786 0.9785
2.4713 -3.8036 0.9776
2.4598 -3.1786 0.9826
2.4713 -3.8036 0.9822
2.4483 -3.6250 0.9867
2.4368 -3.5893 0.9899
2.4253 -3.6429 0.9918
2.4483 -3.4464 0.9941
2.3563 -4.1250 0.9931
2.3793 -3.7500 0.9977
2.3218 -4.3750 0.9968
2.3563 -3.9464 0.9995
2.2644 -4.6786 0.9986
2.3218 -4.4107 1.0000
2.2644 -4.8750 1.0000
2.2299 -4.9821 0.9973
2.1609 -5.5357 0.9959
2.2184 -5.2857 0.9968
2.1494 -5.5714 0.9977
2.1264 -5.6429 0.9945
2.0575 -5.9643 0.9936
2.0805 -6.0357 0.9904
2.0000 -5.9286 0.9895
1.9885 -6.3571 0.9844
1.9655 -6.1429 0.9835
2.0460 -6.5179 0.9762
2.0690 -6.1250 0.9744
2.0690 -6.3571 0.9661
