0.9943 0.2510 0.0400
1.0000 0.2427 0.0640
0.9714 0.2272 0.0940
0.9429 0.2334 0.1080
0.9029 0.2355 0.1040
0.8800 0.2344 0.1280
0.8571 0.2272 0.1400
0.8343 0.2158 0.1700
0.8057 0.2137 0.1860
0.7771 0.1961 0.2040
0.7486 0.2116 0.1980
0.7429 0.2023 0.2100
0.7086 0.1909 0.2420
0.6857 0.1878 0.2520
0.6629 0.1826 0.2600
0.6629 0.1784 0.2760
0.6686 0.1649 0.2720
0.6800 0.1712 0.2820
0.6400 0.1691 0.2760
0.6629 0.1587 0.2840
0.6629 0.1390 0.2920
0.6571 0.1400 0.2860
0.6286 0.1432 0.2860
0.6114 0.1276 0.3040
0.6057 0.1214 0.3020
0.6057 0.1027 0.3020
0.5829 0.1058 0.2960
0.5600 0.0892 0.2960
0.5429 0.0809 0.2900
0.5371 0.0695 0.2900
0.5314 0.0602 0.2820
0.5029 0.0633 0.2740
0.4571 0.0602 0.2780
0.4743 0.0508 0.2720
0.4571 0.0353 0.2640
0.4514 0.0425 0.2500
0.4171 0.0405 0.2280
0.3943 0.0384 0.2240
0.3771 0.0249 0.2240
0.3771 0.0259 0.2080
0.3543 0.0249 0.2000
0.3371 0.0239 0.1960
0.3029 0.0166 0.1880
0.3086 0.0104 0.1860
0.3200 0.0010 0.1760
0.3200 0.0000 0.1680
0.3086 0.0021 0.1560
0.2971 0.0041 0.1400
0.2914 0.0041 0.1240
0.3143 0.0000 0.1220
0.3200 0.0052 0.1140
0.3029 0.0135 0.1000
0.3257 0.0145 0.0800
0.3371 0.0176 0.0740
0.3771 0.0093 0.0580
0.3771 0.0249 0.0540
0.3657 0.0239 0.0500
0.3886 0.0342 0.0400
0.3829 0.0353 0.0300
0.4057 0.0353 0.0340
0.4000 0.0290 0.0380
0.4057 0.0311 0.0340
0.4286 0.0322 0.0320
0.4571 0.0415 0.0220
0.4400 0.0436 0.0120
0.4629 0.0373 0.0260
0.4686 0.0405 0.0140
0.4800 0.0425 0.0100
0.5029 0.0456 0.0140
0.5143 0.0415 0.0260
0.5200 0.0405 0.0220
0.5314 0.0529 0.0040
0.5371 0.0560 0.0000
0.5600 0.0550 0.0020
0.5257 0.0539 0.0160
0.5200 0.0591 0.0240
0.4971 0.0757 0.0240
0.4743 0.0809 0.0260
0.4514 0.0871 0.0360
0.4400 0.0985 0.0460
0.4000 0.1006 0.0640
0.3714 0.1203 0.0600
0.3314 0.1369 0.0700
0.3543 0.1566 0.0880
0.2743 0.1743 0.0940
0.2400 0.1971 0.1180
0.2343 0.2178 0.1320
0.2000 0.2448 0.1440
0.1771 0.2811 0.1520
0.1543 0.3216 0.1760
0.1257 0.3465 0.2180
0.0914 0.3973 0.2380
0.0457 0.4429 0.2860
0.0343 0.5041 0.3340
0.0000 0.5674 0.4000
0.0000 0.6359 0.4700
0.0286 0.7210 0.5680
0.0743 0.8060 0.6760
0.1200 0.9077 0.8140
0.2686 1.0000 1.0000
