0.0000 0.7912 0.9964
0.0131 0.8032 0.9673
0.0185 0.7660 0.9446
0.0401 0.7886 0.9220
0.0501 0.7859 0.8920
0.0663 0.7766 0.8784
0.0794 0.7713 0.8548
0.0979 0.8045 0.8348
0.1149 0.8205 0.8194
0.1303 0.8324 0.8149
0.1465 0.8311 0.8040
0.1619 0.8537 0.8076
0.1796 0.8843 0.7995
0.1943 0.8936 0.8094
0.2136 0.9309 0.8031
0.2305 0.9242 0.8167
0.2513 0.9415 0.8230
0.2699 0.9255 0.8430
0.2884 1.0000 0.8394
0.3123 0.9375 0.8630
0.3354 0.9614 0.8702
0.3577 0.9574 0.8784
0.3793 0.9707 0.8929
0.4002 0.9455 0.8993
0.4171 0.9694 0.9156
0.4402 0.9535 0.9211
0.4588 0.9282 0.9419
0.4819 0.9561 0.9365
0.4981 0.8870 0.9619
0.5197 0.9402 0.9546
0.5374 0.8551 0.9746
0.5582 0.9003 0.9728
0.5752 0.8644 0.9764
0.5991 0.8418 0.9909
0.6230 0.8191 0.9837
0.6345 0.7899 0.9991
0.6554 0.8191 0.9855
0.6708 0.7420 1.0000
0.6916 0.7912 0.9927
0.7039 0.7314 0.9936
0.7263 0.7620 0.9936
0.7487 0.6981 0.9846
0.7618 0.6955 0.9927
0.7779 0.7114 0.9710
0.7941 0.6569 0.9837
0.8173 0.7008 0.9610
0.8288 0.6489 0.9682
0.8520 0.6862 0.9510
0.8674 0.6303 0.9456
0.8859 0.6516 0.9401
0.8936 0.6210 0.9283
0.9113 0.6516 0.9247
0.9221 0.6436 0.9156
0.9329 0.6210 0.9165
0.9375 0.6383 0.9002
0.9499 0.5851 0.9056
0.9599 0.6197 0.8893
0.9622 0.5771 0.8938
0.9722 0.6223 0.8802
0.9769 0.5691 0.8829
0.9823 0.5612 0.8775
0.9854 0.5213 0.8766
0.9923 0.5439 0.8675
0.9977 0.5133 0.8603
0.9977 0.5013 0.8593
0.9977 0.4694 0.8557
1.0000 0.4415 0.8612
0.9985 0.4109 0.8457
0.9938 0.3896 0.8466
0.9938 0.3883 0.8276
0.9900 0.3205 0.8276
0.9892 0.2859 0.8076
0.9854 0.2354 0.7967
0.9830 0.2566 0.7677
0.9815 0.1902 0.7523
0.9807 0.1609 0.7223
0.9784 0.1210 0.6897
0.9746 0.1263 0.6561
0.9715 0.0691 0.6270
0.9622 0.0718 0.5917
0.9537 0.0612 0.5535
0.9476 0.0332 0.5254
0.9383 0.0598 0.4809
0.9260 0.0120 0.4519
0.9144 0.0532 0.4120
0.9044 0.0000 0.3820
0.8890 0.0665 0.3475
0.8774 0.0612 0.3113
0.8674 0.0519 0.2922
0.8604 0.0931 0.2441
0.8427 0.0918 0.2278
0.8296 0.1489 0.1887
0.8196 0.0758 0.1806
0.8103 0.1715 0.1434
0.7949 0.1476 0.1152
0.7880 0.1875 0.0962
0.7826 0.1383 0.0635
0.7726 0.1968 0.0472
0.7633 0.2367 0.0054
0.7571 0.2035 0.0000
