0.9726 0.0000 0.0000
0.9795 0.0036 0.0124
0.9692 0.0036 0.0217
0.9897 0.0107 0.0124
0.9726 0.0107 0.0062
0.9795 0.0143 0.0124
0.9760 0.0143 0.0062
0.9897 0.0107 0.0155
0.9829 0.0250 0.0062
0.9966 0.0214 0.0124
0.9932 0.0250 0.0062
0.9932 0.0179 0.0124
0.9932 0.0214 0.0062
1.0000 0.0286 0.0155
0.9897 0.0286 0.0093
0.9966 0.0214 0.0155
0.9897 0.0357 0.0062
0.9932 0.0250 0.0124
0.9863 0.0321 0.0031
0.9863 0.0357 0.0124
0.9829 0.0429 0.0093
0.9897 0.0393 0.0186
0.9692 0.0464 0.0124
0.9760 0.0429 0.0248
0.9760 0.0500 0.0248
0.9760 0.0464 0.0373
0.9658 0.0536 0.0342
0.9623 0.0464 0.0497
0.9555 0.0536 0.0528
0.9452 0.0500 0.0714
0.9349 0.0607 0.0745
0.9281 0.0571 0.0994
0.9178 0.0643 0.1056
0.9075 0.0607 0.1211
0.8938 0.0714 0.1304
0.8801 0.0679 0.1491
0.8664 0.0714 0.1522
0.8493 0.0857 0.1739
0.8390 0.0857 0.1770
0.8253 0.0821 0.2050
0.8048 0.0857 0.2019
0.7945 0.0893 0.2298
0.7842 0.0964 0.2298
0.7705 0.1071 0.2547
0.7568 0.1143 0.2640
0.7432 0.1107 0.2857
0.7260 0.1250 0.2981
0.7226 0.1214 0.3106
0.6952 0.1429 0.3168
0.6918 0.1429 0.3416
0.6747 0.1536 0.3540
0.6610 0.1500 0.3727
0.6438 0.1607 0.3851
0.6473 0.1607 0.3913
0.6199 0.1750 0.4006
0.6027 0.1750 0.4224
0.5856 0.1893 0.4317
0.5753 0.1964 0.4534
0.5548 0.2179 0.4596
0.5445 0.2179 0.4783
0.5274 0.2357 0.4845
0.5137 0.2429 0.5186
0.4966 0.2536 0.5248
0.4863 0.2571 0.5528
0.4726 0.2750 0.5652
0.4658 0.2964 0.5932
0.4452 0.3107 0.6025
0.4315 0.3179 0.6273
0.4144 0.3500 0.6366
0.3973 0.3643 0.6584
0.3836 0.3821 0.6708
0.3630 0.3893 0.6988
0.3493 0.4286 0.7081
0.3356 0.4429 0.7329
0.3219 0.4536 0.7422
0.3014 0.4679 0.7609
0.2877 0.5000 0.7640
0.2705 0.5000 0.7857
0.2637 0.5214 0.7888
0.2432 0.5393 0.8012
0.2329 0.5821 0.8075
0.2158 0.5857 0.8230
0.2123 0.6071 0.8230
0.1884 0.6214 0.8447
0.1884 0.6500 0.8509
0.1678 0.6643 0.8696
0.1575 0.6929 0.8758
0.1404 0.7107 0.9006
0.1370 0.7357 0.9037
0.1267 0.7393 0.9130
0.1130 0.7679 0.9224
0.0993 0.7893 0.9348
0.0890 0.8179 0.9348
0.0685 0.8429 0.9472
0.0616 0.8679 0.9472
0.0411 0.8857 0.9689
0.0445 0.9286 0.9783
0.0171 0.9607 0.9938
0.0171 0.9786 0.9907
0.0000 1.0000 1.0000
