0.15909091 0.04545455 0.96875000
0.06818182 0.04545455 0.90625000
0.09090909 0.01515152 1.00000000
0.00000000 0.06060606 0.90625000
0.06818182 0.00000000 0.93750000
0.04545455 0.00000000 0.90625000
0.11363636 0.01515152 0.90625000
0.09090909 0.03030303 0.84375000
0.13636364 0.00000000 0.93750000
0.11363636 0.03030303 0.84375000
0.18181818 0.04545455 0.90625000
0.13636364 0.06060606 0.87500000
0.18181818 0.07575758 0.90625000
0.09090909 0.12121212 0.84375000
0.18181818 0.07575758 0.93750000
0.09090909 0.13636364 0.84375000
0.18181818 0.06060606 0.90625000
0.13636364 0.09090909 0.84375000
0.20454545 0.09090909 0.90625000
0.20454545 0.10606061 0.81250000
0.22727273 0.09090909 0.93750000
0.15909091 0.15151515 0.81250000
0.22727273 0.16666667 0.87500000
0.20454545 0.18181818 0.81250000
0.27272727 0.16666667 0.93750000
0.15909091 0.18181818 0.81250000
0.22727273 0.16666667 0.90625000
0.15909091 0.19696970 0.84375000
0.25000000 0.18181818 0.87500000
0.20454545 0.19696970 0.78125000
0.27272727 0.13636364 0.90625000
0.22727273 0.22727273 0.78125000
0.22727273 0.21212121 0.81250000
0.20454545 0.27272727 0.81250000
0.25000000 0.24242424 0.81250000
0.20454545 0.22727273 0.78125000
0.25000000 0.24242424 0.81250000
0.22727273 0.22727273 0.71875000
0.29545455 0.22727273 0.78125000
0.25000000 0.28787879 0.71875000
0.31818182 0.30303030 0.71875000
0.25000000 0.33333333 0.65625000
0.31818182 0.33333333 0.84375000
0.29545455 0.34848485 0.62500000
0.29545455 0.31818182 0.75000000
0.29545455 0.30303030 0.59375000
0.34090909 0.31818182 0.71875000
0.31818182 0.34848485 0.62500000
0.38636364 0.34848485 0.68750000
0.31818182 0.31818182 0.62500000
0.40909091 0.33333333 0.65625000
0.36363636 0.31818182 0.56250000
0.45454545 0.33333333 0.65625000
0.40909091 0.34848485 0.59375000
0.50000000 0.39393939 0.59375000
0.45454545 0.39393939 0.53125000
0.52272727 0.43939394 0.59375000
0.45454545 0.42424242 0.40625000
0.52272727 0.42424242 0.53125000
0.52272727 0.42424242 0.46875000
0.56818182 0.42424242 0.53125000
0.50000000 0.42424242 0.46875000
0.54545455 0.45454545 0.50000000
0.50000000 0.45454545 0.37500000
0.54545455 0.46969697 0.43750000
0.52272727 0.45454545 0.34375000
0.56818182 0.43939394 0.43750000
0.54545455 0.43939394 0.34375000
0.59090909 0.48484848 0.37500000
0.56818182 0.48484848 0.34375000
0.61363636 0.50000000 0.37500000
0.54545455 0.48484848 0.31250000
0.61363636 0.50000000 0.40625000
0.61363636 0.50000000 0.40625000
0.63636364 0.57575758 0.40625000
0.59090909 0.60606061 0.31250000
0.65909091 0.60606061 0.34375000
0.63636364 0.57575758 0.21875000
0.68181818 0.60606061 0.28125000
0.65909091 0.60606061 0.21875000
0.70454545 0.69696970 0.28125000
0.70454545 0.69696970 0.21875000
0.72727273 0.75757576 0.28125000
0.75000000 0.71212121 0.18750000
0.75000000 0.72727273 0.21875000
0.75000000 0.77272727 0.21875000
0.79545455 0.83333333 0.21875000
0.72727273 0.84848485 0.15625000
0.77272727 0.87878788 0.18750000
0.77272727 0.80303030 0.21875000
0.79545455 0.86363636 0.21875000
0.77272727 0.86363636 0.15625000
0.81818182 0.90909091 0.28125000
0.93181818 0.87878788 0.06250000
0.88636364 0.92424242 0.12500000
0.88636364 0.86363636 0.09375000
0.93181818 0.89393939 0.09375000
0.93181818 0.86363636 0.03125000
0.93181818 1.00000000 0.03125000
1.00000000 0.95454545 0.00000000
