0.99772727 0.79191176 0.59498480
1.00000000 0.79191176 0.59574468
0.99545455 0.79852941 0.59726444
0.99696970 0.79558824 0.59954407
0.99621212 0.79191176 0.60030395
0.99772727 0.79632353 0.60030395
0.99393939 0.80147059 0.60106383
0.99621212 0.80294118 0.60106383
0.99242424 0.80588235 0.60258359
0.99242424 0.81323529 0.60334347
0.99015152 0.81250000 0.60410334
0.99090909 0.80882353 0.60562310
0.98636364 0.80955882 0.61094225
0.99015152 0.81617647 0.60942249
0.98484848 0.81838235 0.61170213
0.98409091 0.82205882 0.61322188
0.98181818 0.82794118 0.61474164
0.98030303 0.82794118 0.61626140
0.97651515 0.82867647 0.61778116
0.97651515 0.83823529 0.62006079
0.97348485 0.84338235 0.62082067
0.97348485 0.85000000 0.62462006
0.96818182 0.85367647 0.62689970
0.96439394 0.85882353 0.62993921
0.96363636 0.86176471 0.63145897
0.96060606 0.86764706 0.63829787
0.96136364 0.87352941 0.64133739
0.96060606 0.88014706 0.64513678
0.95909091 0.88382353 0.64817629
0.95757576 0.88529412 0.65273556
0.95606061 0.89117647 0.65653495
0.95454545 0.89632353 0.65957447
0.94848485 0.90514706 0.66337386
0.95075758 0.91176471 0.66793313
0.94696970 0.91544118 0.67401216
0.94772727 0.92279412 0.67857143
0.94393939 0.91911765 0.68617021
0.94318182 0.92867647 0.68996960
0.94015152 0.93676471 0.69680851
0.93863636 0.94485294 0.70440729
0.93560606 0.94338235 0.70896657
0.93560606 0.94705882 0.71808511
0.93409091 0.95220588 0.72416413
0.93333333 0.95073529 0.73176292
0.93257576 0.95735294 0.73632219
0.93181818 0.96544118 0.74392097
0.92651515 0.96985294 0.75151976
0.92954545 0.96838235 0.75835866
0.92651515 0.97720588 0.76671733
0.93030303 0.97500000 0.77735562
0.92651515 0.97426471 0.78495441
0.93106061 0.98529412 0.79179331
0.92727273 0.99411765 0.80015198
0.93030303 0.99485294 0.80927052
0.92878788 0.98529412 0.81838906
0.93106061 0.99632353 0.82902736
0.93333333 0.99411765 0.83738602
0.93409091 0.99044118 0.84650456
0.93409091 1.00000000 0.85410334
0.93560606 0.99705882 0.86398176
0.93333333 0.98529412 0.87234043
0.93636364 0.98014706 0.88601824
0.93484848 0.98823529 0.89741641
0.94090909 0.98308824 0.90729483
0.93484848 0.96985294 0.91717325
0.93409091 0.96764706 0.92629179
0.93257576 0.96029412 0.93465046
0.93257576 0.94558824 0.94604863
0.93181818 0.93676471 0.95440729
0.93333333 0.92647059 0.96428571
0.93333333 0.91029412 0.97112462
0.93181818 0.89632353 0.97796353
0.92803030 0.87794118 0.98328267
0.92803030 0.85588235 0.98860182
0.92121212 0.82794118 0.99240122
0.91969697 0.81176471 0.99468085
0.91515152 0.78602941 0.99848024
0.91212121 0.75808824 1.00000000
0.90227273 0.72205882 0.99544073
0.89545455 0.68602941 0.99240122
0.88484848 0.64705882 0.98328267
0.87121212 0.61250000 0.97492401
0.85606061 0.57941176 0.96276596
0.83939394 0.53602941 0.94908815
0.81969697 0.49044118 0.92629179
0.79545455 0.43823529 0.90197568
0.76515152 0.39411765 0.87310030
0.73409091 0.34338235 0.83966565
0.69318182 0.29779412 0.80167173
0.65454545 0.25000000 0.76139818
0.60833333 0.20147059 0.70896657
0.55909091 0.15073529 0.65425532
0.49696970 0.11250000 0.58814590
0.44015152 0.07205882 0.52051672
0.37272727 0.03970588 0.44300912
0.29848485 0.01691176 0.36626140
0.22045455 0.00514706 0.27887538
0.14166667 0.00000000 0.18768997
0.06515152 0.00735294 0.09194529
0.00000000 0.03088235 0.00000000
