0.00429185 0.75401070 0.00000000
0.00000000 0.78288770 0.02076125
0.01931330 0.82459893 0.04613610
0.02145923 0.84385027 0.07612457
0.02360515 0.84705882 0.10034602
0.01716738 0.85989305 0.12918108
0.03004292 0.87700535 0.15686275
0.02145923 0.92727273 0.18800461
0.03648069 0.93582888 0.21914648
0.04506438 0.94866310 0.25259516
0.04291845 0.93903743 0.28604383
0.04291845 0.95187166 0.32064591
0.03433476 0.96577540 0.36332180
0.05150215 0.98395722 0.39907728
0.05364807 0.99251337 0.43829296
0.03862661 0.98609626 0.47404844
0.04291845 0.98823529 0.51095732
0.03862661 0.96470588 0.54901961
0.04721030 0.97967914 0.58708189
0.04291845 1.00000000 0.62514418
0.04291845 0.99251337 0.66089965
0.03862661 0.97647059 0.69780854
0.04721030 0.96363636 0.73471742
0.05579399 0.95614973 0.76931949
0.07296137 0.94224599 0.80276817
0.07939914 0.93582888 0.82814302
0.08798283 0.92299465 0.85351788
0.10085837 0.88449198 0.87773933
0.11587983 0.85989305 0.89965398
0.12875536 0.84064171 0.91810842
0.13304721 0.83101604 0.93540946
0.13519313 0.80748663 0.94925029
0.15236052 0.77219251 0.96193772
0.16309013 0.74652406 0.97231834
0.17381974 0.72620321 0.98269896
0.17811159 0.70588235 0.98500577
0.18454936 0.69197861 0.98961938
0.19957082 0.66737968 0.99077278
0.22103004 0.65454545 0.99538639
0.22317597 0.63636364 0.99192618
0.22532189 0.62032086 0.99192618
0.23390558 0.61497326 0.99423299
0.25321888 0.59465241 0.99307958
0.27467811 0.58930481 0.99884660
0.29613734 0.58074866 0.99423299
0.29613734 0.56470588 0.99538639
0.31759657 0.56149733 0.99077278
0.32618026 0.54224599 0.98846597
0.34978541 0.54331551 0.99077278
0.36051502 0.54117647 0.99192618
0.37124464 0.53155080 0.99192618
0.37982833 0.52727273 0.99307958
0.38626609 0.50802139 0.99538639
0.40987124 0.50909091 1.00000000
0.42703863 0.50909091 0.99769319
0.44206009 0.49732620 0.99538639
0.44849785 0.49090909 0.99423299
0.46351931 0.47486631 0.99538639
0.48497854 0.47058824 0.99769319
0.50214592 0.47058824 0.99653979
0.51072961 0.45454545 0.99538639
0.53004292 0.44491979 0.99423299
0.54935622 0.41390374 0.99653979
0.57939914 0.41497326 0.99077278
0.59227468 0.41497326 0.98961938
0.60729614 0.39572193 0.97808535
0.61802575 0.38288770 0.97462514
0.62660944 0.34759358 0.96885813
0.65450644 0.35508021 0.96655133
0.67167382 0.34652406 0.96193772
0.67811159 0.32299465 0.95271050
0.68669528 0.30909091 0.94809689
0.69527897 0.28770053 0.94002307
0.72317597 0.27272727 0.93425606
0.74678112 0.28449198 0.92387543
0.74892704 0.25668449 0.91003460
0.75751073 0.22780749 0.90080738
0.75965665 0.20106952 0.88927336
0.79399142 0.20855615 0.88581315
0.81330472 0.20320856 0.87658593
0.82188841 0.17647059 0.86159170
0.82832618 0.15401070 0.84659746
0.83476395 0.12941176 0.83852364
0.86266094 0.13262032 0.82583622
0.87982833 0.13262032 0.81430219
0.88197425 0.11122995 0.79930796
0.88626609 0.09625668 0.78892734
0.88626609 0.06203209 0.77393310
0.90987124 0.06524064 0.76355248
0.91845494 0.06096257 0.75547866
0.91630901 0.05561497 0.73933103
0.92060086 0.04064171 0.72549020
0.92274678 0.00534759 0.71049596
0.93991416 0.02352941 0.69550173
0.93991416 0.01818182 0.68742791
0.94206009 0.01390374 0.66782007
0.94635193 0.02245989 0.65974625
0.96137339 0.01390374 0.64475202
0.99141631 0.00000000 0.63321799
1.00000000 0.00106952 0.61014994
