1.00000000 0.00000000 0.00000000
0.98136646 0.03405018 0.05882353
0.96273292 0.06451613 0.07352941
0.94340925 0.10035842 0.13235294
0.92339545 0.12813620 0.19117647
0.90131125 0.16308244 0.20588235
0.88336784 0.19086022 0.22058824
0.86404417 0.22043011 0.26470588
0.84403037 0.24551971 0.30882353
0.82401656 0.27688172 0.33823529
0.80331263 0.30465950 0.39705882
0.78398896 0.33064516 0.39705882
0.76328502 0.35573477 0.52941176
0.74741201 0.38620072 0.48529412
0.72394755 0.40860215 0.52941176
0.70324362 0.43548387 0.52941176
0.68391994 0.45878136 0.54411765
0.66252588 0.48387097 0.54411765
0.64182195 0.50806452 0.58823529
0.61904762 0.53853047 0.57352941
0.59627329 0.55913978 0.64705882
0.57142857 0.58602151 0.67647059
0.54865424 0.60483871 0.69117647
0.52657005 0.62634409 0.70588235
0.50379572 0.64784946 0.75000000
0.48171153 0.66845878 0.75000000
0.45824707 0.68548387 0.79411765
0.43409248 0.70788530 0.82352941
0.41200828 0.72491039 0.86764706
0.38854382 0.74551971 0.86764706
0.36576950 0.76254480 0.91176471
0.34368530 0.78046595 0.91176471
0.32160110 0.79480287 0.92647059
0.30020704 0.81003584 0.97058824
0.27881297 0.82347670 0.97058824
0.25603865 0.84408602 0.97058824
0.23395445 0.85752688 0.97058824
0.21048999 0.87544803 0.97058824
0.18633540 0.89068100 1.00000000
0.16356108 0.90501792 1.00000000
0.14216701 0.91845878 0.97058824
0.12215321 0.92741935 0.95588235
0.10144928 0.93637993 1.00000000
0.08557626 0.94982079 0.92647059
0.06763285 0.95878136 0.94117647
0.05521049 0.96953405 0.89705882
0.04209800 0.97491039 0.89705882
0.03105590 0.98118280 0.89705882
0.02208420 0.98387097 0.91176471
0.01449275 0.99103943 0.86764706
0.00966184 0.99014337 0.86764706
0.00483092 0.99820789 0.80882353
0.00207039 0.99551971 0.80882353
0.00000000 0.99820789 0.82352941
0.00138026 0.99641577 0.79411765
0.00138026 1.00000000 0.82352941
0.00276052 0.99462366 0.85294118
0.00345066 0.99551971 0.85294118
0.00690131 0.99103943 0.86764706
0.00690131 0.99551971 0.83823529
0.00897170 0.99014337 0.85294118
0.00897170 0.99283154 0.85294118
0.00966184 0.99014337 0.91176471
0.01104210 0.99462366 0.79411765
0.00897170 0.99193548 0.83823529
0.00759144 0.99641577 0.79411765
0.00621118 0.99551971 0.79411765
0.00690131 0.99910394 0.75000000
0.00759144 0.99820789 0.77941176
0.00759144 0.99731183 0.77941176
0.00828157 0.99641577 0.79411765
0.00828157 0.99820789 0.79411765
0.00897170 0.99551971 0.83823529
0.00828157 0.99731183 0.83823529
0.00828157 0.99551971 0.85294118
0.00690131 0.99731183 0.85294118
0.00828157 0.99462366 0.91176471
0.00690131 0.99551971 0.86764706
0.00759144 0.99283154 0.86764706
0.00552105 0.99641577 0.89705882
0.00828157 0.99462366 0.91176471
0.00552105 0.99641577 0.88235294
0.00690131 0.99731183 0.91176471
0.00759144 0.99641577 0.86764706
0.00828157 0.99731183 0.91176471
0.00828157 0.99641577 0.85294118
0.00897170 0.99820789 0.86764706
0.00759144 0.99820789 0.83823529
0.00759144 0.99731183 0.88235294
0.00621118 0.99820789 0.85294118
0.00897170 0.99551971 0.86764706
0.00759144 0.99910394 0.85294118
0.00828157 0.99641577 0.86764706
0.00690131 0.99910394 0.89705882
0.00828157 0.99641577 0.89705882
0.00621118 0.99731183 0.92647059
0.00690131 0.99462366 0.94117647
0.00552105 0.99820789 0.95588235
0.00690131 0.99551971 0.98529412
0.00552105 0.99462366 0.95588235
