1.0000 0.9235 0.0000
0.9974 0.9289 0.0191
0.9791 0.9386 0.0521
0.9686 0.9483 0.0553
0.9607 0.9526 0.0798
0.9503 0.9709 0.0830
0.9529 0.9763 0.0979
0.9372 0.9849 0.1170
0.9215 0.9795 0.1426
0.8979 0.9784 0.1628
0.8901 0.9892 0.1755
0.8796 0.9946 0.1798
0.8743 1.0000 0.2000
0.8508 0.9914 0.2298
0.8377 0.9838 0.2543
0.8194 0.9828 0.2691
0.8168 1.0000 0.2660
0.8010 0.9925 0.2798
0.7906 0.9871 0.3032
0.7618 0.9580 0.3383
0.7435 0.9558 0.3574
0.7251 0.9569 0.3628
0.7120 0.9666 0.3670
0.6963 0.9591 0.3862
0.6859 0.9494 0.4128
0.6623 0.9224 0.4447
0.6466 0.9256 0.4553
0.6309 0.9235 0.4628
0.6099 0.9310 0.4713
0.5942 0.9127 0.4904
0.5759 0.8944 0.5213
0.5550 0.8772 0.5383
0.5497 0.8685 0.5500
0.5314 0.8750 0.5596
0.5314 0.8621 0.5723
0.5209 0.8502 0.5862
0.5183 0.8308 0.6053
0.5000 0.8125 0.6202
0.4948 0.8060 0.6298
0.4843 0.7963 0.6309
0.4895 0.7866 0.6394
0.4607 0.7716 0.6543
0.4503 0.7597 0.6670
0.4398 0.7403 0.6830
0.4319 0.7317 0.6894
0.4215 0.7177 0.6947
0.4084 0.7144 0.7053
0.3927 0.6972 0.7074
0.3770 0.6800 0.7298
0.3613 0.6649 0.7309
0.3586 0.6541 0.7319
0.3377 0.6487 0.7362
0.3272 0.6379 0.7436
0.3141 0.6228 0.7606
0.3089 0.6121 0.7617
0.3010 0.6024 0.7617
0.3010 0.5970 0.7649
0.2827 0.5808 0.7713
0.2696 0.5679 0.7872
0.2539 0.5571 0.7787
0.2539 0.5453 0.7872
0.2435 0.5409 0.7883
0.2330 0.5237 0.8000
0.2016 0.5302 0.8053
0.2016 0.5086 0.8117
0.1911 0.5054 0.8170
0.1937 0.4989 0.8191
0.1780 0.4860 0.8277
0.1728 0.4871 0.8287
0.1518 0.4569 0.8447
0.1545 0.4580 0.8479
0.1414 0.4440 0.8479
0.1414 0.4440 0.8543
0.1309 0.4310 0.8606
0.1335 0.4159 0.8787
0.1361 0.4084 0.8755
0.1309 0.4019 0.8809
0.1414 0.3836 0.8862
0.1283 0.3664 0.9011
0.1257 0.3567 0.9043
0.1204 0.3470 0.9085
0.1099 0.3308 0.9160
0.1204 0.3157 0.9255
0.1126 0.2974 0.9372
0.1047 0.2866 0.9447
0.0995 0.2726 0.9479
0.1021 0.2543 0.9500
0.1021 0.2414 0.9553
0.0942 0.2123 0.9713
0.0733 0.1950 0.9787
0.0707 0.1800 0.9787
0.0628 0.1703 0.9766
0.0733 0.1552 0.9798
0.0576 0.1218 0.9947
0.0576 0.1002 1.0000
0.0366 0.0797 0.9957
0.0471 0.0722 0.9894
0.0340 0.0496 0.9851
0.0209 0.0248 0.9936
0.0000 0.0000 0.9947
