0.09803922 1.00000000 1.00000000
0.00000000 0.93577982 0.99086758
0.09803922 0.94495413 0.97716895
0.00000000 0.90825688 0.97260274
0.07843137 0.90825688 0.94977169
0.00000000 0.88990826 0.94977169
0.07843137 0.90825688 0.93150685
0.01960784 0.86238532 0.93607306
0.09803922 0.93577982 0.91324201
0.05882353 0.87155963 0.91780822
0.11764706 0.95412844 0.90410959
0.13725490 0.89908257 0.90410959
0.19607843 0.91743119 0.89497717
0.15686275 0.87155963 0.90410959
0.23529412 0.87155963 0.87671233
0.15686275 0.88073394 0.88127854
0.21568627 0.88073394 0.86301370
0.19607843 0.89908257 0.86301370
0.25490196 0.88990826 0.83561644
0.19607843 0.79816514 0.84931507
0.21568627 0.87155963 0.81278539
0.15686275 0.77064220 0.82191781
0.19607843 0.83486239 0.80365297
0.19607843 0.76146789 0.80365297
0.19607843 0.87155963 0.76712329
0.11764706 0.78899083 0.78082192
0.21568627 0.87155963 0.73972603
0.17647059 0.75229358 0.75799087
0.25490196 0.77981651 0.72602740
0.19607843 0.68807339 0.73972603
0.33333333 0.77064220 0.69863014
0.21568627 0.71559633 0.72602740
0.29411765 0.77064220 0.68493151
0.23529412 0.70642202 0.72146119
0.33333333 0.73394495 0.66210046
0.21568627 0.68807339 0.70319635
0.29411765 0.75229358 0.64840183
0.23529412 0.70642202 0.69406393
0.29411765 0.79816514 0.63470320
0.17647059 0.73394495 0.67579909
0.31372549 0.80733945 0.62100457
0.27450980 0.67889908 0.67579909
0.35294118 0.76146789 0.61187215
0.33333333 0.66055046 0.65753425
0.45098039 0.78899083 0.58447489
0.39215686 0.66055046 0.64840183
0.43137255 0.78899083 0.56164384
0.43137255 0.64220183 0.63470320
0.45098039 0.76146789 0.54337900
0.47058824 0.61467890 0.60730594
0.49019608 0.74311927 0.52511416
0.49019608 0.64220183 0.58904110
0.49019608 0.76146789 0.50228311
0.50980392 0.66972477 0.57077626
0.52941176 0.77981651 0.47488584
0.52941176 0.64220183 0.55707763
0.54901961 0.70642202 0.45662100
0.58823529 0.60550459 0.54337900
0.56862745 0.72477064 0.43835616
0.60784314 0.66055046 0.51141553
0.62745098 0.74311927 0.41552511
0.66666667 0.63302752 0.51141553
0.68627451 0.68807339 0.40639269
0.70588235 0.61467890 0.49315068
0.72549020 0.68807339 0.38812785
0.68627451 0.66055046 0.49315068
0.68627451 0.70642202 0.36073059
0.68627451 0.67889908 0.47488584
0.76470588 0.66972477 0.35159817
0.80392157 0.62385321 0.45662100
0.78431373 0.60550459 0.33333333
0.86274510 0.64220183 0.44292237
0.78431373 0.64220183 0.31963470
0.94117647 0.68807339 0.41095890
0.80392157 0.55045872 0.28767123
0.88235294 0.59633028 0.39726027
0.78431373 0.51376147 0.26940639
0.80392157 0.63302752 0.36529680
0.72549020 0.57798165 0.23744292
0.80392157 0.68807339 0.32876712
0.80392157 0.50458716 0.22374429
0.92156863 0.55963303 0.31963470
0.82352941 0.39449541 0.21004566
0.94117647 0.57798165 0.29680365
0.80392157 0.46788991 0.18264840
0.94117647 0.63302752 0.26940639
0.78431373 0.27522936 0.17351598
0.96078431 0.54128440 0.24200913
0.84313725 0.23853211 0.15068493
0.90196078 0.61467890 0.19634703
0.76470588 0.32110092 0.11872146
0.86274510 0.59633028 0.16438356
0.86274510 0.25688073 0.11415525
1.00000000 0.49541284 0.12785388
0.88235294 0.15596330 0.09589041
0.88235294 0.54128440 0.08675799
0.80392157 0.16513761 0.07305936
0.94117647 0.42201835 0.05479452
0.84313725 0.00000000 0.04566210
0.84313725 0.33944954 0.00000000
