0.00000000 1.00000000 0.01104972
0.00856898 0.97696737 0.00000000
0.00685518 0.95585413 0.00920810
0.02056555 0.93474088 0.00000000
0.01371037 0.92322457 0.00552486
0.02656384 0.88675624 0.00000000
0.02399314 0.86756238 0.00552486
0.03427592 0.84452975 0.00552486
0.03170523 0.83301344 0.01104972
0.04541560 0.80230326 0.00920810
0.04198800 0.79078695 0.01841621
0.05484147 0.76967370 0.01841621
0.05569837 0.76775432 0.02578269
0.06683805 0.74280230 0.03130755
0.06940874 0.72936660 0.04604052
0.08740360 0.69481766 0.04604052
0.08740360 0.66602687 0.05709024
0.10197087 0.64107486 0.05709024
0.10368466 0.64491363 0.06998158
0.11910883 0.61612284 0.07550645
0.12339332 0.59309021 0.08471455
0.13624679 0.56621881 0.08655617
0.14053128 0.54894434 0.09576427
0.16195373 0.51439539 0.10681400
0.16966581 0.50095969 0.12154696
0.18766067 0.47024952 0.13075506
0.19108826 0.46065259 0.14180479
0.20822622 0.44337812 0.15653775
0.22107969 0.42226488 0.17127072
0.23821765 0.39923225 0.17679558
0.24335904 0.37044146 0.18600368
0.26049700 0.36852207 0.19521179
0.26992288 0.34740883 0.21178637
0.28791774 0.32437620 0.22099448
0.29648672 0.30326296 0.23388582
0.31533847 0.27639155 0.24309392
0.32390746 0.25911708 0.25782689
0.34447301 0.24376200 0.26887661
0.35389889 0.22840691 0.27808471
0.36846615 0.20153551 0.29281768
0.37960583 0.17850288 0.30202578
0.40017138 0.14779271 0.31491713
0.41045416 0.13819578 0.32965009
0.43273350 0.12476008 0.34622468
0.44644387 0.10556622 0.35911602
0.46700943 0.08445298 0.37569061
0.47643530 0.06909789 0.38305709
0.49700086 0.05566219 0.39594843
0.50985433 0.04030710 0.41620626
0.52956298 0.03262956 0.43278085
0.53898886 0.02303263 0.44383057
0.55869751 0.00767754 0.45856354
0.56726650 0.00767754 0.48618785
0.58783205 0.01151631 0.49355433
0.59468723 0.00767754 0.51197053
0.61182519 0.00000000 0.52486188
0.61868038 0.00191939 0.54327808
0.63667524 0.00575816 0.55801105
0.64438732 0.01919386 0.57642726
0.65981148 0.02687140 0.59484346
0.66752356 0.02303263 0.60589319
0.68294773 0.03071017 0.62062615
0.69065981 0.02879079 0.63535912
0.70437018 0.05182342 0.65009208
0.71208226 0.05950096 0.66666667
0.72836332 0.06333973 0.68139963
0.73693231 0.06717850 0.69797422
0.74892888 0.08061420 0.70718232
0.75407027 0.09596929 0.72928177
0.76692374 0.10748560 0.74217311
0.77206512 0.11900192 0.75874770
0.78406170 0.13051823 0.77348066
0.78834619 0.14587332 0.78821363
0.80205656 0.16890595 0.80294659
0.80719794 0.18042226 0.81767956
0.82090831 0.18809981 0.82136280
0.82347901 0.20345489 0.83793738
0.83718937 0.22072937 0.84714549
0.84061697 0.23224568 0.86003683
0.85347044 0.24760077 0.86924494
0.85775493 0.25527831 0.88581952
0.87060840 0.25719770 0.88581952
0.87403599 0.28214971 0.90055249
0.88774636 0.30326296 0.90976059
0.89545844 0.31285988 0.92081031
0.90659811 0.31861804 0.93186004
0.90916881 0.33397313 0.93922652
0.92030848 0.35316699 0.94290976
0.92459297 0.36660269 0.95395948
0.93487575 0.38387716 0.95948435
0.93573265 0.39923225 0.96685083
0.94601542 0.41458733 0.96869245
0.95029991 0.42226488 0.97790055
0.96229649 0.43953935 0.97605893
0.96658098 0.45489443 0.98342541
0.97429306 0.47216891 0.98342541
0.97686375 0.49328215 0.99263352
0.98886033 0.51247601 0.99631676
0.99228792 0.52591171 1.00000000
1.00000000 0.53934741 0.99815838
