0.9615 0.0000 1.0000
0.9615 0.0026 0.9576
0.9519 0.0132 0.9636
0.9663 0.0237 0.9394
0.9519 0.0158 0.9152
0.9567 0.0264 0.8848
0.9567 0.0237 0.8727
0.9567 0.0264 0.8606
0.9423 0.0317 0.8424
0.9279 0.0554 0.8242
0.9327 0.0660 0.8061
0.9423 0.0633 0.8000
0.9423 0.0686 0.7697
0.9567 0.0818 0.7758
0.9615 0.0897 0.7636
0.9760 0.0686 0.7758
0.9760 0.0976 0.7091
0.9856 0.1187 0.6788
0.9808 0.1135 0.6606
1.0000 0.0871 0.6606
1.0000 0.1108 0.6303
1.0000 0.1266 0.5939
0.9952 0.1187 0.6000
1.0000 0.1187 0.5939
0.9856 0.1346 0.5697
0.9904 0.1478 0.5394
0.9808 0.1530 0.5333
0.9712 0.1530 0.5091
0.9615 0.1821 0.4909
0.9712 0.1873 0.4909
0.9567 0.1741 0.5091
0.9423 0.1741 0.5152
0.9279 0.2005 0.4667
0.9279 0.2190 0.4364
0.9135 0.2243 0.4242
0.9135 0.2427 0.3939
0.9038 0.2480 0.3636
0.8990 0.2454 0.3879
0.8750 0.2401 0.4121
0.8606 0.2586 0.3758
0.8413 0.2955 0.3333
0.8365 0.2982 0.3212
0.8173 0.2982 0.3394
0.8365 0.3087 0.3273
0.8221 0.3166 0.2970
0.8173 0.3219 0.3152
0.7933 0.3219 0.3091
0.7981 0.3325 0.2909
0.7885 0.3430 0.2545
0.7837 0.3562 0.2667
0.7885 0.3588 0.2364
0.7692 0.3641 0.2242
0.7692 0.3826 0.2303
0.7644 0.3879 0.2303
0.7260 0.3799 0.2667
0.7163 0.3799 0.2485
0.7019 0.4142 0.2303
0.6779 0.4248 0.2242
0.6731 0.4301 0.2121
0.6635 0.4380 0.2000
0.6394 0.4433 0.1939
0.6298 0.4406 0.2061
0.6010 0.4380 0.1939
0.5817 0.4591 0.1758
0.5721 0.4802 0.1333
0.5673 0.4934 0.1333
0.5385 0.5066 0.1212
0.5337 0.5172 0.1152
0.5096 0.5224 0.1212
0.4952 0.5224 0.1394
0.4567 0.5409 0.1030
0.4471 0.5462 0.0848
0.4279 0.5726 0.0667
0.4135 0.5805 0.0727
0.4038 0.5831 0.0606
0.4087 0.5910 0.0606
0.3798 0.6016 0.0606
0.3654 0.6095 0.0424
0.3558 0.6332 0.0061
0.3413 0.6412 0.0242
0.3029 0.6623 0.0000
0.3077 0.6570 0.0121
0.2933 0.6860 0.0000
0.2692 0.6913 0.0242
0.2452 0.6992 0.0242
0.2308 0.7335 0.0000
0.2115 0.7467 0.0121
0.1971 0.7599 0.0182
0.1923 0.7784 0.0121
0.1875 0.7995 0.0121
0.1635 0.8153 0.0000
0.1490 0.8285 0.0424
0.1250 0.8681 0.0182
0.1202 0.8760 0.0364
0.0769 0.8971 0.0606
0.0721 0.9235 0.0727
0.0481 0.9551 0.0606
0.0433 0.9763 0.1091
0.0096 0.9842 0.1636
0.0000 1.0000 0.1697
