1.00000000 0.72209178 0.00000000
0.99906760 0.72081110 0.00602467
0.99254079 0.73212380 0.00109539
0.98508159 0.73575240 0.00314926
0.97995338 0.73980790 0.00575082
0.97715618 0.74151547 0.00944777
0.96829837 0.75261473 0.01013240
0.96410256 0.75667022 0.01150164
0.95990676 0.76563501 0.01547244
0.95617716 0.77033084 0.01752631
0.94778555 0.77929562 0.02067556
0.94125874 0.78932764 0.02026479
0.93473193 0.79103522 0.03121873
0.92867133 0.80341515 0.02943872
0.91655012 0.80811099 0.03833879
0.90769231 0.82113127 0.03888649
0.89650350 0.82219851 0.04628040
0.88624709 0.83180363 0.05326354
0.87132867 0.83713981 0.05750819
0.86293706 0.84418356 0.06681904
0.84848485 0.85400213 0.06750366
0.83356643 0.85933831 0.07927915
0.82097902 0.87171825 0.07900530
0.80745921 0.86744931 0.09406697
0.79440559 0.88303095 0.09502544
0.77762238 0.87918890 0.10680092
0.76456876 0.89220918 0.11131942
0.74965035 0.89028815 0.11802871
0.73053613 0.90224120 0.12651802
0.71608392 0.90629669 0.12857188
0.69790210 0.90608324 0.14555049
0.68578089 0.91739594 0.14349662
0.66153846 0.91355390 0.15883214
0.64941725 0.92721451 0.15773675
0.62750583 0.91760939 0.17457843
0.61165501 0.93660619 0.17416766
0.59347319 0.92934899 0.18566930
0.57808858 0.93703308 0.19484322
0.56083916 0.93596585 0.19963557
0.54219114 0.94066169 0.21264338
0.52214452 0.94322305 0.21606648
0.50396270 0.94621131 0.22989583
0.48391608 0.95389541 0.23578358
0.46666667 0.94941302 0.25016062
0.44522145 0.95987193 0.25467912
0.42750583 0.95432231 0.26933002
0.40512821 0.96435432 0.27781932
0.38648019 0.96029883 0.29027943
0.36689977 0.96520811 0.30273954
0.35104895 0.95944504 0.31437810
0.32867133 0.96136606 0.32902900
0.31048951 0.96072572 0.33751830
0.29184149 0.96157951 0.35449691
0.27599068 0.96328709 0.36243852
0.25128205 0.95581644 0.38133406
0.23589744 0.95645678 0.39283570
0.22051282 0.94557097 0.41501743
0.20279720 0.95709712 0.42254827
0.17855478 0.95496265 0.43966380
0.16596737 0.95602988 0.45691626
0.15524476 0.94364995 0.47950876
0.14312354 0.95688367 0.49635044
0.13566434 0.95602988 0.51894294
0.13986014 0.96883671 0.54358931
0.14312354 0.97011740 0.57058446
0.15804196 0.98185699 0.60407824
0.18135198 0.99850587 0.63715071
0.21958042 0.99231590 0.68644345
0.26526807 1.00000000 0.73310302
0.32307692 0.98441836 0.79029523
0.38974359 0.97054429 0.84632885
0.44848485 0.90160085 0.90657552
0.48764569 0.82753469 0.95207651
0.49557110 0.71910352 0.98641290
0.48344988 0.60064034 1.00000000
0.43263403 0.47705443 0.98925671
0.34685315 0.34706510 0.95913337
0.26759907 0.25144077 0.90973531
0.17575758 0.14493063 0.85043658
0.10722611 0.10480256 0.78302771
0.05081585 0.04162220 0.71993723
0.02237762 0.03479189 0.65747870
0.00512821 0.00875133 0.60112910
0.00000000 0.01131270 0.55278430
0.00606061 0.00000000 0.50867363
0.01958042 0.02155816 0.47047176
0.03869464 0.03863394 0.43487145
0.05734266 0.03564568 0.40844507
0.08018648 0.05549626 0.38133406
0.10163170 0.05549626 0.36093235
0.12307692 0.07684098 0.34135218
0.14685315 0.07918890 0.32546897
0.16829837 0.09498399 0.31081807
0.19347319 0.10202775 0.29739949
0.21305361 0.10907150 0.28781479
0.23449883 0.11824973 0.27686085
0.25407925 0.12892209 0.26933002
0.27599068 0.13831377 0.26207303
0.29510490 0.14023479 0.25741761
0.31468531 0.14791889 0.25043447
