1.0000 -16.7273 0.0526
0.9574 -15.8182 0.0526
0.8191 -15.0000 0.2105
0.7979 -14.5455 0.0000
0.6702 -13.3636 0.1053
0.6277 -12.2727 0.1053
0.5426 -11.1818 0.1579
0.5000 -9.4545 0.0526
0.4043 -8.7273 0.3684
0.3830 -7.7273 0.2632
0.2766 -6.2727 0.4211
0.2872 -5.1818 0.5789
0.1809 -4.1818 0.7895
0.2128 -2.6364 0.4737
0.0745 -1.4545 0.5789
0.0851 -0.9091 0.5789
0.0000 0.0000 0.7368
0.0000 1.0000 0.6316
-0.0638 1.6364 0.6316
-0.0426 2.0909 0.6842
-0.1064 2.8182 0.6842
-0.0957 3.2727 0.6316
-0.1596 3.5455 0.6842
-0.1064 3.8182 0.6842
-0.1702 3.6364 0.6842
-0.1064 3.5455 0.6842
-0.1596 3.4545 0.7895
-0.0851 3.3636 0.6842
-0.1277 3.4545 0.7368
-0.0957 3.1818 0.7368
-0.1277 3.3636 0.7895
-0.0851 3.1818 0.6316
-0.1489 3.1818 0.7368
-0.0851 3.1818 0.6842
-0.1489 2.9091 0.7895
-0.1170 3.0909 0.6842
-0.1702 3.0000 0.6842
-0.1383 2.8182 0.6842
-0.1915 3.0000 0.6842
-0.1489 3.0000 0.6316
-0.1809 2.9091 0.6842
-0.1383 2.6364 0.6316
-0.1809 2.8182 0.7368
-0.1064 2.5455 0.6316
-0.1702 2.7273 0.7368
-0.0957 2.8182 0.6842
-0.1277 2.7273 0.6842
-0.0851 2.9091 0.6316
-0.1277 2.8182 0.7895
-0.0638 2.9091 0.6316
-0.1277 2.8182 0.7368
-0.0851 2.8182 0.6316
-0.1277 2.5455 0.5789
-0.0745 2.6364 0.5789
-0.1170 2.8182 0.7368
-0.0957 2.7273 0.6316
-0.1277 2.5455 0.7368
-0.0851 2.5455 0.6316
-0.1383 2.5455 0.6842
-0.0957 2.3636 0.6842
-0.1383 2.3636 0.6842
-0.1277 2.1818 0.6316
-0.1489 2.0000 0.8421
-0.0638 2.2727 0.6316
-0.1277 2.2727 0.7895
-0.1170 2.3636 0.6842
-0.1489 2.3636 0.7895
-0.1064 2.6364 0.6842
-0.1489 2.7273 0.7895
-0.1064 2.7273 0.6842
-0.1489 2.9091 0.7368
-0.1170 3.0000 0.7368
-0.1596 3.0000 0.7895
-0.1170 3.0000 0.7368
-0.1489 3.0909 0.7368
-0.1277 3.0000 0.8421
-0.1915 3.0000 0.7368
-0.1489 2.8182 0.7368
-0.1702 2.7273 0.7895
-0.1596 2.6364 0.8421
-0.1809 2.4545 0.8421
-0.1809 2.6364 0.8421
-0.2128 2.4545 0.8421
-0.1596 2.4545 0.8421
-0.2128 2.8182 0.8421
-0.1702 2.5455 0.7895
-0.1915 2.6364 0.8421
-0.1809 2.8182 0.7895
-0.2021 2.7273 0.8947
-0.1596 2.8182 0.7895
-0.2021 2.7273 0.9474
-0.1809 2.8182 1.0000
-0.2128 2.6364 1.0000
-0.1915 2.5455 0.9474
-0.1915 2.5455 0.8947
-0.1915 2.4545 0.9474
-0.2234 2.7273 0.9474
-0.2021 2.6364 1.0000
-0.2447 2.7273 0.9474
-0.2234 2.5455 0.9474
