0.99717514 0.04918033 0.44827586
1.00000000 0.05737705 0.50000000
0.98587571 0.05737705 0.51724138
0.98870056 0.04918033 0.50000000
0.97175141 0.00000000 0.48275862
0.97740113 0.02459016 0.55172414
0.96045198 0.04918033 0.50000000
0.96045198 0.04098361 0.62068966
0.94915254 0.02459016 0.56896552
0.95197740 0.07377049 0.68965517
0.93785311 0.09836066 0.63793103
0.93220339 0.08196721 0.68965517
0.92655367 0.05737705 0.63793103
0.92372881 0.09016393 0.70689655
0.91242938 0.09836066 0.68965517
0.91242938 0.09016393 0.72413793
0.89548023 0.12295082 0.70689655
0.89265537 0.17213115 0.75862069
0.87570621 0.13934426 0.74137931
0.87288136 0.14754098 0.79310345
0.85310734 0.18032787 0.75862069
0.84463277 0.19672131 0.81034483
0.83615819 0.17213115 0.75862069
0.82485876 0.18852459 0.81034483
0.81073446 0.19672131 0.75862069
0.81073446 0.15573770 0.82758621
0.81073446 0.13114754 0.81034483
0.80225989 0.18032787 0.86206897
0.79096045 0.16393443 0.84482759
0.79661017 0.16393443 0.87931034
0.78248588 0.17213115 0.89655172
0.77966102 0.19672131 0.94827586
0.77401130 0.17213115 0.89655172
0.77401130 0.19672131 0.96551724
0.76271186 0.20491803 0.91379310
0.75423729 0.21311475 0.94827586
0.75141243 0.19672131 0.89655172
0.74576271 0.24590164 0.94827586
0.73728814 0.22131148 0.91379310
0.72598870 0.26229508 0.96551724
0.71468927 0.29508197 0.96551724
0.70338983 0.31967213 0.96551724
0.68644068 0.28688525 1.00000000
0.68644068 0.28688525 0.96551724
0.66666667 0.31967213 0.96551724
0.65254237 0.27868852 0.96551724
0.64971751 0.28688525 0.93103448
0.64124294 0.28688525 0.94827586
0.62711864 0.26229508 0.94827586
0.62994350 0.23770492 0.94827586
0.61864407 0.27868852 0.91379310
0.60734463 0.27868852 0.96551724
0.60734463 0.25409836 0.98275862
0.60451977 0.29508197 0.93103448
0.59604520 0.27868852 0.89655172
0.58757062 0.27049180 0.93103448
0.57909605 0.32786885 0.89655172
0.56497175 0.35245902 0.89655172
0.56497175 0.35245902 0.86206897
0.55367232 0.39344262 0.89655172
0.54802260 0.41803279 0.86206897
0.53107345 0.42622951 0.84482759
0.51977401 0.44262295 0.82758621
0.50282486 0.45081967 0.77586207
0.49435028 0.45081967 0.77586207
0.46610169 0.49180328 0.75862069
0.45762712 0.48360656 0.75862069
0.44350282 0.47540984 0.70689655
0.43502825 0.47540984 0.70689655
0.41525424 0.47540984 0.67241379
0.40960452 0.48360656 0.65517241
0.39265537 0.48360656 0.65517241
0.39265537 0.45081967 0.62068966
0.37853107 0.50819672 0.62068966
0.36440678 0.50819672 0.60344828
0.35310734 0.52459016 0.63793103
0.34745763 0.54098361 0.58620690
0.32768362 0.58196721 0.58620690
0.32768362 0.59836066 0.58620690
0.31355932 0.65573770 0.56896552
0.30790960 0.67213115 0.56896552
0.27966102 0.65573770 0.50000000
0.27683616 0.72131148 0.48275862
0.24858757 0.71311475 0.50000000
0.23163842 0.72131148 0.43103448
0.20903955 0.77049180 0.41379310
0.20621469 0.71311475 0.41379310
0.18926554 0.73770492 0.34482759
0.18361582 0.72131148 0.31034483
0.16101695 0.72950820 0.25862069
0.16101695 0.75409836 0.25862069
0.13276836 0.77049180 0.22413793
0.12429379 0.79508197 0.18965517
0.09604520 0.81967213 0.15517241
0.09322034 0.81967213 0.12068966
0.06779661 0.83606557 0.13793103
0.07062147 0.86065574 0.06896552
0.03672316 0.90983607 0.05172414
0.03954802 0.91803279 0.01724138
0.00000000 1.00000000 0.00000000
