1.0000 0.3355 0.9948
0.9952 0.3422 0.9895
0.9904 0.3289 1.0000
0.9818 0.3090 0.9843
0.9789 0.2990 0.9895
0.9722 0.2957 0.9843
0.9684 0.3023 0.9948
0.9588 0.2691 0.9843
0.9502 0.2724 0.9843
0.9425 0.2625 0.9791
0.9377 0.2492 0.9843
0.9330 0.2359 0.9895
0.9291 0.2326 0.9843
0.9186 0.2027 0.9791
0.9090 0.1993 0.9738
0.9033 0.1794 0.9529
0.9004 0.1761 0.9686
0.8908 0.1495 0.9476
0.8831 0.1429 0.9372
0.8697 0.1296 0.9058
0.8630 0.1163 0.9058
0.8554 0.0963 0.8901
0.8458 0.0797 0.9058
0.8400 0.0731 0.8534
0.8247 0.0764 0.8534
0.8161 0.0698 0.8377
0.8094 0.0631 0.8377
0.7979 0.0266 0.8063
0.7893 0.0365 0.7906
0.7768 0.0332 0.7749
0.7672 0.0399 0.7749
0.7605 0.0233 0.7382
0.7519 0.0199 0.7330
0.7366 0.0100 0.6963
0.7251 0.0233 0.6754
0.7193 0.0033 0.6492
0.7098 0.0133 0.6283
0.6954 0.0000 0.6073
0.6839 0.0000 0.5759
0.6695 0.0066 0.5497
0.6571 0.0066 0.5288
0.6485 0.0066 0.5079
0.6351 0.0266 0.4869
0.6188 0.0133 0.4607
0.6082 0.0166 0.4346
0.5967 0.0266 0.4136
0.5843 0.0631 0.3927
0.5699 0.0631 0.3717
0.5546 0.0698 0.3613
0.5441 0.0698 0.3298
0.5307 0.0963 0.3194
0.5192 0.0864 0.2880
0.5038 0.0963 0.2723
0.4933 0.1096 0.2513
0.4808 0.1395 0.2408
0.4684 0.1429 0.2147
0.4502 0.1694 0.1832
0.4377 0.1595 0.1675
0.4262 0.1927 0.1675
0.4148 0.2126 0.1414
0.3985 0.2326 0.1361
0.3879 0.2093 0.1099
0.3755 0.2359 0.1047
0.3669 0.2724 0.0995
0.3525 0.2990 0.0942
0.3400 0.2857 0.0733
0.3238 0.3123 0.0628
0.3161 0.3322 0.0524
0.3046 0.3787 0.0628
0.2969 0.3688 0.0471
0.2807 0.3887 0.0366
0.2720 0.4186 0.0209
0.2605 0.4452 0.0524
0.2538 0.4651 0.0105
0.2337 0.5017 0.0000
0.2222 0.5050 0.0000
0.2079 0.5482 0.0052
0.2021 0.5615 0.0157
0.1868 0.5980 0.0157
0.1762 0.5781 0.0000
0.1628 0.6213 0.0105
0.1580 0.6279 0.0157
0.1427 0.6678 0.0209
0.1351 0.6711 0.0052
0.1159 0.7043 0.0157
0.1102 0.7010 0.0209
0.1006 0.7409 0.0209
0.0967 0.7542 0.0314
0.0795 0.7841 0.0366
0.0728 0.7774 0.0314
0.0613 0.8140 0.0471
0.0575 0.8372 0.0471
0.0402 0.8804 0.0524
0.0393 0.8837 0.0628
0.0249 0.9236 0.0942
0.0259 0.9203 0.1047
0.0134 0.9635 0.1309
0.0144 0.9535 0.1414
0.0000 1.0000 0.1780
0.0029 1.0000 0.1780
