-63.0000 46.0000 0.9614
-62.0000 43.8750 0.9662
-60.8333 42.0625 0.9694
-59.8333 40.5625 0.9775
-58.0000 39.1875 0.9758
-57.6667 37.2500 0.9807
-56.1667 35.5000 0.9855
-54.8333 34.2500 0.9919
-53.1667 32.8125 0.9903
-52.1667 31.1875 0.9936
-50.8333 29.7500 0.9936
-49.1667 28.6250 0.9968
-47.3333 27.0625 0.9968
-46.3333 25.0625 1.0000
-44.6667 23.7500 0.9984
-42.6667 22.5000 0.9984
-40.6667 20.8750 0.9952
-39.0000 19.3750 0.9952
-36.8333 18.3125 0.9903
-35.0000 16.8750 0.9871
-32.8333 15.5625 0.9855
-31.0000 14.0625 0.9903
-28.6667 13.1250 0.9839
-26.8333 11.3125 0.9775
-24.6667 10.1250 0.9726
-22.8333 9.3750 0.9710
-20.5000 8.3125 0.9597
-18.6667 7.1250 0.9581
-16.3333 6.2500 0.9517
-14.1667 5.1875 0.9517
-11.8333 4.3750 0.9388
-9.6667 3.4375 0.9356
-7.1667 2.6250 0.9291
-4.5000 1.7500 0.9195
-3.0000 1.0000 0.9098
-1.0000 -0.0000 0.9066
1.0000 -0.5625 0.8953
3.1667 -1.2500 0.8873
5.0000 -1.7500 0.8760
6.8333 -2.3750 0.8712
8.5000 -2.7500 0.8567
10.6667 -3.4375 0.8470
12.5000 -4.0000 0.8374
14.0000 -4.4375 0.8309
15.6667 -4.6875 0.8164
17.1667 -5.0625 0.8116
18.8333 -5.3750 0.7987
20.1667 -5.9375 0.7826
21.6667 -6.3125 0.7681
23.0000 -6.8125 0.7585
24.1667 -7.1250 0.7440
25.1667 -7.5625 0.7311
26.3333 -7.3750 0.7182
26.5000 -7.5625 0.7069
27.8333 -7.8750 0.6892
28.5000 -8.2500 0.6715
29.0000 -8.3750 0.6554
29.5000 -8.5000 0.6393
29.8333 -8.6250 0.6216
30.0000 -8.8750 0.6071
30.1667 -8.9375 0.5878
30.3333 -9.2500 0.5765
30.1667 -9.3125 0.5556
30.3333 -9.2500 0.5411
30.3333 -9.4375 0.5201
29.6667 -9.8125 0.5072
29.8333 -9.9375 0.4928
29.5000 -10.0625 0.4750
28.8333 -10.1875 0.4589
28.1667 -10.3750 0.4412
27.3333 -10.3750 0.4267
26.1667 -10.4375 0.4138
25.8333 -10.5625 0.3961
25.0000 -10.9375 0.3800
24.0000 -11.2500 0.3607
23.1667 -11.5000 0.3462
22.1667 -11.4375 0.3301
20.6667 -11.7500 0.3172
19.5000 -12.0625 0.2979
18.1667 -12.3125 0.2850
16.8333 -12.5000 0.2689
15.5000 -13.0000 0.2576
14.3333 -13.1875 0.2448
13.0000 -14.0000 0.2206
11.1667 -14.3125 0.2045
9.1667 -14.7500 0.1948
8.0000 -15.1875 0.1787
6.3333 -15.6250 0.1610
4.5000 -16.1250 0.1417
2.6667 -16.8750 0.1288
0.0000 -17.3750 0.1143
-1.3333 -17.8125 0.1111
-2.8333 -17.3750 0.1047
-4.8333 -18.6875 0.0821
-6.5000 -19.5625 0.0596
-8.8333 -20.4375 0.0499
-11.0000 -21.0625 0.0370
-12.8333 -21.3750 0.0290
-15.1667 -22.3750 0.0145
-17.6667 -23.6250 0.0000
