0.4000 0.9167 0.0000
0.5000 1.0000 0.0588
0.2000 1.0000 0.0735
0.3000 0.8611 0.1029
0.2000 0.8611 0.1471
0.0000 0.8889 0.1765
0.4000 0.8611 0.2353
0.0000 0.7500 0.2353
0.4000 0.7222 0.3088
0.1000 0.6389 0.3088
0.2000 0.6389 0.3824
0.3000 0.6111 0.3529
0.2000 0.6667 0.4118
0.4000 0.5833 0.4118
0.1000 0.5278 0.4559
0.3000 0.5833 0.4559
0.3000 0.6111 0.4853
0.4000 0.5556 0.5000
0.5000 0.5000 0.5588
0.5000 0.5000 0.5588
0.8000 0.5278 0.5735
0.6000 0.4444 0.5882
0.9000 0.3889 0.6912
1.0000 0.3611 0.6618
0.6000 0.4444 0.7206
0.9000 0.2500 0.7059
0.7000 0.3056 0.7500
0.9000 0.1667 0.7206
0.6000 0.1389 0.7647
0.9000 0.1667 0.7647
0.9000 0.1944 0.7941
0.8000 0.0833 0.7941
0.9000 0.1389 0.8235
0.6000 0.1111 0.8088
0.8000 0.1389 0.8382
0.6000 0.0833 0.8382
0.9000 0.1667 0.9118
0.9000 0.0833 0.8529
0.9000 0.1667 0.8971
0.9000 0.0833 0.8824
0.6000 0.1111 0.9265
0.8000 0.1389 0.9118
0.8000 0.1111 0.9265
0.6000 0.1111 0.9412
0.7000 0.1111 0.9706
0.7000 0.0556 0.9412
0.7000 0.0556 0.9559
0.6000 0.0000 0.9412
0.8000 0.0833 0.9706
0.7000 0.0000 0.9559
0.7000 0.1111 1.0000
0.8000 0.0278 0.9412
0.6000 0.0278 0.9559
0.7000 0.0000 0.9559
0.6000 0.0278 0.9706
0.6000 0.1111 1.0000
0.7000 0.0000 0.9559
0.7000 0.0556 0.9853
0.6000 0.0556 0.9559
0.4000 0.0278 0.9559
0.7000 0.0833 0.9706
0.6000 0.0556 0.9412
0.7000 0.0556 0.9265
0.3000 0.0556 0.9118
0.3000 0.1111 0.9118
0.3000 0.0278 0.8971
0.4000 0.1111 0.9118
0.6000 0.0556 0.8824
0.2000 0.1111 0.8676
0.5000 0.1944 0.8676
0.3000 0.1389 0.8382
0.5000 0.1667 0.8676
0.5000 0.1111 0.8676
0.9000 0.1667 0.8382
0.4000 0.1667 0.8088
0.3000 0.1944 0.8235
0.4000 0.1944 0.7941
0.2000 0.1111 0.7941
0.6000 0.2222 0.7647
0.4000 0.1389 0.7500
0.2000 0.2222 0.7794
0.4000 0.1667 0.7353
0.2000 0.2778 0.7647
0.4000 0.2222 0.7206
0.3000 0.2778 0.7059
0.3000 0.3056 0.7353
0.4000 0.2778 0.7059
0.0000 0.2500 0.6912
0.4000 0.3056 0.6765
0.2000 0.3056 0.6765
0.4000 0.3333 0.6618
0.3000 0.2778 0.6471
0.3000 0.3333 0.6912
0.3000 0.2778 0.6618
0.3000 0.3333 0.6765
0.5000 0.2778 0.6324
0.2000 0.3056 0.6471
0.5000 0.3333 0.6912
0.2000 0.3333 0.6324
0.4000 0.3056 0.6912
