0.6000 0.9048 0.6842
0.4000 0.8095 0.7368
0.5000 0.8571 0.6842
0.4000 1.0000 0.5789
0.6000 0.9524 0.6316
0.5000 0.9048 0.6842
0.6000 0.8571 0.7368
0.5000 0.9524 0.6316
0.7000 0.9048 0.7368
0.6000 0.8571 0.6316
0.7000 0.8571 0.7368
0.4000 0.8095 0.6316
0.6000 0.6667 1.0000
0.9000 0.7143 0.5789
0.7000 0.6667 0.7368
0.5000 0.6667 0.6842
0.7000 0.6190 0.7895
0.5000 0.6190 0.5789
0.5000 0.6667 0.7895
0.4000 0.8095 0.6842
0.4000 0.7143 0.6842
0.4000 0.8095 0.6842
0.3000 0.7143 0.6316
0.2000 0.7619 0.5789
0.4000 0.6667 0.5789
0.2000 0.7619 0.5263
0.2000 0.6190 0.5789
0.1000 0.6667 0.5263
0.3000 0.6190 0.5789
0.2000 0.6190 0.6316
0.4000 0.7143 0.6316
0.2000 0.6190 0.5263
0.2000 0.5714 0.5789
0.2000 0.5714 0.7368
0.3000 0.5238 0.6842
0.1000 0.6190 0.5789
0.4000 0.6190 0.7368
0.1000 0.6190 0.6316
0.2000 0.6190 0.6842
0.2000 0.5714 0.6842
0.4000 0.7143 0.6842
0.1000 0.7143 0.6316
0.4000 0.7143 0.6842
0.2000 0.6190 0.4737
0.1000 0.7143 0.7368
0.1000 0.6190 0.5789
0.2000 0.6190 0.6316
0.2000 0.6667 0.6842
0.3000 0.4762 0.6842
0.1000 0.6190 0.6316
0.2000 0.5714 0.6842
0.1000 0.6190 0.5789
0.3000 0.6190 0.5789
0.0000 0.6667 0.6316
0.4000 0.5238 0.7368
0.1000 0.5238 0.5263
0.5000 0.5714 0.5789
0.2000 0.4286 0.4737
0.6000 0.4286 0.4737
0.4000 0.2381 0.5263
0.5000 0.3810 0.5789
0.4000 0.4286 0.5263
0.7000 0.3333 0.7368
0.8000 0.5238 0.3684
0.6000 0.4762 0.4737
0.5000 0.4286 0.3684
0.5000 0.2857 0.4211
0.5000 0.3333 0.3158
0.7000 0.1429 0.2632
0.5000 0.1905 0.1053
0.8000 0.2381 0.2105
0.7000 0.2381 0.1579
0.8000 0.1429 0.2632
0.8000 0.1429 0.1579
0.9000 0.1905 0.1579
0.6000 0.0476 0.0000
1.0000 0.0476 0.2105
0.8000 0.0476 0.0526
0.9000 0.0000 0.1053
0.9000 0.0952 0.0526
0.8000 0.0476 0.0526
0.7000 0.0952 0.0000
1.0000 0.1429 0.1579
0.7000 0.0000 0.0000
0.8000 0.0000 0.2632
0.7000 0.0000 0.1053
0.8000 0.0476 0.2105
0.8000 0.0000 0.0526
0.7000 0.0476 0.2105
0.8000 0.0000 0.0526
0.8000 0.0952 0.1053
0.8000 0.0476 0.1053
0.8000 0.1429 0.1579
0.6000 0.0476 0.1053
1.0000 0.0952 0.1053
0.9000 0.1429 0.1053
1.0000 0.1905 0.1053
1.0000 0.0952 0.0526
1.0000 0.0952 0.1579
1.0000 0.0952 0.0000
