0.4588 -170.0000 1.0000
0.4824 -165.0000 0.9870
0.4118 -164.0000 0.9740
0.4471 -161.5000 0.9351
0.3647 -159.5000 0.9221
0.3882 -155.0000 0.8831
0.3294 -153.5000 0.8831
0.3412 -151.5000 0.8701
0.2353 -151.0000 0.8312
0.2824 -146.0000 0.8182
0.2000 -145.0000 0.7792
0.2235 -141.5000 0.7792
0.1294 -141.0000 0.7922
0.2235 -138.5000 0.7013
0.1059 -137.0000 0.7273
0.1647 -134.0000 0.6883
0.0941 -134.0000 0.6883
0.1529 -130.5000 0.6494
0.0824 -130.0000 0.6753
0.1294 -128.5000 0.6494
0.0588 -128.5000 0.6623
0.1059 -126.0000 0.6234
0.0471 -124.0000 0.6364
0.1059 -122.5000 0.6234
0.0235 -122.5000 0.6234
0.0941 -122.5000 0.6104
0.0235 -122.5000 0.5974
0.0706 -119.5000 0.5714
0.0000 -117.5000 0.5455
0.0824 -115.0000 0.5325
0.0118 -115.5000 0.5325
0.0824 -113.0000 0.5065
0.0235 -109.0000 0.5195
0.1176 -105.0000 0.5065
0.0588 -105.5000 0.4675
0.1294 -103.0000 0.4935
0.0706 -100.5000 0.4805
0.1176 -96.5000 0.4286
0.0588 -95.0000 0.4416
0.1529 -93.5000 0.4026
0.0941 -91.0000 0.3636
0.1882 -87.0000 0.3636
0.1529 -85.0000 0.3247
0.2353 -81.5000 0.3117
0.2000 -78.5000 0.3247
0.3176 -72.0000 0.3117
0.3059 -70.5000 0.2987
0.3882 -69.5000 0.2597
0.3412 -66.5000 0.2727
0.4353 -62.5000 0.2468
0.4000 -59.0000 0.2468
0.4471 -57.5000 0.1948
0.3882 -55.5000 0.2078
0.4824 -50.5000 0.1558
0.4588 -47.5000 0.1948
0.5294 -44.0000 0.1558
0.4706 -39.0000 0.1558
0.5647 -33.5000 0.1039
0.5294 -30.0000 0.1429
0.6000 -29.0000 0.1039
0.5529 -28.5000 0.1429
0.6353 -27.5000 0.1169
0.5765 -25.5000 0.1688
0.7176 -26.5000 0.0909
0.6118 -26.5000 0.0909
0.6941 -24.0000 0.0909
0.6235 -21.5000 0.0779
0.7294 -18.0000 0.0649
0.6706 -12.5000 0.0390
0.7765 -8.5000 0.0390
0.7412 -8.0000 0.0649
0.8118 -4.5000 0.0260
0.8000 -3.0000 0.0260
0.8588 -0.0000 0.0260
0.8353 2.5000 0.0390
0.9176 2.0000 0.0260
0.9059 2.5000 0.0519
0.9647 2.5000 0.0390
0.9294 2.5000 0.0130
0.9882 2.5000 0.0260
0.9647 3.5000 0.0130
1.0000 3.5000 0.0130
0.9529 6.0000 0.0130
0.9882 8.0000 0.0130
0.9529 7.5000 0.0260
0.9882 10.5000 0.0130
0.9294 9.0000 0.0000
0.9529 8.5000 0.0130
0.9294 9.0000 0.0260
0.9765 8.0000 0.0000
0.9529 6.5000 0.0000
0.9765 5.0000 0.0130
0.9412 4.5000 0.0260
0.9882 3.0000 0.0130
0.9412 3.0000 0.0260
0.9765 2.0000 0.0130
0.9412 1.0000 0.0260
0.9765 2.0000 0.0260
0.9412 1.0000 0.0130
0.9765 2.5000 0.0130
