1.00000000 0.01147228 1.00000000
0.91774892 0.00000000 0.96937086
0.84502165 0.04206501 0.93956954
0.77402597 0.08986616 0.91225166
0.72034632 0.13193117 0.88990066
0.66493506 0.17017208 0.86506623
0.61385281 0.20458891 0.84602649
0.57229437 0.20076482 0.82450331
0.53593074 0.22562141 0.80877483
0.49870130 0.25047801 0.79056291
0.47099567 0.30975143 0.77980132
0.43809524 0.35564054 0.76324503
0.41038961 0.37667304 0.74834437
0.39134199 0.34225621 0.73096026
0.37229437 0.37284895 0.72019868
0.35064935 0.39579350 0.70281457
0.33939394 0.39388145 0.69122517
0.32121212 0.45315488 0.67880795
0.30562771 0.47036329 0.66473510
0.29264069 0.44741874 0.65149007
0.28051948 0.46080306 0.63907285
0.26839827 0.44741874 0.62417219
0.26060606 0.45124283 0.61920530
0.25021645 0.49330784 0.60182119
0.23722944 0.50095602 0.59105960
0.22857143 0.49139579 0.57450331
0.22164502 0.50095602 0.56539735
0.21298701 0.46462715 0.54801325
0.20952381 0.49330784 0.53890728
0.20000000 0.52390057 0.52566225
0.19047619 0.52581262 0.51324503
0.18701299 0.51434034 0.50000000
0.18354978 0.53346080 0.49172185
0.17835498 0.51051625 0.47764901
0.17748918 0.52390057 0.47019868
0.17229437 0.55831740 0.45612583
0.16709957 0.56022945 0.44701987
0.16623377 0.55449331 0.43377483
0.16883117 0.56978967 0.42384106
0.16536797 0.54302103 0.41059603
0.16623377 0.54493308 0.40314570
0.16277056 0.58508604 0.38907285
0.15670996 0.60229446 0.38245033
0.15324675 0.62141491 0.37168874
0.15497835 0.60420650 0.36506623
0.15151515 0.58126195 0.35513245
0.15151515 0.59655832 0.35016556
0.14891775 0.61185468 0.33940397
0.14458874 0.65965583 0.33609272
0.14718615 0.64627151 0.32615894
0.14545455 0.61950287 0.31870861
0.14458874 0.58891013 0.31125828
0.14718615 0.62523901 0.30960265
0.14025974 0.68260038 0.30298013
0.13679654 0.71701721 0.29884106
0.13766234 0.69789675 0.29387417
0.13766234 0.68260038 0.28973510
0.13506494 0.64435946 0.28394040
0.13852814 0.64627151 0.28062914
0.13419913 0.69980880 0.27731788
0.13160173 0.72084130 0.27317881
0.13160173 0.70936902 0.26738411
0.13246753 0.68642447 0.26241722
0.12900433 0.64627151 0.25662252
0.12900433 0.67304015 0.25413907
0.12207792 0.71128107 0.25165563
0.11774892 0.70172084 0.24834437
0.11601732 0.69598470 0.24503311
0.11515152 0.68068834 0.24172185
0.11082251 0.65200765 0.23509934
0.11168831 0.66921606 0.23344371
0.10476190 0.68260038 0.22764901
0.09610390 0.69598470 0.22682119
0.09523810 0.69789675 0.21854305
0.08917749 0.68068834 0.21192053
0.08744589 0.65583174 0.20778146
0.08484848 0.68451243 0.20529801
0.07792208 0.70554493 0.19784768
0.07532468 0.68642447 0.19370861
0.07532468 0.67877629 0.18377483
0.07532468 0.65965583 0.17798013
0.07359307 0.67877629 0.16970199
0.07272727 0.69216061 0.16142384
0.06320346 0.69407266 0.14900662
0.06320346 0.68451243 0.14072848
0.05887446 0.70172084 0.12996689
0.05281385 0.69407266 0.12251656
0.04848485 0.71701721 0.11092715
0.04155844 0.73613767 0.10264901
0.03809524 0.73613767 0.09105960
0.03549784 0.74187380 0.08195364
0.02943723 0.75525813 0.06953642
0.02857143 0.78393881 0.06043046
0.02251082 0.81070746 0.04718543
0.01731602 0.84321224 0.03973510
0.01385281 0.86042065 0.03062914
0.01125541 0.87571702 0.02235099
0.00865801 0.91395793 0.01490066
0.00606061 0.95602294 0.00993377
0.00000000 1.00000000 0.00000000
