0.0000 0.8315 0.5658
0.0000 0.8058 0.5484
0.0019 0.8058 0.5422
0.0056 0.8176 0.5211
0.0037 0.8015 0.5087
0.0065 0.8036 0.4938
0.0083 0.7682 0.4777
0.0083 0.7682 0.4591
0.0056 0.7833 0.4491
0.0120 0.7822 0.4342
0.0139 0.7918 0.4243
0.0185 0.8004 0.4119
0.0222 0.7865 0.4007
0.0306 0.7843 0.3871
0.0407 0.8026 0.3772
0.0500 0.8273 0.3648
0.0537 0.8380 0.3561
0.0657 0.8240 0.3474
0.0722 0.8412 0.3462
0.0843 0.8466 0.3462
0.0898 0.8755 0.3462
0.1019 0.8948 0.3486
0.1093 0.8991 0.3561
0.1278 0.8991 0.3610
0.1389 0.9077 0.3710
0.1509 0.9260 0.3797
0.1602 0.9335 0.3945
0.1759 0.9453 0.4144
0.1861 0.9356 0.4392
0.2000 0.9635 0.4578
0.2111 0.9764 0.4826
0.2250 0.9818 0.5074
0.2361 0.9828 0.5323
0.2565 0.9796 0.5583
0.2611 0.9903 0.5868
0.2759 0.9936 0.6141
0.2815 1.0000 0.6476
0.2981 0.9710 0.6787
0.3037 0.9828 0.7134
0.3185 0.9657 0.7407
0.3241 0.9517 0.7717
0.3370 0.9303 0.7978
0.3472 0.9142 0.8275
0.3565 0.8884 0.8511
0.3630 0.8594 0.8784
0.3731 0.8423 0.9007
0.3824 0.8155 0.9243
0.3991 0.8015 0.9467
0.4056 0.7575 0.9591
0.4222 0.7382 0.9702
0.4315 0.6996 0.9801
0.4463 0.6545 0.9864
0.4546 0.6438 1.0000
0.4713 0.6041 0.9950
0.4704 0.5826 0.9950
0.4861 0.5354 0.9901
0.4972 0.4903 0.9864
0.5083 0.4496 0.9727
0.5185 0.4206 0.9603
0.5352 0.4013 0.9442
0.5463 0.3369 0.9268
0.5593 0.3133 0.9069
0.5685 0.2994 0.8945
0.5796 0.2918 0.8759
0.5898 0.2457 0.8524
0.6093 0.2189 0.8288
0.6139 0.1824 0.8040
0.6306 0.1685 0.7792
0.6380 0.1588 0.7556
0.6537 0.1180 0.7270
0.6565 0.1127 0.7035
0.6667 0.0891 0.6774
0.6731 0.0826 0.6538
0.6824 0.0622 0.6266
0.6907 0.0601 0.6042
0.7000 0.0172 0.5670
0.7065 0.0343 0.5471
0.7148 0.0215 0.5149
0.7269 0.0054 0.4888
0.7398 0.0204 0.4653
0.7435 0.0172 0.4367
0.7602 0.0021 0.4045
0.7741 0.0000 0.3759
0.7907 0.0204 0.3486
0.8009 0.0290 0.3176
0.8167 0.0118 0.2841
0.8269 0.0247 0.2605
0.8417 0.0300 0.2370
0.8519 0.0461 0.2097
0.8685 0.0579 0.1836
0.8750 0.0665 0.1613
0.8944 0.0590 0.1315
0.9065 0.0837 0.1166
0.9213 0.1019 0.0918
0.9296 0.1137 0.0744
0.9472 0.1191 0.0521
0.9565 0.1448 0.0447
0.9722 0.1631 0.0273
0.9843 0.1717 0.0149
1.0000 0.1899 0.0000
