1.0000 0.0000 1.0000
0.9851 0.0154 0.9778
0.9752 0.0099 0.9657
0.9646 0.0287 0.9355
0.9554 0.0474 0.9073
0.9455 0.0617 0.8770
0.9391 0.0750 0.8548
0.9271 0.0816 0.8387
0.9186 0.0893 0.8286
0.9087 0.0948 0.8085
0.9009 0.1147 0.7863
0.8903 0.1268 0.7581
0.8804 0.1444 0.7440
0.8698 0.1577 0.7258
0.8599 0.1687 0.7198
0.8500 0.1786 0.6996
0.8379 0.2007 0.6774
0.8294 0.2139 0.6552
0.8217 0.2293 0.6431
0.8096 0.2448 0.6310
0.8011 0.2514 0.6290
0.7891 0.2602 0.6190
0.7806 0.2712 0.6109
0.7728 0.2955 0.5786
0.7594 0.3076 0.5827
0.7466 0.3197 0.5706
0.7360 0.3297 0.5766
0.7247 0.3440 0.5685
0.7162 0.3572 0.5504
0.7063 0.3749 0.5343
0.6971 0.3892 0.5302
0.6851 0.4024 0.5202
0.6752 0.4123 0.5222
0.6638 0.4234 0.5040
0.6553 0.4377 0.4960
0.6461 0.4465 0.4798
0.6348 0.4620 0.4859
0.6228 0.4741 0.4778
0.6100 0.4807 0.4798
0.6008 0.4895 0.4657
0.5874 0.5094 0.4577
0.5747 0.5270 0.4415
0.5612 0.5447 0.4375
0.5499 0.5568 0.4294
0.5379 0.5711 0.4315
0.5258 0.5821 0.4173
0.5131 0.5954 0.4133
0.4982 0.6152 0.4032
0.4869 0.6273 0.4032
0.4713 0.6329 0.4052
0.4593 0.6417 0.4133
0.4459 0.6527 0.4012
0.4352 0.6648 0.3911
0.4211 0.6770 0.3790
0.4084 0.6924 0.3790
0.3935 0.6946 0.3730
0.3843 0.7034 0.3710
0.3715 0.7122 0.3508
0.3595 0.7310 0.3528
0.3454 0.7376 0.3407
0.3326 0.7497 0.3327
0.3213 0.7607 0.3165
0.3107 0.7729 0.3105
0.2987 0.7883 0.2964
0.2916 0.7993 0.2923
0.2803 0.7993 0.2843
0.2732 0.8060 0.2843
0.2626 0.8115 0.2762
0.2555 0.8170 0.2722
0.2449 0.8269 0.2460
0.2378 0.8379 0.2419
0.2279 0.8390 0.2419
0.2201 0.8434 0.2500
0.2130 0.8490 0.2198
0.2024 0.8611 0.2016
0.1932 0.8699 0.1935
0.1861 0.8710 0.1996
0.1762 0.8622 0.2056
0.1699 0.8611 0.2056
0.1599 0.8699 0.1875
0.1529 0.8886 0.1633
0.1437 0.8986 0.1552
0.1373 0.9030 0.1633
0.1260 0.8942 0.1633
0.1196 0.9074 0.1532
0.1132 0.9217 0.1250
0.1047 0.9338 0.1190
0.0970 0.9372 0.1089
0.0892 0.9372 0.1129
0.0807 0.9316 0.1149
0.0736 0.9383 0.1008
0.0637 0.9625 0.0625
0.0552 0.9746 0.0524
0.0453 0.9713 0.0565
0.0389 0.9680 0.0605
0.0311 0.9746 0.0464
0.0226 0.9835 0.0302
0.0156 0.9923 0.0060
0.0078 1.0000 0.0081
0.0000 0.9967 0.0000
