1.0000 0.4753 0.0000
0.9707 0.5659 0.0313
0.9552 0.5989 0.0783
0.9285 0.6813 0.1110
0.9078 0.7005 0.1540
0.8794 0.7692 0.1828
0.8613 0.8049 0.2232
0.8320 0.8462 0.2559
0.8122 0.8736 0.2990
0.7855 0.9038 0.3329
0.7674 0.9478 0.3695
0.7442 0.9505 0.4047
0.7261 0.9835 0.4399
0.7020 0.9835 0.4739
0.6856 0.9808 0.5078
0.6641 0.9808 0.5366
0.6460 0.9918 0.5705
0.6227 0.9890 0.5992
0.6064 1.0000 0.6397
0.5866 0.9918 0.6606
0.5736 0.9808 0.6984
0.5530 0.9368 0.7232
0.5392 0.9121 0.7546
0.5254 0.8681 0.7728
0.5142 0.8571 0.7911
0.4910 0.8324 0.8120
0.4858 0.7637 0.8381
0.4677 0.7253 0.8564
0.4651 0.6676 0.8655
0.4488 0.6923 0.8708
0.4436 0.6401 0.8864
0.4281 0.5632 0.9034
0.4238 0.5192 0.9125
0.4117 0.4753 0.9073
0.4048 0.5192 0.9021
0.3910 0.4670 0.9112
0.3859 0.4121 0.9230
0.3747 0.3462 0.9295
0.3755 0.3214 0.9243
0.3626 0.3681 0.9086
0.3626 0.3297 0.9138
0.3480 0.2665 0.9164
0.3488 0.1868 0.9217
0.3385 0.1703 0.9138
0.3394 0.2225 0.8916
0.3316 0.2115 0.8877
0.3316 0.1648 0.8930
0.3213 0.1126 0.8943
0.3256 0.0632 0.8969
0.3196 0.1044 0.8734
0.3178 0.1319 0.8629
0.3058 0.1071 0.8603
0.3066 0.0632 0.8629
0.2946 0.0247 0.8668
0.2972 0.0055 0.8590
0.2877 0.0577 0.8473
0.2860 0.0604 0.8512
0.2765 0.0385 0.8551
0.2765 0.0192 0.8590
0.2670 0.0000 0.8590
0.2661 0.0220 0.8577
0.2541 0.0577 0.8525
0.2541 0.0495 0.8538
0.2429 0.0357 0.8590
0.2429 0.0330 0.8668
0.2326 0.0440 0.8655
0.2377 0.0604 0.8695
0.2308 0.0714 0.8721
0.2308 0.0852 0.8747
0.2248 0.0852 0.8734
0.2265 0.1016 0.8786
0.2179 0.0907 0.8799
0.2171 0.0852 0.8903
0.2084 0.1374 0.8812
0.2033 0.1593 0.8825
0.1921 0.1731 0.8851
0.1938 0.1703 0.8969
0.1809 0.1758 0.9008
0.1800 0.1868 0.9047
0.1662 0.2170 0.8995
0.1628 0.2418 0.9008
0.1525 0.2253 0.9086
0.1525 0.2363 0.9178
0.1370 0.2390 0.9178
0.1344 0.3049 0.9178
0.1214 0.3379 0.9178
0.1223 0.3242 0.9308
0.1102 0.3434 0.9321
0.1077 0.3544 0.9386
0.0922 0.3901 0.9373
0.0896 0.4011 0.9399
0.0784 0.4258 0.9439
0.0741 0.4615 0.9504
0.0577 0.4753 0.9582
0.0525 0.5137 0.9648
0.0405 0.5357 0.9674
0.0362 0.5522 0.9817
0.0215 0.5659 0.9869
0.0138 0.5852 0.9987
0.0000 0.6154 1.0000
