-154.0000 1.0000 0.9988
-150.5000 0.9893 1.0000
-152.0000 0.9920 0.9963
-150.5000 0.9920 0.9963
-150.0000 0.9707 0.9950
-148.5000 0.9467 0.9988
-148.5000 0.9253 0.9988
-146.0000 0.9093 0.9975
-146.0000 0.8987 0.9926
-142.0000 0.8853 0.9901
-141.5000 0.8480 0.9876
-138.5000 0.8347 0.9864
-136.0000 0.8027 0.9839
-132.0000 0.7787 0.9802
-131.0000 0.7760 0.9727
-127.5000 0.7707 0.9690
-128.0000 0.7360 0.9641
-124.5000 0.7093 0.9616
-122.5000 0.6693 0.9579
-118.5000 0.6507 0.9480
-116.5000 0.6560 0.9331
-112.0000 0.6507 0.9281
-109.5000 0.6053 0.9232
-107.0000 0.5973 0.9133
-102.5000 0.5627 0.9046
-98.0000 0.5467 0.8996
-95.0000 0.5493 0.8848
-89.0000 0.5520 0.8773
-87.5000 0.5307 0.8699
-83.5000 0.5093 0.8649
-80.5000 0.4987 0.8563
-76.5000 0.4693 0.8513
-73.0000 0.4480 0.8389
-67.5000 0.4640 0.8290
-66.5000 0.4267 0.8191
-63.5000 0.4160 0.8104
-61.5000 0.4080 0.7993
-56.5000 0.3893 0.7931
-55.5000 0.3467 0.7831
-51.0000 0.3413 0.7770
-49.5000 0.3547 0.7596
-48.0000 0.3467 0.7559
-46.5000 0.3387 0.7435
-44.5000 0.3227 0.7348
-43.5000 0.2907 0.7261
-40.0000 0.2533 0.7224
-38.5000 0.2427 0.7026
-35.0000 0.2453 0.6939
-34.5000 0.2347 0.6803
-30.5000 0.2320 0.6654
-28.5000 0.2267 0.6506
-26.0000 0.1867 0.6493
-24.0000 0.1547 0.6320
-20.0000 0.1680 0.6196
-19.5000 0.1813 0.6047
-16.0000 0.1760 0.5936
-13.5000 0.1573 0.5774
-10.0000 0.1227 0.5713
-10.5000 0.1093 0.5539
-8.0000 0.0960 0.5403
-8.0000 0.0853 0.5229
-6.0000 0.0773 0.5081
-5.0000 0.0720 0.4895
-2.5000 0.0667 0.4758
-1.0000 0.0427 0.4597
-0.0000 0.0507 0.4411
1.0000 0.0613 0.4226
3.0000 0.0533 0.4102
2.5000 0.0160 0.3953
5.0000 0.0000 0.3804
4.5000 0.0320 0.3581
7.0000 0.0160 0.3457
7.5000 0.0080 0.3309
8.0000 0.0133 0.3147
9.5000 0.0107 0.2962
10.5000 0.0080 0.2825
10.0000 0.0053 0.2652
12.5000 0.0133 0.2528
12.5000 0.0267 0.2317
14.0000 0.0480 0.2193
15.0000 0.0693 0.1995
17.0000 0.0773 0.1884
15.5000 0.0640 0.1760
17.5000 0.0853 0.1660
18.0000 0.0800 0.1524
21.0000 0.0907 0.1400
20.0000 0.1360 0.1202
22.5000 0.1547 0.1090
22.0000 0.1707 0.0991
24.5000 0.1787 0.0967
24.0000 0.2053 0.0843
25.5000 0.2293 0.0743
24.5000 0.2533 0.0607
26.5000 0.2693 0.0570
26.0000 0.2800 0.0446
26.5000 0.2987 0.0409
26.0000 0.3307 0.0297
27.0000 0.3493 0.0223
27.5000 0.3653 0.0099
27.5000 0.3947 0.0000
