1.0000 1.0000 0.0000
0.9953 0.9666 0.0135
0.9888 0.9332 0.0203
0.9822 0.9065 0.0355
0.9738 0.8753 0.0423
0.9681 0.8441 0.0491
0.9616 0.8107 0.0558
0.9550 0.7795 0.0643
0.9466 0.7572 0.0728
0.9381 0.7283 0.0846
0.9325 0.7082 0.0948
0.9231 0.6815 0.1066
0.9166 0.6637 0.1134
0.9063 0.6459 0.1218
0.8988 0.6236 0.1286
0.8913 0.6013 0.1387
0.8828 0.5947 0.1472
0.8735 0.5746 0.1574
0.8632 0.5412 0.1675
0.8538 0.5145 0.1743
0.8454 0.4811 0.1844
0.8351 0.4521 0.1878
0.8257 0.4232 0.2014
0.8172 0.3920 0.2047
0.8060 0.3764 0.2115
0.7938 0.3563 0.2217
0.7854 0.3341 0.2301
0.7723 0.3140 0.2403
0.7619 0.2984 0.2487
0.7479 0.2962 0.2589
0.7404 0.2806 0.2640
0.7273 0.2673 0.2690
0.7179 0.2517 0.2809
0.7067 0.2405 0.2860
0.6954 0.2249 0.2978
0.6842 0.2094 0.3046
0.6748 0.1871 0.3147
0.6617 0.1648 0.3147
0.6504 0.1381 0.3283
0.6392 0.1359 0.3266
0.6261 0.1114 0.3418
0.6129 0.0980 0.3452
0.6007 0.0935 0.3570
0.5876 0.0846 0.3689
0.5764 0.0757 0.3824
0.5623 0.0668 0.3841
0.5492 0.0512 0.4010
0.5342 0.0557 0.4027
0.5211 0.0401 0.4179
0.5070 0.0401 0.4264
0.4930 0.0356 0.4433
0.4817 0.0290 0.4484
0.4695 0.0178 0.4670
0.4536 0.0178 0.4721
0.4414 0.0111 0.4856
0.4264 0.0156 0.4907
0.4142 0.0067 0.5076
0.3993 0.0156 0.5178
0.3880 0.0045 0.5347
0.3711 0.0022 0.5431
0.3608 0.0022 0.5618
0.3430 0.0000 0.5668
0.3327 0.0045 0.5854
0.3168 0.0134 0.5922
0.3037 0.0156 0.6074
0.2915 0.0312 0.6142
0.2784 0.0379 0.6379
0.2634 0.0445 0.6430
0.2540 0.0468 0.6633
0.2409 0.0601 0.6684
0.2306 0.0646 0.6870
0.2193 0.0757 0.6904
0.2081 0.0757 0.7157
0.1996 0.0980 0.7157
0.1874 0.1069 0.7343
0.1743 0.1203 0.7411
0.1659 0.1180 0.7597
0.1537 0.1247 0.7631
0.1443 0.1336 0.7834
0.1321 0.1559 0.7902
0.1218 0.1759 0.8071
0.1134 0.2049 0.8173
0.1031 0.2249 0.8376
0.0928 0.2517 0.8477
0.0862 0.2584 0.8613
0.0787 0.2806 0.8697
0.0731 0.2962 0.8866
0.0647 0.3185 0.8883
0.0581 0.3363 0.9052
0.0515 0.3541 0.9120
0.0440 0.3831 0.9306
0.0366 0.4053 0.9374
0.0328 0.4209 0.9509
0.0281 0.4276 0.9560
0.0216 0.4388 0.9695
0.0169 0.4610 0.9695
0.0122 0.4788 0.9831
0.0084 0.5033 0.9865
0.0056 0.5256 0.9949
0.0000 0.5412 1.0000
