0.96363636 0.96268657 0.00000000
1.00000000 0.96268657 0.05882353
0.94545455 0.95522388 0.04411765
0.98181818 0.97761194 0.05882353
0.94545455 1.00000000 0.05882353
1.00000000 0.97761194 0.08823529
0.92727273 0.94776119 0.13235294
0.96363636 0.94776119 0.13235294
0.94545455 0.96268657 0.11764706
0.94545455 0.97761194 0.16176471
0.90909091 0.98507463 0.17647059
0.92727273 0.97761194 0.20588235
0.89090909 0.98507463 0.22058824
0.92727273 0.97761194 0.22058824
0.87272727 1.00000000 0.25000000
0.89090909 0.98507463 0.26470588
0.81818182 0.98507463 0.27941176
0.83636364 0.93283582 0.30882353
0.78181818 0.91044776 0.33823529
0.80000000 0.88059701 0.32352941
0.76363636 0.91044776 0.35294118
0.80000000 0.89552239 0.35294118
0.70909091 0.89552239 0.38235294
0.70909091 0.86567164 0.38235294
0.65454545 0.87313433 0.39705882
0.69090909 0.86567164 0.41176471
0.63636364 0.89552239 0.45588235
0.67272727 0.89552239 0.47058824
0.63636364 0.88805970 0.45588235
0.65454545 0.87313433 0.48529412
0.63636364 0.85074627 0.50000000
0.63636364 0.85074627 0.52941176
0.61818182 0.83582090 0.52941176
0.61818182 0.81343284 0.57352941
0.60000000 0.78358209 0.55882353
0.60000000 0.76119403 0.58823529
0.54545455 0.75373134 0.57352941
0.56363636 0.72388060 0.61764706
0.50909091 0.70149254 0.58823529
0.52727273 0.68656716 0.63235294
0.47272727 0.68656716 0.63235294
0.47272727 0.70149254 0.66176471
0.47272727 0.70149254 0.70588235
0.52727273 0.70895522 0.69117647
0.45454545 0.68656716 0.69117647
0.47272727 0.69402985 0.75000000
0.45454545 0.70895522 0.75000000
0.47272727 0.70895522 0.75000000
0.45454545 0.69402985 0.77941176
0.47272727 0.67164179 0.80882353
0.45454545 0.67910448 0.79411765
0.47272727 0.68656716 0.82352941
0.41818182 0.67910448 0.80882353
0.45454545 0.65671642 0.86764706
0.38181818 0.66417910 0.80882353
0.40000000 0.67164179 0.83823529
0.32727273 0.67164179 0.85294118
0.38181818 0.64179104 0.88235294
0.32727273 0.63432836 0.88235294
0.34545455 0.61194030 0.91176471
0.27272727 0.61194030 0.89705882
0.34545455 0.55970149 0.94117647
0.30909091 0.51492537 0.94117647
0.32727273 0.48507463 0.95588235
0.25454545 0.47761194 0.92647059
0.30909091 0.43283582 0.97058824
0.29090909 0.40298507 0.89705882
0.29090909 0.38805970 0.94117647
0.21818182 0.40298507 0.91176471
0.27272727 0.37313433 0.95588235
0.25454545 0.34328358 0.88235294
0.29090909 0.36567164 0.94117647
0.27272727 0.35820896 0.88235294
0.27272727 0.32835821 0.92647059
0.25454545 0.32089552 0.89705882
0.29090909 0.32835821 0.94117647
0.23636364 0.33582090 0.89705882
0.27272727 0.30597015 0.92647059
0.23636364 0.31343284 0.89705882
0.23636364 0.32835821 0.95588235
0.21818182 0.32835821 0.92647059
0.20000000 0.29104478 0.92647059
0.14545455 0.26865672 0.92647059
0.18181818 0.29104478 0.98529412
0.09090909 0.26865672 0.94117647
0.14545455 0.23880597 0.95588235
0.07272727 0.22388060 0.95588235
0.09090909 0.19402985 0.98529412
0.05454545 0.17164179 0.92647059
0.09090909 0.13432836 1.00000000
0.00000000 0.12686567 0.97058824
0.05454545 0.10447761 1.00000000
0.05454545 0.06716418 1.00000000
0.10909091 0.02238806 0.98529412
0.03636364 0.02985075 0.97058824
0.07272727 0.01492537 1.00000000
0.03636364 0.00000000 0.95588235
0.07272727 0.00000000 0.98529412
0.05454545 0.03731343 0.92647059
0.12727273 0.02238806 0.97058824
