0.96590909 0.52941176 0.21428571
1.00000000 0.35294118 0.21428571
0.95454545 0.41176471 0.14285714
0.98863636 0.29411765 0.14285714
0.94318182 0.35294118 0.28571429
0.97727273 0.17647059 0.14285714
0.94318182 0.23529412 0.21428571
0.98863636 0.11764706 0.21428571
0.93181818 0.17647059 0.21428571
1.00000000 0.05882353 0.28571429
0.95454545 0.05882353 0.28571429
0.98863636 0.00000000 0.21428571
0.92045455 0.11764706 0.50000000
1.00000000 0.29411765 0.14285714
0.93181818 0.29411765 0.21428571
0.97727273 0.29411765 0.14285714
0.92045455 0.41176471 0.21428571
0.96590909 0.47058824 0.00000000
0.90909091 0.41176471 0.14285714
0.94318182 0.35294118 0.07142857
0.90909091 0.41176471 0.14285714
0.95454545 0.23529412 0.07142857
0.89772727 0.23529412 0.07142857
0.95454545 0.11764706 0.07142857
0.88636364 0.29411765 0.14285714
0.93181818 0.11764706 0.07142857
0.86363636 0.17647059 0.00000000
0.92045455 0.23529412 0.07142857
0.85227273 0.17647059 0.07142857
0.90909091 0.35294118 0.21428571
0.82954545 0.47058824 0.14285714
0.89772727 0.35294118 0.21428571
0.82954545 0.35294118 0.14285714
0.92045455 0.35294118 0.14285714
0.80681818 0.35294118 0.14285714
0.88636364 0.29411765 0.21428571
0.80681818 0.35294118 0.14285714
0.88636364 0.35294118 0.14285714
0.77272727 0.41176471 0.21428571
0.85227273 0.35294118 0.21428571
0.76136364 0.35294118 0.28571429
0.80681818 0.29411765 0.35714286
0.75000000 0.35294118 0.28571429
0.80681818 0.23529412 0.21428571
0.70454545 0.29411765 0.57142857
0.78409091 0.05882353 0.35714286
0.70454545 0.17647059 0.50000000
0.76136364 0.17647059 0.35714286
0.65909091 0.29411765 0.50000000
0.73863636 0.23529412 0.35714286
0.63636364 0.35294118 0.50000000
0.70454545 0.35294118 0.35714286
0.61363636 0.41176471 0.42857143
0.68181818 0.17647059 0.35714286
0.59090909 0.35294118 0.42857143
0.65909091 0.35294118 0.42857143
0.57954545 0.47058824 0.57142857
0.62500000 0.35294118 0.35714286
0.53409091 0.58823529 0.42857143
0.59090909 0.58823529 0.50000000
0.50000000 0.52941176 0.57142857
0.56818182 0.47058824 0.35714286
0.48863636 0.58823529 0.71428571
0.59090909 0.58823529 0.50000000
0.46590909 0.64705882 0.57142857
0.53409091 0.64705882 0.50000000
0.43181818 0.82352941 0.71428571
0.48863636 0.88235294 0.50000000
0.38636364 0.94117647 0.64285714
0.46590909 0.82352941 0.57142857
0.36363636 0.94117647 0.71428571
0.45454545 0.82352941 0.71428571
0.36363636 0.94117647 0.85714286
0.42045455 0.82352941 0.64285714
0.32954545 0.88235294 0.71428571
0.37500000 0.94117647 0.64285714
0.30681818 0.76470588 0.78571429
0.36363636 0.47058824 0.64285714
0.30681818 0.58823529 0.71428571
0.35227273 0.64705882 0.64285714
0.27272727 0.70588235 0.78571429
0.32954545 0.64705882 0.64285714
0.25000000 0.58823529 0.85714286
0.31818182 0.52941176 0.71428571
0.22727273 0.64705882 0.85714286
0.29545455 0.70588235 0.78571429
0.21590909 1.00000000 0.85714286
0.26136364 0.94117647 0.85714286
0.17045455 1.00000000 0.85714286
0.25000000 0.88235294 0.92857143
0.15909091 0.64705882 0.92857143
0.23863636 0.64705882 0.85714286
0.13636364 0.94117647 0.78571429
0.17045455 1.00000000 0.78571429
0.09090909 0.82352941 1.00000000
0.14772727 0.76470588 0.71428571
0.05681818 0.58823529 0.85714286
0.11363636 0.64705882 0.71428571
0.00000000 0.88235294 0.64285714
0.05681818 0.82352941 0.71428571
