0.00000000 1.00000000 1.00000000
0.00687930 0.98377029 0.98533724
0.01688555 0.97128589 0.96774194
0.02439024 0.95380774 0.95307918
0.03689806 0.93882647 0.93841642
0.04565353 0.91885144 0.92668622
0.05628518 0.90262172 0.91055718
0.06441526 0.88264669 0.89736070
0.07817386 0.86766542 0.88416422
0.08692933 0.85018727 0.87096774
0.09943715 0.83520599 0.85630499
0.10881801 0.81772784 0.84310850
0.12132583 0.80274657 0.82991202
0.13070669 0.78776529 0.81671554
0.14258912 0.76903870 0.79912023
0.15071920 0.76279650 0.79032258
0.16260163 0.75655431 0.77712610
0.17073171 0.74032459 0.76246334
0.18073796 0.72908864 0.74926686
0.18636648 0.72284644 0.73900293
0.19637273 0.72034956 0.72140762
0.20137586 0.71785268 0.71114370
0.21013133 0.71036205 0.69941349
0.21826141 0.70661673 0.68181818
0.22639149 0.69662921 0.66862170
0.23264540 0.69538077 0.65982405
0.24140088 0.69413233 0.64662757
0.24702939 0.69288390 0.63636364
0.25828643 0.69163546 0.62463343
0.26516573 0.68913858 0.61583578
0.27579737 0.67790262 0.60557185
0.28330206 0.67166042 0.59530792
0.29455910 0.66292135 0.58357771
0.30268918 0.65543071 0.57331378
0.31332083 0.64294632 0.55865103
0.32332708 0.62546816 0.54252199
0.33708568 0.60424469 0.53079179
0.34646654 0.59176030 0.52052786
0.35897436 0.57428215 0.50439883
0.37023139 0.56304619 0.49706745
0.38336460 0.54931336 0.48093842
0.39524703 0.53682896 0.47800587
0.41025641 0.52059925 0.46774194
0.41963727 0.50436954 0.45747801
0.43214509 0.49188514 0.44721408
0.44277674 0.48064919 0.44134897
0.45465916 0.46816479 0.42815249
0.46529081 0.45318352 0.41788856
0.47592245 0.43320849 0.40175953
0.48655410 0.41697878 0.39442815
0.49656035 0.40199750 0.38269795
0.50656660 0.38826467 0.37096774
0.51532208 0.37952559 0.35923754
0.52595372 0.36953808 0.35043988
0.53533458 0.36454432 0.34164223
0.54534084 0.34956305 0.33577713
0.55472170 0.34581773 0.32991202
0.56160100 0.33583021 0.32404692
0.57035647 0.33458177 0.31524927
0.57848655 0.33083645 0.31085044
0.58661664 0.32459426 0.30205279
0.59599750 0.31960050 0.29618768
0.60600375 0.30836454 0.28445748
0.61475922 0.30212235 0.27859238
0.62476548 0.29338327 0.27272727
0.63352095 0.29213483 0.26246334
0.64290181 0.28464419 0.25659824
0.65228268 0.28464419 0.24926686
0.66041276 0.27091136 0.23900293
0.66979362 0.26466916 0.23020528
0.67917448 0.25717853 0.22287390
0.68730457 0.25093633 0.21700880
0.69793621 0.24094881 0.21114370
0.70981864 0.23845194 0.19501466
0.71794872 0.22347066 0.18768328
0.72670419 0.21098627 0.17741935
0.73733583 0.19725343 0.16715543
0.74796748 0.18851436 0.16129032
0.75859912 0.18601748 0.15102639
0.76985616 0.17602996 0.14516129
0.77986241 0.16978777 0.13636364
0.79237023 0.15480649 0.13343109
0.80487805 0.15480649 0.12609971
0.81801126 0.13982522 0.12316716
0.82926829 0.13982522 0.11436950
0.84115072 0.12734082 0.10703812
0.85178236 0.11860175 0.09824047
0.86554096 0.10736579 0.09237537
0.87742339 0.08988764 0.08357771
0.88868043 0.08114856 0.07771261
0.89993746 0.06741573 0.06451613
0.91244528 0.06117353 0.05571848
0.92370231 0.05118602 0.04692082
0.93495935 0.04244694 0.04252199
0.94621639 0.02871411 0.03225806
0.95684803 0.01997503 0.02639296
0.96810507 0.01498127 0.02052786
0.97936210 0.01373283 0.01466276
0.98874296 0.01123596 0.00439883
1.00000000 0.00000000 0.00000000
