0.0000 -109.3846 0.0000
0.0026 -112.0000 0.0029
0.0058 -112.0000 0.0147
0.0084 -112.3077 0.0250
0.0117 -112.5385 0.0338
0.0136 -113.7692 0.0382
0.0162 -114.4615 0.0471
0.0185 -114.0769 0.0588
0.0205 -114.6154 0.0640
0.0237 -113.8462 0.0706
0.0237 -115.6923 0.0713
0.0270 -114.7692 0.0801
0.0273 -115.0769 0.0831
0.0286 -115.2308 0.0882
0.0302 -116.6154 0.0890
0.0338 -116.5385 0.0956
0.0351 -116.9231 0.0956
0.0370 -117.3846 0.0978
0.0387 -118.3077 0.0985
0.0413 -118.9231 0.0949
0.0429 -119.5385 0.0978
0.0442 -120.2308 0.1029
0.0442 -121.3077 0.1044
0.0474 -121.9231 0.1044
0.0500 -123.3846 0.1088
0.0530 -123.6154 0.1154
0.0536 -124.4615 0.1169
0.0549 -125.2308 0.1228
0.0588 -125.8462 0.1213
0.0601 -127.3846 0.1250
0.0637 -127.4615 0.1353
0.0669 -129.0769 0.1382
0.0721 -128.0769 0.1485
0.0780 -130.6923 0.1441
0.0803 -130.7692 0.1529
0.0832 -131.3846 0.1603
0.0858 -132.2308 0.1684
0.0916 -133.0000 0.1706
0.0946 -135.7692 0.1684
0.0988 -136.3846 0.1838
0.1027 -136.5385 0.1904
0.1069 -136.8462 0.2037
0.1144 -138.0000 0.2015
0.1199 -140.0000 0.2088
0.1241 -139.7692 0.2191
0.1284 -141.3846 0.2279
0.1352 -141.3077 0.2301
0.1436 -142.8462 0.2324
0.1501 -143.9231 0.2419
0.1583 -143.8462 0.2507
0.1654 -145.0769 0.2588
0.1748 -146.1538 0.2566
0.1839 -147.6154 0.2588
0.1943 -147.8462 0.2676
0.2028 -148.5385 0.2743
0.2138 -149.2308 0.2846
0.2281 -151.9231 0.2757
0.2418 -154.3846 0.2824
0.2577 -155.3077 0.2904
0.2743 -157.6154 0.2978
0.2944 -157.7692 0.3051
0.3178 -162.0000 0.3044
0.3445 -164.1538 0.3110
0.3741 -166.7692 0.3221
0.4079 -169.0769 0.3353
0.4501 -171.8462 0.3507
0.4956 -174.0000 0.3713
0.5460 -176.3077 0.4022
0.6012 -177.9231 0.4301
0.6614 -177.7692 0.4713
0.7231 -176.5385 0.5228
0.7845 -173.3077 0.5824
0.8424 -168.0000 0.6478
0.8983 -160.7692 0.7199
0.9477 -151.3846 0.7846
0.9812 -138.6923 0.8529
0.9981 -122.7692 0.9206
1.0000 -105.2308 0.9669
0.9873 -86.5385 0.9919
0.9597 -68.9231 1.0000
0.9126 -51.7692 0.9934
0.8528 -35.3077 0.9750
0.7881 -22.6154 0.9397
0.7231 -11.4615 0.8846
0.6513 -5.4615 0.8265
0.5830 -0.8462 0.7699
0.5164 1.0000 0.7103
0.4556 2.9231 0.6544
0.4007 2.5385 0.5949
0.3523 -0.0000 0.5478
0.3071 -1.3077 0.5037
0.2681 -5.2308 0.4662
0.2330 -6.6154 0.4279
0.2038 -10.4615 0.3978
0.1752 -13.0000 0.3706
0.1505 -14.9231 0.3471
0.1274 -17.9231 0.3221
0.1098 -19.9231 0.2978
0.0907 -23.6154 0.2750
0.0770 -25.4615 0.2610
