0.50000000 0.95744681 0.62500000
0.83333333 0.95744681 0.50000000
0.83333333 0.93617021 0.50000000
0.66666667 0.95744681 0.62500000
1.00000000 0.95744681 0.62500000
0.66666667 0.97872340 0.37500000
0.66666667 0.97872340 0.50000000
0.50000000 0.95744681 0.62500000
0.83333333 0.95744681 0.62500000
0.50000000 1.00000000 0.62500000
0.83333333 1.00000000 0.37500000
0.66666667 0.97872340 0.50000000
0.83333333 1.00000000 0.50000000
0.66666667 0.93617021 0.62500000
0.83333333 1.00000000 0.50000000
0.50000000 0.97872340 0.37500000
0.50000000 0.95744681 0.50000000
0.83333333 0.95744681 0.37500000
0.83333333 1.00000000 0.37500000
0.66666667 0.95744681 0.25000000
0.50000000 0.93617021 0.25000000
0.66666667 0.91489362 0.12500000
0.66666667 0.91489362 0.87500000
1.00000000 0.97872340 0.37500000
0.83333333 0.97872340 0.25000000
0.50000000 0.91489362 0.12500000
0.83333333 0.93617021 0.25000000
0.50000000 0.89361702 0.25000000
0.50000000 0.89361702 0.37500000
0.83333333 0.82978723 0.25000000
0.50000000 0.82978723 0.37500000
0.50000000 0.76595745 0.37500000
0.66666667 0.80851064 0.37500000
0.50000000 0.76595745 0.12500000
0.66666667 0.80851064 0.50000000
0.83333333 0.74468085 0.25000000
1.00000000 0.74468085 0.37500000
0.50000000 0.74468085 0.00000000
0.83333333 0.72340426 0.37500000
0.83333333 0.68085106 0.37500000
0.50000000 0.70212766 0.62500000
0.83333333 0.63829787 0.37500000
0.66666667 0.61702128 0.75000000
0.83333333 0.61702128 0.37500000
0.66666667 0.59574468 0.75000000
0.83333333 0.57446809 0.50000000
0.83333333 0.59574468 0.75000000
0.50000000 0.57446809 0.50000000
0.66666667 0.55319149 0.62500000
0.50000000 0.53191489 0.62500000
0.66666667 0.53191489 0.37500000
0.33333333 0.53191489 0.62500000
0.33333333 0.48936170 0.50000000
0.50000000 0.44680851 0.50000000
0.33333333 0.42553191 0.75000000
0.50000000 0.42553191 0.62500000
0.33333333 0.44680851 0.75000000
0.33333333 0.38297872 0.50000000
0.50000000 0.38297872 0.62500000
0.33333333 0.40425532 0.50000000
0.16666667 0.36170213 0.50000000
0.33333333 0.36170213 0.62500000
0.16666667 0.36170213 0.50000000
0.00000000 0.34042553 0.75000000
0.16666667 0.29787234 0.75000000
0.50000000 0.25531915 0.50000000
0.33333333 0.27659574 0.75000000
0.00000000 0.25531915 0.50000000
0.16666667 0.25531915 0.37500000
0.16666667 0.25531915 0.37500000
0.33333333 0.29787234 0.50000000
0.16666667 0.25531915 0.37500000
0.33333333 0.17021277 1.00000000
0.50000000 0.23404255 0.37500000
0.33333333 0.21276596 0.37500000
0.33333333 0.19148936 0.37500000
0.33333333 0.19148936 0.50000000
0.33333333 0.19148936 0.25000000
0.50000000 0.17021277 0.37500000
0.16666667 0.14893617 0.25000000
0.00000000 0.19148936 0.25000000
0.33333333 0.08510638 0.25000000
0.33333333 0.10638298 0.37500000
0.33333333 0.08510638 0.25000000
0.50000000 0.10638298 0.25000000
0.33333333 0.08510638 0.12500000
0.00000000 0.08510638 0.50000000
0.33333333 0.06382979 0.25000000
0.50000000 0.06382979 0.50000000
0.33333333 0.06382979 0.37500000
0.16666667 0.02127660 0.25000000
0.33333333 0.04255319 0.25000000
0.50000000 0.04255319 0.37500000
0.33333333 0.00000000 0.50000000
0.33333333 0.04255319 0.50000000
0.33333333 0.00000000 0.37500000
0.33333333 0.00000000 0.37500000
0.66666667 0.04255319 0.37500000
0.66666667 0.02127660 0.50000000
0.66666667 0.00000000 0.37500000
