1.00000000 0.74816626 0.00000000
0.98904110 0.74572127 0.01543210
0.97260274 0.75794621 0.03703704
0.94246575 0.78239609 0.03395062
0.93424658 0.79706601 0.05555556
0.90684932 0.78973105 0.06790123
0.88493151 0.78973105 0.09259259
0.85479452 0.82640587 0.09876543
0.82465753 0.85819071 0.10802469
0.79452055 0.88997555 0.12037037
0.76712329 0.89242054 0.15740741
0.73972603 0.88508557 0.18827160
0.70410959 0.91198044 0.20679012
0.67123288 0.92176039 0.21296296
0.64931507 0.94376528 0.24074074
0.60547945 0.94865526 0.26543210
0.58630137 0.95110024 0.29320988
0.55068493 0.94865526 0.31481481
0.52054795 0.96088020 0.34259259
0.48493151 0.99022005 0.35802469
0.47123288 1.00000000 0.38580247
0.44109589 0.98044010 0.42283951
0.42191781 0.98288509 0.46296296
0.38082192 0.98777506 0.47222222
0.37260274 0.99511002 0.49074074
0.34520548 1.00000000 0.50617284
0.32876712 0.99511002 0.53703704
0.30410959 0.97310513 0.55246914
0.29041096 0.98044010 0.58024691
0.26027397 0.97066015 0.60493827
0.24931507 0.97799511 0.62654321
0.22739726 0.97555012 0.64197531
0.21917808 0.96577017 0.66666667
0.20000000 0.95110024 0.68518519
0.20273973 0.94132029 0.70987654
0.18082192 0.92176039 0.72530864
0.17808219 0.91931540 0.73456790
0.16712329 0.91198044 0.74074074
0.16986301 0.88997555 0.76234568
0.15616438 0.87775061 0.77160494
0.16164384 0.86552567 0.78395062
0.15342466 0.84352078 0.79938272
0.16712329 0.83374083 0.82716049
0.16712329 0.84596577 0.81481481
0.18630137 0.83374083 0.83024691
0.16986301 0.82885086 0.83641975
0.18904110 0.82885086 0.84876543
0.19178082 0.78484108 0.86728395
0.20821918 0.75794621 0.88271605
0.19178082 0.76528117 0.87345679
0.21369863 0.76772616 0.87345679
0.19452055 0.78239609 0.87037037
0.21643836 0.78728606 0.87345679
0.20547945 0.75305623 0.89197531
0.22191781 0.69437653 0.92901235
0.20273973 0.70660147 0.91358025
0.23287671 0.73349633 0.91358025
0.22465753 0.73594132 0.92283951
0.24383562 0.71882641 0.93209877
0.23561644 0.70171149 0.92901235
0.25205479 0.65525672 0.96913580
0.23561644 0.63569682 0.95679012
0.25479452 0.64547677 0.94753086
0.24109589 0.65770171 0.94444444
0.25479452 0.63814181 0.95061728
0.24109589 0.62102689 0.95061728
0.26301370 0.60146699 0.96913580
0.24109589 0.54767726 0.99382716
0.26301370 0.55745721 0.98765432
0.24657534 0.56479218 0.97530864
0.26575342 0.55256724 0.98456790
0.24657534 0.54278729 0.98148148
0.26301370 0.49877751 0.99074074
0.24383562 0.47188264 0.98765432
0.25479452 0.44009780 1.00000000
0.22739726 0.42053790 0.99074074
0.23835616 0.42053790 0.99074074
0.22191781 0.40097800 0.98148148
0.22191781 0.39119804 0.98456790
0.20000000 0.36674817 0.98765432
0.20273973 0.33985330 0.99382716
0.17534247 0.32273839 0.98765432
0.18630137 0.29339853 0.99382716
0.15890411 0.29339853 0.98765432
0.16438356 0.28361858 0.99074074
0.14246575 0.25672372 0.97839506
0.14246575 0.22982885 0.97530864
0.11506849 0.20537897 0.97530864
0.12328767 0.18337408 0.97222222
0.09041096 0.15892421 0.96604938
0.09041096 0.13936430 0.95987654
0.06027397 0.13691932 0.93827160
0.06849315 0.11491443 0.93827160
0.04931507 0.09046455 0.92283951
0.04657534 0.06845966 0.91975309
0.03013699 0.06112469 0.90123457
0.04383562 0.04400978 0.89814815
0.01917808 0.01955990 0.88888889
0.02191781 0.00244499 0.87962963
0.00000000 0.00000000 0.85493827
