1.00000000 0.15873016 0.02586207
0.97560976 0.03174603 0.00862069
0.95392954 0.00000000 0.01724138
0.92411924 0.07936508 0.00000000
0.89972900 0.23015873 0.00862069
0.86449864 0.22222222 0.00000000
0.84552846 0.19841270 0.00862069
0.82113821 0.10317460 0.00000000
0.79132791 0.15079365 0.03448276
0.76151762 0.26190476 0.02586207
0.73170732 0.38095238 0.05172414
0.70460705 0.38888889 0.04310345
0.68563686 0.34126984 0.11206897
0.67208672 0.20634921 0.06034483
0.63414634 0.22222222 0.09482759
0.60975610 0.31746032 0.11206897
0.57723577 0.34920635 0.11206897
0.55284553 0.38095238 0.11206897
0.53387534 0.34126984 0.12931034
0.50406504 0.29365079 0.11206897
0.47696477 0.33333333 0.16379310
0.44444444 0.46031746 0.16379310
0.41463415 0.55555556 0.19827586
0.39566396 0.56349206 0.19827586
0.36856369 0.49206349 0.23275862
0.35501355 0.38095238 0.20689655
0.31707317 0.40476190 0.26724138
0.30894309 0.53968254 0.24137931
0.27371274 0.57142857 0.29310345
0.25203252 0.57936508 0.28448276
0.22493225 0.54761905 0.31896552
0.21409214 0.55555556 0.31034483
0.18970190 0.61904762 0.38793103
0.18699187 0.70634921 0.36206897
0.15447154 0.70634921 0.40517241
0.14905149 0.67460317 0.37931034
0.13550136 0.68253968 0.43103448
0.13008130 0.74603175 0.41379310
0.11382114 0.80952381 0.48275862
0.10569106 0.82539683 0.40517241
0.08401084 0.83333333 0.46551724
0.08672087 0.84126984 0.43103448
0.07317073 0.87301587 0.52586207
0.07588076 0.88888889 0.48275862
0.05149051 0.90476190 0.55172414
0.04336043 0.84920635 0.49137931
0.03252033 0.87301587 0.59482759
0.04065041 0.88095238 0.50862069
0.02710027 0.90476190 0.63793103
0.01626016 0.87301587 0.52586207
0.00000000 0.96825397 0.63793103
0.00542005 0.95238095 0.55172414
0.02168022 0.91269841 0.72413793
0.01626016 0.85714286 0.60344828
0.00813008 0.87301587 0.72413793
0.00542005 0.95238095 0.60344828
0.01897019 0.99206349 0.78448276
0.02710027 0.90476190 0.63793103
0.02168022 0.98412698 0.80172414
0.00271003 0.92857143 0.62068966
0.00542005 1.00000000 0.82758621
0.02168022 0.97619048 0.66379310
0.03252033 0.83333333 0.89655172
0.03252033 0.84920635 0.66379310
0.01897019 0.92063492 0.86206897
0.01897019 0.97619048 0.65517241
0.03252033 0.90476190 0.93965517
0.03252033 0.92857143 0.68965517
0.02710027 0.92063492 0.90517241
0.02439024 0.93650794 0.67241379
0.04065041 0.91269841 0.95689655
0.05691057 0.85714286 0.68965517
0.06504065 0.81746032 0.96551724
0.05962060 0.87301587 0.68965517
0.06504065 0.86507937 0.97413793
0.07859079 0.91269841 0.69827586
0.08401084 0.76190476 1.00000000
0.08943089 0.92063492 0.66379310
0.07859079 0.76190476 0.96551724
0.08130081 0.96031746 0.67241379
0.08943089 0.75396825 0.98275862
0.10298103 0.84126984 0.69827586
0.09485095 0.64285714 0.98275862
0.09756098 0.85714286 0.70689655
0.08943089 0.66666667 0.98275862
0.11382114 0.83333333 0.71551724
0.10569106 0.63492063 0.98275862
0.10569106 0.89682540 0.71551724
0.09485095 0.59523810 0.95689655
0.10298103 0.88888889 0.72413793
0.11653117 0.58730159 0.95689655
0.13279133 0.76984127 0.74137931
0.11924119 0.50000000 0.92241379
0.13008130 0.80952381 0.73275862
0.13008130 0.53968254 0.91379310
0.15176152 0.80158730 0.77586207
0.13821138 0.47619048 0.88793103
0.14634146 0.77777778 0.75862069
0.13550136 0.45238095 0.86206897
0.16531165 0.73015873 0.79310345
