0.4000 0.7647 0.6667
0.8000 0.7647 0.5000
0.6000 0.7647 0.6667
0.8000 0.7647 0.6667
0.6000 0.6471 0.3333
0.6000 0.7647 0.5000
0.8000 0.7059 0.5000
0.8000 0.8235 0.1667
0.8000 0.8235 0.6667
0.6000 0.8824 0.5000
0.6000 0.8824 0.3333
0.8000 0.8824 0.3333
0.8000 0.8824 0.1667
0.8000 1.0000 0.1667
1.0000 0.7647 0.3333
0.8000 0.8824 0.3333
0.6000 0.8824 0.5000
0.6000 0.8824 0.3333
0.6000 0.7647 0.5000
0.6000 0.8235 0.5000
0.2000 0.8235 0.5000
0.8000 0.8824 0.5000
0.8000 0.7647 0.5000
0.6000 0.8824 0.3333
0.6000 0.7059 0.6667
0.4000 0.8235 0.5000
0.4000 0.7059 0.5000
0.4000 0.8235 0.5000
0.6000 0.7647 0.5000
0.4000 0.8824 0.3333
0.6000 0.8235 0.5000
0.8000 0.6471 0.5000
-0.0000 0.7647 1.0000
-0.0000 0.7647 0.3333
0.4000 0.8235 0.8333
0.8000 0.8235 0.3333
0.6000 0.6471 0.5000
0.6000 0.7647 0.3333
0.8000 0.7059 0.5000
0.6000 0.7059 0.5000
0.8000 0.7647 0.3333
0.6000 1.0000 0.5000
1.0000 0.8824 0.1667
0.4000 0.8824 0.5000
0.6000 0.8235 0.3333
0.6000 0.8235 0.1667
0.6000 0.7059 0.5000
0.6000 0.7647 0.3333
0.4000 0.7059 0.6667
0.4000 0.6471 0.5000
0.8000 0.7059 0.6667
0.4000 0.5882 0.3333
0.4000 0.5882 0.5000
0.4000 0.5294 0.1667
0.4000 0.5882 0.3333
0.6000 0.6471 0.5000
0.4000 0.6471 0.3333
0.6000 0.7647 0.3333
1.0000 0.7059 0.5000
0.8000 0.7059 0.1667
0.6000 0.7059 0.3333
0.6000 0.7647 0.0000
0.8000 0.7647 0.0000
0.8000 0.7647 0.1667
1.0000 0.7059 0.1667
0.8000 0.6471 0.0000
0.2000 0.5294 0.1667
0.6000 0.7059 0.1667
0.4000 0.5294 0.1667
0.8000 0.5294 0.0000
0.4000 0.5882 0.1667
0.6000 0.5294 0.0000
0.4000 0.4118 0.1667
0.8000 0.5294 0.1667
0.6000 0.5294 0.1667
1.0000 0.5882 0.1667
0.4000 0.5294 0.1667
0.6000 0.5882 0.1667
0.4000 0.5882 0.5000
0.6000 0.5882 0.0000
0.6000 0.4118 0.3333
0.8000 0.5882 0.1667
0.6000 0.6471 1.0000
0.2000 0.5294 0.3333
0.6000 0.6471 0.1667
0.8000 0.7059 0.1667
0.6000 0.7059 0.5000
0.4000 0.7647 0.6667
0.4000 0.8824 0.8333
0.6000 0.7647 0.8333
0.2000 0.5294 0.8333
0.6000 0.3529 0.6667
0.4000 0.2941 0.8333
0.4000 0.3529 0.3333
0.2000 0.1176 0.6667
0.4000 -0.0000 0.1667
0.2000 0.1765 0.5000
0.6000 0.2941 0.5000
0.2000 0.3529 0.5000
0.6000 0.5294 0.3333
