0.58823529 1.00000000 0.00000000
0.60588235 0.98725637 0.00914634
0.61764706 0.97676162 0.01676829
0.63235294 0.97001499 0.02439024
0.64411765 0.96176912 0.03506098
0.65882353 0.95502249 0.04115854
0.67058824 0.94677661 0.05335366
0.68235294 0.93853073 0.06250000
0.69411765 0.93103448 0.07164634
0.70294118 0.92128936 0.07774390
0.70882353 0.91229385 0.08536585
0.71764706 0.90854573 0.09451220
0.72352941 0.90029985 0.10975610
0.73235294 0.88830585 0.11890244
0.74117647 0.87706147 0.12957317
0.75294118 0.87256372 0.13719512
0.76470588 0.86056972 0.14786585
0.77647059 0.85457271 0.15701220
0.78529412 0.84482759 0.17073171
0.79411765 0.84032984 0.18597561
0.80588235 0.82683658 0.19664634
0.81764706 0.81709145 0.20731707
0.82352941 0.80884558 0.21951220
0.83823529 0.80059970 0.23018293
0.84411765 0.78860570 0.24695122
0.85588235 0.78035982 0.25914634
0.86176471 0.76761619 0.27743902
0.87352941 0.75637181 0.29115854
0.88235294 0.74587706 0.30335366
0.88529412 0.73763118 0.31707317
0.90294118 0.72563718 0.32621951
0.90588235 0.71889055 0.33841463
0.91470588 0.70839580 0.36128049
0.94411765 0.69940030 0.36280488
0.94117647 0.69265367 0.37957317
0.93823529 0.68140930 0.39176829
0.95000000 0.67016492 0.40548780
0.95000000 0.66191904 0.41463415
0.96176471 0.64692654 0.42530488
0.96470588 0.63868066 0.43597561
0.97352941 0.62593703 0.44969512
0.97941176 0.61244378 0.45884146
0.98529412 0.60044978 0.47408537
0.98529412 0.58545727 0.48475610
0.98529412 0.57571214 0.49542683
0.99117647 0.56596702 0.50304878
0.98823529 0.55247376 0.51067073
0.99117647 0.54647676 0.51981707
0.99117647 0.53598201 0.52896341
0.99117647 0.52623688 0.53963415
0.99117647 0.51574213 0.54725610
1.00000000 0.50449775 0.55945122
0.99705882 0.49400300 0.56707317
0.99705882 0.48575712 0.57621951
0.99411765 0.47001499 0.58079268
0.99117647 0.46251874 0.58993902
0.97941176 0.45427286 0.59603659
0.97941176 0.44377811 0.60975610
0.97058824 0.43028486 0.61890244
0.96470588 0.41529235 0.62804878
0.96176471 0.40254873 0.63567073
0.94411765 0.39355322 0.64481707
0.93823529 0.38155922 0.65243902
0.92352941 0.37181409 0.65853659
0.90588235 0.36281859 0.66615854
0.89705882 0.35382309 0.68292683
0.88235294 0.34407796 0.68597561
0.86764706 0.33358321 0.69664634
0.85882353 0.32158921 0.70426829
0.85000000 0.31334333 0.71189024
0.83235294 0.30134933 0.71646341
0.81176471 0.28935532 0.72865854
0.79117647 0.27961019 0.73323171
0.77058824 0.26611694 0.74695122
0.75000000 0.25337331 0.75000000
0.72647059 0.24137931 0.76676829
0.70294118 0.22563718 0.76676829
0.68235294 0.21364318 0.78201220
0.65294118 0.20239880 0.78353659
0.63235294 0.18890555 0.79573171
0.60294118 0.18290855 0.80335366
0.57352941 0.17016492 0.81250000
0.54117647 0.16266867 0.82774390
0.53235294 0.15217391 0.83689024
0.49411765 0.13943028 0.83841463
0.47352941 0.12893553 0.85518293
0.43823529 0.11919040 0.85670732
0.41176471 0.10644678 0.87195122
0.37647059 0.09970015 0.87804878
0.34705882 0.08845577 0.89176829
0.30588235 0.07871064 0.89939024
0.27647059 0.06746627 0.91463415
0.25000000 0.05547226 0.91768293
0.21176471 0.04422789 0.93445122
0.17058824 0.03598201 0.93750000
0.14411765 0.02548726 0.95274390
0.10588235 0.02098951 0.96036585
0.06764706 0.00974513 0.97865854
0.02941176 0.00749625 0.98170732
0.00000000 0.00000000 1.00000000
