0.0027 0.9925 0.9894
0.0000 1.0000 0.9947
0.0219 0.9427 1.0000
0.0301 0.9442 0.9973
0.0383 0.9080 0.9920
0.0355 0.8688 0.9947
0.0546 0.8658 0.9947
0.0492 0.8808 0.9947
0.0656 0.8793 0.9920
0.0847 0.8416 1.0000
0.0984 0.8446 0.9894
0.1011 0.8265 0.9867
0.1202 0.7798 0.9841
0.1175 0.8235 0.9841
0.1339 0.8235 0.9735
0.1257 0.7919 0.9841
0.1585 0.7768 0.9735
0.1612 0.7602 0.9708
0.1749 0.7391 0.9682
0.1858 0.7360 0.9682
0.2131 0.7587 0.9602
0.2104 0.7541 0.9682
0.2541 0.7134 0.9788
0.2732 0.7376 0.9629
0.2896 0.6833 0.9602
0.2842 0.6606 0.9602
0.3087 0.6968 0.9496
0.3169 0.6923 0.9523
0.3224 0.6742 0.9549
0.3497 0.6486 0.9469
0.3661 0.6410 0.9496
0.3634 0.6154 0.9443
0.3907 0.6078 0.9443
0.3907 0.6425 0.9416
0.4044 0.6214 0.9416
0.4344 0.5747 0.9284
0.4536 0.5777 0.9231
0.4481 0.5460 0.9125
0.4645 0.5083 0.9045
0.4672 0.5324 0.8966
0.4727 0.5324 0.8859
0.4863 0.4932 0.8753
0.5000 0.5038 0.8727
0.4945 0.4676 0.8515
0.5164 0.4118 0.8408
0.5191 0.4268 0.8302
0.5273 0.4329 0.8196
0.5437 0.4027 0.8064
0.5574 0.4103 0.7958
0.5628 0.3710 0.7666
0.5656 0.3077 0.7533
0.5628 0.3137 0.7427
0.5656 0.3167 0.7268
0.5656 0.3017 0.7188
0.5820 0.2986 0.6976
0.5874 0.2760 0.6764
0.5874 0.2368 0.6631
0.5847 0.2006 0.6525
0.5902 0.2202 0.6366
0.5847 0.2187 0.6233
0.6066 0.2081 0.6127
0.6066 0.2021 0.5942
0.6038 0.1599 0.5729
0.5984 0.1101 0.5517
0.6066 0.1448 0.5385
0.6011 0.1493 0.5252
0.6257 0.1297 0.5066
0.6393 0.1297 0.4881
0.6503 0.1086 0.4615
0.6530 0.0845 0.4324
0.6694 0.0769 0.4138
0.6694 0.0935 0.3873
0.6967 0.0679 0.3767
0.7158 0.0709 0.3369
0.7022 0.0528 0.3077
0.7022 0.0377 0.2838
0.7213 0.0121 0.2573
0.7131 0.0422 0.2308
0.7350 0.0332 0.2149
0.7404 0.0392 0.1883
0.7459 0.0317 0.1592
0.7541 0.0030 0.1353
0.7650 0.0000 0.1114
0.7705 0.0468 0.0902
0.8005 0.0362 0.0769
0.7978 0.0362 0.0584
0.8060 0.0422 0.0424
0.8087 0.0211 0.0292
0.8224 0.0649 0.0239
0.8361 0.0814 0.0186
0.8689 0.0920 0.0159
0.8770 0.0860 0.0000
0.8907 0.0875 0.0000
0.9071 0.0845 0.0000
0.9235 0.1357 0.0027
0.9344 0.1478 0.0106
0.9645 0.1554 0.0212
0.9727 0.1493 0.0292
0.9918 0.1554 0.0504
1.0000 0.1750 0.0610
