0.0000 1.0000 0.9977
0.0083 0.9878 0.9883
0.0177 0.9514 1.0000
0.0275 0.9422 0.9744
0.0343 0.9179 0.9674
0.0426 0.9027 0.9534
0.0514 0.9027 0.9627
0.0592 0.8967 0.9487
0.0665 0.8723 0.9464
0.0742 0.8845 0.9347
0.0826 0.8815 0.9347
0.0924 0.8571 0.9161
0.1007 0.8419 0.9138
0.1085 0.8298 0.8974
0.1179 0.8085 0.8951
0.1267 0.8146 0.8904
0.1376 0.7903 0.8928
0.1464 0.7812 0.8834
0.1568 0.7599 0.8718
0.1661 0.7447 0.8625
0.1776 0.7112 0.8531
0.1885 0.6839 0.8462
0.1978 0.6413 0.8322
0.2092 0.6170 0.8135
0.2191 0.5957 0.8112
0.2310 0.5775 0.8089
0.2420 0.5441 0.7995
0.2508 0.5289 0.7879
0.2606 0.4985 0.7762
0.2679 0.4924 0.7646
0.2793 0.4590 0.7622
0.2882 0.4347 0.7459
0.2970 0.4043 0.7343
0.3058 0.3708 0.7110
0.3157 0.3556 0.7110
0.3240 0.3708 0.7133
0.3344 0.3617 0.7133
0.3432 0.3435 0.7063
0.3520 0.3161 0.6876
0.3614 0.3222 0.6853
0.3712 0.2888 0.6783
0.3816 0.2888 0.6713
0.3915 0.2705 0.6643
0.3998 0.2675 0.6527
0.4097 0.2492 0.6410
0.4195 0.2401 0.6364
0.4304 0.2523 0.6340
0.4408 0.2371 0.6247
0.4502 0.2067 0.6107
0.4605 0.2067 0.5991
0.4714 0.1976 0.5874
0.4818 0.1976 0.5828
0.4943 0.1611 0.5758
0.5067 0.1520 0.5548
0.5171 0.1125 0.5361
0.5275 0.1125 0.5221
0.5400 0.1064 0.5268
0.5509 0.1277 0.5268
0.5639 0.1033 0.5105
0.5737 0.1033 0.4942
0.5862 0.0760 0.4779
0.5955 0.0790 0.4709
0.6085 0.0669 0.4615
0.6184 0.0669 0.4499
0.6314 0.0365 0.4336
0.6412 0.0304 0.4196
0.6537 0.0122 0.4033
0.6636 0.0213 0.3916
0.6760 0.0000 0.3800
0.6854 0.0152 0.3753
0.6973 0.0122 0.3636
0.7061 0.0152 0.3543
0.7175 0.0122 0.3357
0.7264 0.0182 0.3310
0.7368 0.0213 0.3147
0.7456 0.0152 0.3100
0.7596 0.0122 0.2937
0.7684 0.0061 0.2821
0.7799 0.0091 0.2634
0.7892 0.0030 0.2564
0.8022 0.0061 0.2401
0.8094 0.0213 0.2331
0.8224 0.0122 0.2191
0.8307 0.0182 0.2098
0.8422 0.0152 0.1911
0.8520 0.0091 0.1818
0.8645 0.0091 0.1585
0.8723 0.0152 0.1562
0.8847 0.0182 0.1282
0.8936 0.0182 0.1305
0.9050 0.0334 0.1142
0.9133 0.0304 0.1072
0.9242 0.0365 0.0862
0.9341 0.0365 0.0769
0.9455 0.0608 0.0606
0.9548 0.0638 0.0536
0.9683 0.0729 0.0303
0.9777 0.0608 0.0233
0.9912 0.0821 0.0023
1.0000 0.0973 0.0000
