0.00000000 0.53787879 1.00000000
0.01666667 0.54545455 0.97527473
0.06666667 0.51136364 0.96153846
0.20000000 0.48484848 0.93681319
0.25000000 0.46212121 0.90796703
0.28333333 0.45454545 0.89423077
0.36666667 0.39772727 0.88598901
0.41666667 0.34469697 0.86538462
0.45000000 0.33712121 0.84065934
0.46666667 0.34469697 0.82280220
0.51666667 0.27651515 0.80219780
0.60000000 0.28030303 0.77609890
0.58333333 0.25378788 0.75961538
0.65000000 0.17803030 0.75274725
0.70000000 0.10227273 0.73351648
0.70000000 0.14772727 0.70329670
0.66666667 0.14015152 0.68406593
0.70000000 0.09469697 0.66620879
0.76666667 0.08712121 0.65109890
0.76666667 0.08333333 0.63186813
0.73333333 0.04166667 0.63324176
0.78333333 0.00000000 0.60989011
0.80000000 0.03409091 0.59065934
0.76666667 0.04166667 0.57280220
0.81666667 0.01893939 0.56181319
0.76666667 0.02272727 0.53983516
0.78333333 0.03787879 0.52609890
0.75000000 0.00000000 0.51648352
0.75000000 0.01515152 0.50274725
0.70000000 0.02651515 0.48351648
0.71666667 0.06818182 0.46840659
0.66666667 0.06060606 0.45467033
0.78333333 0.07575758 0.44093407
0.80000000 0.09469697 0.42994505
0.85000000 0.06818182 0.43406593
0.81666667 0.11363636 0.40659341
0.85000000 0.16666667 0.38598901
0.81666667 0.17045455 0.38049451
0.88333333 0.16666667 0.36538462
0.88333333 0.14772727 0.35714286
0.95000000 0.15151515 0.34752747
0.95000000 0.15909091 0.33653846
0.93333333 0.20833333 0.31593407
0.91666667 0.25378788 0.30494505
0.91666667 0.23863636 0.30769231
0.95000000 0.25757576 0.29395604
0.95000000 0.26136364 0.28846154
0.96666667 0.25378788 0.28434066
1.00000000 0.29924242 0.26510989
0.98333333 0.32196970 0.25000000
0.91666667 0.34469697 0.25137363
0.95000000 0.32575758 0.23763736
0.95000000 0.35227273 0.23763736
1.00000000 0.36742424 0.22664835
0.91666667 0.35606061 0.22390110
0.88333333 0.39015152 0.20604396
0.90000000 0.44318182 0.20054945
0.85000000 0.45075758 0.19642857
0.91666667 0.45833333 0.18681319
0.85000000 0.48106061 0.17994505
0.88333333 0.45454545 0.19368132
0.88333333 0.43560606 0.17719780
0.88333333 0.48863636 0.16346154
0.78333333 0.51136364 0.15384615
0.83333333 0.53787879 0.14560440
0.76666667 0.53030303 0.13873626
0.76666667 0.53409091 0.14148352
0.75000000 0.48863636 0.14835165
0.76666667 0.53787879 0.12912088
0.66666667 0.58333333 0.11675824
0.68333333 0.59090909 0.11538462
0.61666667 0.59848485 0.11263736
0.65000000 0.59469697 0.11126374
0.60000000 0.57575758 0.11950549
0.66666667 0.59090909 0.10576923
0.61666667 0.62500000 0.09340659
0.58333333 0.64393939 0.08791209
0.51666667 0.67424242 0.07554945
0.53333333 0.67424242 0.07280220
0.51666667 0.68181818 0.07829670
0.51666667 0.62878788 0.08241758
0.51666667 0.69696970 0.06593407
0.48333333 0.75000000 0.05357143
0.48333333 0.76515152 0.04258242
0.48333333 0.78787879 0.04395604
0.50000000 0.78409091 0.04807692
0.53333333 0.73484848 0.05769231
0.48333333 0.79924242 0.03159341
0.50000000 0.85606061 0.02335165
0.46666667 0.85606061 0.01236264
0.43333333 0.89393939 0.01373626
0.41666667 0.89393939 0.01098901
0.45000000 0.89015152 0.01785714
0.36666667 0.90909091 0.01648352
0.40000000 0.95454545 0.00549451
0.38333333 0.96590909 0.00000000
0.31666667 0.99242424 0.00274725
0.30000000 1.00000000 0.00274725
0.35000000 0.96590909 0.00412088
0.30000000 0.97348485 0.00412088
