0.9725 0.2312 1.0000
0.9679 0.2117 0.9694
0.9679 0.1783 0.9358
0.9679 0.1588 0.9021
0.9862 0.1393 0.8746
1.0000 0.0780 0.8532
1.0000 0.0529 0.8043
1.0000 0.0613 0.7492
0.9954 0.0529 0.6942
0.9908 0.0167 0.6544
0.9771 0.0223 0.6055
0.9633 0.0251 0.5749
0.9679 0.0056 0.5291
0.9633 0.0000 0.4893
0.9450 0.0139 0.4404
0.9220 0.0223 0.4006
0.9266 0.0084 0.3517
0.8945 0.0279 0.3089
0.8761 0.0418 0.2722
0.8440 0.1058 0.2294
0.8670 0.1003 0.1865
0.8349 0.1643 0.1376
0.8165 0.1866 0.1223
0.7844 0.2228 0.0917
0.7752 0.2451 0.0459
0.7339 0.3426 0.0153
0.7018 0.3705 0.0183
0.6651 0.4039 0.0336
0.6514 0.4206 0.0153
0.6330 0.5209 0.0031
0.6101 0.5599 0.0000
0.5688 0.5961 0.0122
0.5505 0.5961 0.0520
0.5413 0.6685 0.0367
0.4908 0.7242 0.0428
0.5046 0.7409 0.0765
0.4725 0.7744 0.0917
0.4817 0.8524 0.0765
0.4679 0.8691 0.1101
0.4450 0.8747 0.1529
0.4128 0.8858 0.1896
0.4312 0.9136 0.1835
0.3991 0.9610 0.2110
0.3716 0.9610 0.2691
0.3486 0.9526 0.3119
0.3670 0.9443 0.3211
0.3257 1.0000 0.3089
0.2982 0.9694 0.3639
0.2706 0.9387 0.3976
0.2844 0.8997 0.4159
0.2523 0.9331 0.4190
0.2615 0.8997 0.4495
0.2339 0.8635 0.4893
0.2523 0.8050 0.4954
0.2248 0.8273 0.4985
0.2156 0.7632 0.5260
0.1927 0.7047 0.5657
0.1972 0.6462 0.5872
0.1743 0.6657 0.5872
0.1789 0.6267 0.5902
0.1468 0.5877 0.6177
0.1560 0.5292 0.6269
0.1239 0.5153 0.6330
0.1239 0.4930 0.6391
0.1055 0.4735 0.6422
0.1284 0.4708 0.6361
0.1193 0.4318 0.6453
0.1376 0.4150 0.6422
0.1330 0.3844 0.6453
0.1330 0.3649 0.6300
0.1284 0.3426 0.6147
0.1193 0.3482 0.5963
0.1055 0.3231 0.6024
0.1009 0.2674 0.6086
0.0917 0.2758 0.5780
0.0963 0.2535 0.5688
0.0826 0.2396 0.5505
0.0642 0.2089 0.5443
0.0642 0.2089 0.5199
0.0505 0.1811 0.5015
0.0321 0.1978 0.4893
0.0505 0.1643 0.4771
0.0413 0.1811 0.4526
0.0688 0.1671 0.4220
0.0367 0.1588 0.4067
0.0367 0.1281 0.3823
0.0138 0.1727 0.3456
0.0138 0.1727 0.3333
0.0000 0.1811 0.3211
0.0138 0.1365 0.3150
0.0138 0.1783 0.2813
0.0183 0.1838 0.2508
0.0092 0.1671 0.2508
0.0321 0.1532 0.2355
0.0229 0.1978 0.2049
0.0459 0.2173 0.1957
0.0550 0.2340 0.1713
0.1147 0.2535 0.1498
0.1193 0.2758 0.1193
0.1514 0.2841 0.1101
