0.0000 0.9697 0.0000
0.0065 0.9899 0.0174
0.0065 0.9495 0.0174
0.0131 1.0000 0.0174
0.0261 0.9495 0.0261
0.0392 0.9798 0.0522
0.0523 0.9192 0.0435
0.0523 0.9899 0.0696
0.0654 0.9495 0.0696
0.0719 0.9899 0.0609
0.0719 0.8889 0.0783
0.0850 0.9596 0.0783
0.0850 0.9091 0.0870
0.0980 0.9596 0.0870
0.1046 0.8990 0.0783
0.1046 0.8990 0.0957
0.1046 0.8384 0.1043
0.1176 0.9192 0.0957
0.1307 0.8788 0.1217
0.1242 0.9192 0.1304
0.1242 0.8283 0.1478
0.1307 0.8788 0.1565
0.1569 0.8182 0.1739
0.1503 0.8687 0.1652
0.1699 0.7374 0.1913
0.1765 0.7677 0.1913
0.2092 0.7071 0.1826
0.2092 0.7172 0.2174
0.2418 0.6061 0.2087
0.2484 0.6364 0.2174
0.2810 0.5859 0.2174
0.2810 0.6566 0.2348
0.3072 0.5859 0.2348
0.3007 0.5960 0.2609
0.3399 0.5455 0.2522
0.3399 0.5859 0.2870
0.3725 0.5152 0.2957
0.3725 0.5455 0.2957
0.3922 0.4747 0.2957
0.3987 0.4949 0.3217
0.4118 0.4141 0.3217
0.4052 0.4343 0.3304
0.4379 0.3838 0.3391
0.4706 0.3838 0.3217
0.4641 0.3434 0.3304
0.4379 0.4343 0.3304
0.4837 0.3838 0.3130
0.4771 0.4343 0.3304
0.4967 0.4141 0.3304
0.4902 0.4444 0.3391
0.5163 0.3636 0.3391
0.5033 0.4242 0.3478
0.5359 0.3434 0.3565
0.5294 0.3737 0.3652
0.5490 0.3535 0.3826
0.5425 0.3535 0.3913
0.5686 0.3030 0.4000
0.5752 0.3333 0.4261
0.5948 0.2424 0.4174
0.5817 0.2727 0.4261
0.6013 0.2222 0.4435
0.5882 0.2424 0.4609
0.5948 0.2222 0.4696
0.5752 0.2525 0.4870
0.6078 0.1919 0.4696
0.6013 0.2323 0.4783
0.6405 0.1818 0.4696
0.6275 0.2222 0.4696
0.6536 0.1515 0.4783
0.6405 0.1515 0.4783
0.6797 0.1313 0.4870
0.6667 0.1717 0.4957
0.6993 0.1414 0.4957
0.6797 0.1717 0.5217
0.7190 0.1111 0.4870
0.6863 0.1717 0.5217
0.7451 0.1010 0.5130
0.7059 0.1919 0.5217
0.7582 0.1717 0.5130
0.7386 0.1919 0.5304
0.7582 0.1010 0.5478
0.7451 0.1212 0.5652
0.7712 0.0808 0.5739
0.7582 0.0404 0.6087
0.7908 0.0707 0.6174
0.7712 0.0606 0.6174
0.8039 0.0101 0.6522
0.7908 0.0404 0.6696
0.8301 0.0202 0.7043
0.8170 0.0202 0.7217
0.8497 0.0000 0.7391
0.8431 0.0202 0.7565
0.8889 0.0404 0.8174
0.9085 0.0505 0.8261
0.9346 0.0606 0.8435
0.9346 0.1010 0.8696
0.9804 0.1414 0.9043
0.9608 0.2424 0.9304
1.0000 0.2323 0.9652
0.9935 0.2525 1.0000
