1.0000 1.0000 0.0000
0.9684 0.9932 0.0806
0.9947 0.9658 0.0968
0.9421 1.0000 0.1452
0.9526 0.9726 0.1452
0.9105 0.9863 0.2258
0.9316 0.9795 0.2419
0.9053 0.9795 0.2903
0.9105 0.9932 0.3065
0.8579 0.9726 0.3871
0.8737 1.0000 0.3548
0.8263 0.9932 0.4194
0.8421 0.9863 0.5161
0.8105 0.9863 0.5161
0.8263 0.9178 0.5161
0.7842 0.9315 0.5645
0.8000 0.9110 0.5645
0.7632 0.9658 0.5968
0.7737 0.9315 0.6129
0.7316 0.9726 0.6452
0.7421 0.9384 0.6452
0.7053 0.9452 0.6935
0.7211 0.9315 0.6935
0.6737 0.9452 0.6774
0.6737 0.9521 0.7097
0.6368 0.9589 0.6935
0.6421 0.9795 0.7258
0.6000 0.9247 0.7742
0.6105 0.9110 0.7258
0.5737 0.9110 0.7742
0.5842 0.8836 0.8065
0.5421 0.9384 0.8548
0.5526 0.9315 0.8226
0.5000 0.9247 0.8387
0.5000 0.9178 0.8548
0.4526 0.9315 0.9032
0.4526 0.9658 0.8871
0.4158 0.9315 0.9516
0.4211 0.8973 0.9032
0.3895 0.8699 0.9516
0.3895 0.8630 0.9355
0.3526 0.8767 0.9839
0.3368 0.8288 0.9516
0.3053 0.7945 1.0000
0.2895 0.7603 0.9677
0.2579 0.7603 0.9516
0.2526 0.7534 0.9677
0.2158 0.7397 0.9677
0.2105 0.6918 0.9355
0.1737 0.6096 0.9516
0.1842 0.5890 0.8871
0.1526 0.5616 0.8871
0.1579 0.5411 0.8710
0.1316 0.5274 0.8548
0.1368 0.5000 0.8226
0.1158 0.5274 0.8065
0.1105 0.5137 0.7742
0.0737 0.4932 0.7742
0.0895 0.4863 0.7097
0.0579 0.4384 0.6935
0.0684 0.4384 0.6935
0.0474 0.4110 0.6613
0.0474 0.3973 0.6774
0.0421 0.3836 0.5968
0.0316 0.3356 0.5968
0.0105 0.3493 0.5323
0.0158 0.3356 0.5161
0.0000 0.3288 0.4839
0.0158 0.2877 0.4355
0.0158 0.2671 0.4032
0.0263 0.2534 0.3548
0.0316 0.2260 0.3387
0.0421 0.2123 0.3226
0.0316 0.1849 0.2903
0.0421 0.1575 0.2742
0.0316 0.1438 0.2258
0.0421 0.1096 0.2258
0.0316 0.0959 0.1935
0.0474 0.0685 0.1774
0.0211 0.0616 0.1452
0.0368 0.0274 0.1613
0.0316 0.0137 0.1613
0.0421 0.0000 0.1613
0.0368 0.0137 0.2097
0.0526 0.0068 0.1613
0.0421 0.0137 0.1935
0.0579 0.0342 0.1613
0.0421 0.0548 0.1935
0.0526 0.0616 0.1774
0.0474 0.0890 0.1613
0.0579 0.1027 0.1774
0.0368 0.1027 0.1613
0.0684 0.1096 0.1774
0.0474 0.1096 0.1613
0.0632 0.1096 0.1452
0.0632 0.1164 0.1452
0.0684 0.1096 0.1452
0.0579 0.0959 0.1452
0.0632 0.0890 0.1774
0.0474 0.0685 0.1613
