0.00000000 0.00000000 0.03513514
0.00247525 0.01454545 0.02702703
0.00185644 0.05090909 0.01081081
0.00433168 0.07272727 0.00810811
0.00433168 0.10909091 0.00810811
0.00804455 0.10909091 0.00540541
0.01051980 0.13090909 0.01081081
0.01299505 0.15272727 0.00540541
0.01361386 0.18909091 0.00000000
0.01918317 0.18545455 0.01621622
0.02042079 0.20727273 0.02162162
0.02537129 0.23272727 0.02972973
0.02846535 0.24000000 0.02702703
0.03403465 0.27272727 0.01351351
0.03527228 0.29454545 0.01621622
0.03836634 0.31636364 0.03513514
0.04269802 0.32363636 0.04324324
0.04764851 0.34545455 0.04324324
0.05259901 0.36363636 0.04324324
0.06002475 0.40727273 0.03783784
0.06435644 0.43272727 0.04054054
0.07054455 0.45818182 0.05405405
0.07363861 0.45818182 0.05945946
0.08415842 0.48727273 0.05675676
0.08663366 0.50545455 0.05405405
0.09282178 0.53818182 0.05945946
0.09715347 0.56727273 0.05945946
0.10334158 0.57818182 0.08108108
0.10829208 0.58181818 0.08108108
0.11571782 0.60363636 0.07567568
0.12190594 0.64000000 0.06756757
0.12809406 0.66181818 0.07297297
0.13366337 0.67636364 0.08378378
0.14294554 0.69090909 0.11081081
0.14913366 0.70181818 0.11351351
0.15903465 0.72363636 0.12972973
0.16646040 0.73818182 0.12972973
0.17759901 0.76000000 0.14594595
0.18626238 0.77818182 0.14324324
0.19616337 0.80000000 0.15675676
0.20606436 0.80727273 0.15945946
0.21658416 0.84000000 0.16756757
0.22710396 0.85454545 0.17297297
0.23824257 0.86909091 0.18918919
0.24814356 0.86909091 0.20540541
0.26175743 0.88363636 0.22432432
0.27227723 0.87636364 0.23783784
0.28403465 0.90545455 0.24594595
0.29517327 0.89454545 0.24864865
0.30754950 0.93454545 0.25945946
0.31868812 0.92000000 0.26486486
0.33230198 0.94545455 0.28108108
0.34282178 0.94181818 0.28108108
0.35457921 0.96727273 0.29189189
0.36695545 0.96363636 0.30270270
0.37995050 0.98545455 0.31621622
0.39170792 0.96727273 0.32702703
0.40346535 0.98909091 0.34324324
0.41707921 0.97090909 0.34864865
0.42883663 1.00000000 0.36486486
0.44183168 0.98909091 0.37567568
0.45420792 0.99272727 0.39459459
0.46782178 0.98181818 0.40540541
0.48019802 1.00000000 0.42432432
0.49319307 0.98181818 0.42432432
0.50742574 0.99272727 0.44594595
0.52103960 0.97090909 0.45675676
0.53527228 0.99272727 0.47837838
0.54950495 0.97090909 0.48108108
0.56250000 0.99272727 0.49729730
0.57735149 0.96363636 0.50810811
0.59220297 0.96000000 0.52702703
0.60643564 0.93090909 0.55135135
0.62376238 0.92727273 0.57027027
0.63737624 0.88363636 0.58108108
0.65346535 0.87272727 0.60270270
0.67079208 0.84000000 0.61351351
0.68688119 0.82545455 0.63513514
0.70482673 0.78545455 0.63783784
0.72400990 0.76000000 0.66486486
0.74257426 0.71272727 0.67837838
0.76237624 0.68000000 0.70540541
0.77970297 0.62909091 0.71081081
0.79950495 0.60000000 0.74054054
0.81559406 0.54181818 0.76486486
0.83601485 0.50181818 0.80000000
0.85210396 0.44363636 0.81351351
0.87004950 0.40727273 0.83783784
0.88675743 0.34909091 0.85135135
0.90594059 0.31272727 0.87297297
0.91893564 0.26909091 0.88108108
0.93502475 0.23636364 0.90270270
0.94616337 0.21454545 0.90810811
0.95853960 0.19272727 0.92702703
0.96596535 0.16727273 0.93513514
0.97772277 0.15636364 0.95675676
0.98267327 0.13090909 0.95945946
0.99071782 0.12727273 0.97837838
0.99443069 0.12000000 0.98108108
1.00000000 0.12363636 1.00000000
