0.9964 0.0000 0.0000
0.9982 0.0112 0.0109
0.9973 0.0224 0.0217
1.0000 0.0308 0.0326
0.9973 0.0476 0.0462
0.9973 0.0504 0.0598
0.9964 0.0532 0.0815
0.9964 0.0644 0.0924
0.9936 0.0700 0.1033
0.9927 0.0784 0.1196
0.9900 0.0868 0.1332
0.9872 0.1064 0.1359
0.9800 0.1092 0.1467
0.9781 0.1232 0.1549
0.9736 0.1289 0.1658
0.9681 0.1401 0.1712
0.9627 0.1345 0.1766
0.9563 0.1625 0.1821
0.9499 0.1625 0.1929
0.9444 0.1849 0.1984
0.9362 0.1989 0.1984
0.9271 0.2157 0.2038
0.9162 0.2185 0.2065
0.9098 0.2381 0.2092
0.8998 0.2353 0.2255
0.8898 0.2549 0.2255
0.8761 0.2549 0.2418
0.8643 0.2801 0.2364
0.8488 0.2941 0.2473
0.8352 0.3165 0.2418
0.8179 0.3445 0.2391
0.8005 0.3950 0.2337
0.7805 0.4118 0.2364
0.7650 0.4454 0.2364
0.7441 0.4650 0.2500
0.7277 0.4762 0.2582
0.7077 0.4958 0.2826
0.6894 0.5266 0.2826
0.6730 0.5406 0.3043
0.6539 0.5686 0.3071
0.6357 0.5882 0.3288
0.6184 0.6106 0.3370
0.5993 0.6387 0.3696
0.5856 0.6499 0.3614
0.5656 0.6667 0.3859
0.5474 0.6835 0.4049
0.5310 0.7031 0.4212
0.5118 0.7283 0.4266
0.4909 0.7563 0.4457
0.4736 0.7815 0.4457
0.4536 0.7927 0.4674
0.4362 0.8011 0.4810
0.4180 0.8123 0.5136
0.3998 0.8207 0.5217
0.3825 0.8375 0.5435
0.3607 0.8571 0.5435
0.3424 0.8739 0.5652
0.3224 0.8824 0.5652
0.3005 0.8908 0.5761
0.2805 0.9104 0.5734
0.2587 0.9188 0.5897
0.2377 0.9384 0.5924
0.2177 0.9468 0.6033
0.1940 0.9608 0.5924
0.1730 0.9692 0.6087
0.1512 0.9692 0.6114
0.1293 0.9720 0.6359
0.1120 0.9692 0.6359
0.0956 0.9776 0.6630
0.0783 0.9804 0.6576
0.0628 0.9860 0.6848
0.0492 0.9888 0.6766
0.0392 0.9972 0.6929
0.0301 0.9972 0.6875
0.0200 1.0000 0.7201
0.0128 0.9888 0.7120
0.0064 1.0000 0.7364
0.0027 1.0000 0.7310
0.0018 0.9860 0.7609
0.0000 0.9860 0.7554
0.0000 0.9860 0.7826
0.0018 0.9888 0.7799
0.0018 0.9832 0.8071
0.0046 0.9664 0.8098
0.0064 0.9664 0.8424
0.0082 0.9608 0.8342
0.0100 0.9692 0.8587
0.0091 0.9580 0.8478
0.0100 0.9580 0.8723
0.0100 0.9468 0.8614
0.0118 0.9580 0.8913
0.0118 0.9440 0.8832
0.0118 0.9356 0.9293
0.0137 0.9244 0.9130
0.0118 0.9300 0.9457
0.0128 0.9188 0.9457
0.0118 0.9104 0.9755
0.0118 0.8936 0.9728
0.0118 0.8908 1.0000
0.0128 0.8852 0.9973
