0.0509 -2.4904 0.2160
0.0472 -2.5064 0.2015
0.0428 -2.5064 0.1880
0.0411 -2.4873 0.1726
0.0372 -2.5287 0.1601
0.0338 -2.5541 0.1466
0.0302 -2.5669 0.1312
0.0282 -2.5828 0.1157
0.0254 -2.6051 0.1012
0.0201 -2.6497 0.0893
0.0170 -2.6720 0.0773
0.0151 -2.7357 0.0628
0.0129 -2.7962 0.0509
0.0078 -2.8917 0.0389
0.0061 -2.9841 0.0279
0.0036 -3.0350 0.0219
0.0022 -3.1306 0.0125
0.0000 -3.2611 0.0055
0.0006 -3.4108 0.0000
0.0011 -3.5064 0.0040
0.0020 -3.6338 0.0035
0.0017 -3.7516 0.0055
0.0036 -3.8408 0.0140
0.0048 -3.9873 0.0180
0.0053 -4.1210 0.0284
0.0056 -4.2038 0.0374
0.0081 -4.2803 0.0554
0.0095 -4.3217 0.0668
0.0101 -4.3631 0.0803
0.0126 -4.4299 0.0873
0.0131 -4.4363 0.1047
0.0145 -4.4650 0.1167
0.0162 -4.4395 0.1272
0.0187 -4.4809 0.1357
0.0218 -4.4459 0.1416
0.0215 -4.4554 0.1511
0.0238 -4.4395 0.1531
0.0238 -4.4427 0.1646
0.0268 -4.5223 0.1621
0.0260 -4.4236 0.1761
0.0293 -4.5318 0.1706
0.0307 -4.3726 0.1820
0.0316 -4.5000 0.1820
0.0344 -4.3631 0.1835
0.0372 -4.4650 0.1895
0.0397 -4.3631 0.1855
0.0425 -4.4331 0.1980
0.0470 -4.3694 0.1875
0.0495 -4.4713 0.1960
0.0534 -4.6051 0.1865
0.0562 -4.4713 0.2015
0.0595 -4.6656 0.1915
0.0629 -4.5637 0.2005
0.0651 -4.6847 0.2060
0.0690 -4.6274 0.2075
0.0724 -4.6911 0.2155
0.0769 -4.7357 0.2085
0.0788 -4.6847 0.2274
0.0833 -4.7516 0.2195
0.0878 -4.7166 0.2384
0.0933 -4.8694 0.2319
0.0978 -4.7739 0.2464
0.1026 -4.9172 0.2414
0.1079 -4.8439 0.2504
0.1129 -4.9299 0.2554
0.1168 -4.9395 0.2623
0.1241 -5.0032 0.2663
0.1280 -5.0255 0.2718
0.1350 -5.1401 0.2788
0.1403 -5.1688 0.2848
0.1487 -5.2357 0.2923
0.1565 -5.2675 0.2968
0.1652 -5.3471 0.3087
0.1758 -5.4745 0.3067
0.1889 -5.5159 0.3192
0.2040 -5.6592 0.3172
0.2188 -5.7548 0.3217
0.2384 -5.8790 0.3257
0.2616 -5.9331 0.3332
0.2870 -6.2134 0.3322
0.3200 -6.3822 0.3411
0.3594 -6.5828 0.3556
0.4055 -6.7962 0.3671
0.4603 -6.9331 0.4000
0.5257 -7.1847 0.4229
0.5992 -7.2261 0.4803
0.6825 -7.3471 0.5357
0.7636 -7.1592 0.6160
0.8505 -6.9204 0.6998
0.9206 -6.3185 0.7830
0.9723 -5.5159 0.8758
1.0000 -4.5159 0.9357
0.9989 -3.2962 0.9905
0.9676 -2.2070 1.0000
0.9016 -0.9076 0.9900
0.8267 -0.0000 0.9436
0.7314 1.0000 0.8783
0.6361 1.3631 0.8040
0.5428 1.6879 0.7172
0.4586 1.7643 0.6454
