0.00000000 0.74725275 0.24369748
0.14035088 0.81318681 0.00000000
0.05263158 0.71428571 0.24369748
0.21052632 0.73626374 0.01680672
0.05263158 0.74725275 0.26890756
0.26315789 0.76923077 0.02521008
0.10526316 0.70329670 0.28571429
0.22807018 0.87912088 0.02521008
0.07017544 0.74725275 0.28571429
0.22807018 0.84615385 0.06722689
0.08771930 0.79120879 0.32773109
0.31578947 0.94505495 0.09243697
0.15789474 0.80219780 0.37815126
0.36842105 1.00000000 0.11764706
0.19298246 0.81318681 0.36134454
0.36842105 0.94505495 0.14285714
0.19298246 0.78021978 0.36974790
0.33333333 0.92307692 0.14285714
0.15789474 0.73626374 0.36974790
0.36842105 0.86813187 0.15966387
0.19298246 0.63736264 0.36974790
0.40350877 0.83516484 0.18487395
0.26315789 0.57142857 0.37815126
0.49122807 0.81318681 0.19327731
0.22807018 0.58241758 0.38655462
0.43859649 0.89010989 0.21848739
0.22807018 0.57142857 0.40336134
0.45614035 0.86813187 0.25210084
0.28070175 0.59340659 0.41176471
0.47368421 0.89010989 0.27731092
0.35087719 0.61538462 0.44537815
0.56140351 0.96703297 0.28571429
0.35087719 0.65934066 0.43697479
0.56140351 0.95604396 0.31092437
0.33333333 0.64835165 0.43697479
0.54385965 0.95604396 0.31932773
0.38596491 0.54945055 0.42016807
0.59649123 0.83516484 0.31092437
0.35087719 0.45054945 0.43697479
0.61403509 0.78021978 0.33613445
0.40350877 0.46153846 0.42857143
0.59649123 0.85714286 0.36134454
0.31578947 0.51648352 0.43697479
0.61403509 0.84615385 0.37815126
0.40350877 0.52747253 0.47899160
0.64912281 0.79120879 0.42857143
0.47368421 0.52747253 0.48739496
0.68421053 0.90109890 0.43697479
0.47368421 0.62637363 0.52941176
0.75438596 0.93406593 0.48739496
0.47368421 0.57142857 0.53781513
0.77192982 0.87912088 0.50420168
0.49122807 0.52747253 0.54621849
0.80701754 0.73626374 0.51260504
0.56140351 0.41758242 0.55462185
0.82456140 0.69230769 0.52100840
0.52631579 0.39560440 0.56302521
0.80701754 0.63736264 0.55462185
0.50877193 0.37362637 0.57142857
0.82456140 0.63736264 0.56302521
0.56140351 0.29670330 0.60504202
0.85964912 0.53846154 0.58823529
0.59649123 0.24175824 0.65546218
0.96491228 0.56043956 0.58823529
0.61403509 0.30769231 0.63025210
0.92982456 0.53846154 0.58823529
0.64912281 0.26373626 0.63865546
1.00000000 0.42857143 0.59663866
0.68421053 0.19780220 0.63865546
0.98245614 0.38461538 0.60504202
0.66666667 0.15384615 0.64705882
0.96491228 0.34065934 0.63025210
0.64912281 0.15384615 0.67226891
0.92982456 0.29670330 0.64705882
0.64912281 0.15384615 0.70588235
0.91228070 0.29670330 0.68907563
0.64912281 0.14285714 0.73109244
0.91228070 0.25274725 0.71428571
0.64912281 0.12087912 0.75630252
0.91228070 0.21978022 0.73109244
0.61403509 0.12087912 0.79831933
0.94736842 0.23076923 0.78151261
0.63157895 0.16483516 0.82352941
0.91228070 0.19780220 0.81512605
0.61403509 0.10989011 0.84033613
0.87719298 0.10989011 0.81512605
0.59649123 0.03296703 0.85714286
0.87719298 0.07692308 0.84873950
0.61403509 0.05494505 0.87394958
0.84210526 0.15384615 0.86554622
0.54385965 0.07692308 0.89915966
0.78947368 0.08791209 0.88235294
0.54385965 0.00000000 0.93277311
0.78947368 0.04395604 0.89915966
0.52631579 0.10989011 0.94117647
0.78947368 0.18681319 0.93277311
0.56140351 0.13186813 0.96638655
0.80701754 0.06593407 0.96638655
0.59649123 0.08791209 1.00000000
0.87719298 0.04395604 1.00000000
