0.9717 0.0000 0.0000
0.9292 0.0401 0.0082
0.8538 0.0601 0.0149
0.8019 0.0581 0.0164
0.7547 0.0481 0.0201
0.7217 0.0661 0.0283
0.6557 0.1082 0.0365
0.5991 0.1002 0.0373
0.5566 0.0922 0.0403
0.5094 0.1102 0.0462
0.4764 0.1303 0.0529
0.4292 0.1082 0.0515
0.3915 0.1102 0.0604
0.3726 0.1443 0.0634
0.3302 0.1443 0.0671
0.2689 0.1363 0.0686
0.2406 0.1242 0.0694
0.2075 0.1463 0.0768
0.1604 0.1784 0.0813
0.1274 0.1703 0.0865
0.0991 0.1904 0.0910
0.0613 0.2044 0.0962
0.0283 0.2024 0.0999
0.0094 0.2285 0.1051
0.0283 0.2505 0.1126
0.0377 0.2465 0.1133
0.0283 0.2645 0.1208
0.0283 0.2846 0.1216
0.0283 0.2766 0.1268
0.0236 0.3166 0.1320
0.0142 0.2906 0.1335
0.0236 0.3226 0.1409
0.0189 0.3287 0.1439
0.0189 0.3407 0.1454
0.0236 0.3367 0.1491
0.0283 0.3527 0.1529
0.0330 0.3687 0.1573
0.0047 0.3768 0.1603
0.0377 0.4048 0.1693
0.0377 0.4269 0.1708
0.0519 0.4709 0.1797
0.0330 0.4569 0.1790
0.0330 0.4950 0.1864
0.0283 0.5150 0.1894
0.0000 0.5391 0.1961
0.0000 0.5792 0.2036
0.0189 0.6112 0.2118
0.0236 0.6393 0.2200
0.0047 0.6493 0.2260
0.0283 0.6794 0.2312
0.0283 0.7194 0.2438
0.0377 0.7174 0.2498
0.0472 0.7375 0.2603
0.0802 0.7776 0.2707
0.1132 0.7856 0.2826
0.1321 0.7816 0.2901
0.1226 0.8116 0.3057
0.1415 0.8617 0.3184
0.1274 0.8858 0.3348
0.1415 0.8818 0.3453
0.1604 0.8637 0.3624
0.1792 0.8938 0.3743
0.1934 0.9780 0.4027
0.2123 0.9800 0.4079
0.2123 0.9579 0.4258
0.2311 0.9479 0.4377
0.2594 0.9960 0.4601
0.2594 0.9940 0.4743
0.2830 0.9519 0.4929
0.3160 0.9800 0.5071
0.3396 1.0000 0.5280
0.3632 0.9840 0.5406
0.3774 0.9479 0.5578
0.3679 0.9339 0.5705
0.4104 0.9279 0.5928
0.4057 0.9479 0.6107
0.4198 0.9198 0.6294
0.4151 0.9038 0.6465
0.4575 0.8537 0.6607
0.4434 0.9178 0.6838
0.4858 0.8918 0.6995
0.4811 0.8717 0.7166
0.5330 0.8257 0.7308
0.5755 0.8297 0.7524
0.6274 0.8317 0.7696
0.6509 0.7996 0.7860
0.7028 0.7776 0.8016
0.7453 0.7194 0.8180
0.7830 0.7174 0.8345
0.7830 0.6874 0.8523
0.8113 0.6533 0.8688
0.8208 0.5852 0.8837
0.8679 0.5752 0.9031
0.8774 0.5351 0.9187
0.9198 0.4549 0.9321
0.9151 0.4228 0.9456
0.9670 0.3387 0.9590
0.9670 0.3066 0.9754
1.0000 0.2445 0.9881
0.9858 0.1984 1.0000
