0.4122 0.4167 0.0015
0.3714 0.4019 0.0000
0.3388 0.4032 0.0087
0.3224 0.4261 0.0116
0.2857 0.4261 0.0153
0.2327 0.4207 0.0167
0.2082 0.4126 0.0175
0.1796 0.4274 0.0247
0.1388 0.4489 0.0291
0.1102 0.4435 0.0342
0.0857 0.4570 0.0386
0.0531 0.4664 0.0437
0.0245 0.4651 0.0473
0.0082 0.4825 0.0524
0.0245 0.4973 0.0597
0.0327 0.4946 0.0604
0.0245 0.5067 0.0677
0.0245 0.5202 0.0684
0.0245 0.5148 0.0735
0.0204 0.5417 0.0786
0.0122 0.5242 0.0801
0.0204 0.5457 0.0873
0.0163 0.5497 0.0902
0.0163 0.5578 0.0917
0.0204 0.5551 0.0953
0.0245 0.5659 0.0990
0.0286 0.5766 0.1033
0.0041 0.5820 0.1063
0.0327 0.6008 0.1150
0.0327 0.6156 0.1164
0.0449 0.6452 0.1252
0.0286 0.6358 0.1245
0.0286 0.6613 0.1317
0.0245 0.6747 0.1346
0.0000 0.6909 0.1412
0.0000 0.7177 0.1485
0.0163 0.7392 0.1565
0.0204 0.7581 0.1645
0.0041 0.7648 0.1703
0.0245 0.7849 0.1754
0.0245 0.8118 0.1878
0.0327 0.8105 0.1936
0.0408 0.8239 0.2038
0.0694 0.8508 0.2140
0.0980 0.8562 0.2256
0.1143 0.8535 0.2329
0.1061 0.8737 0.2482
0.1224 0.9073 0.2606
0.1102 0.9234 0.2766
0.1224 0.9207 0.2868
0.1388 0.9086 0.3035
0.1551 0.9288 0.3151
0.1673 0.9852 0.3428
0.1837 0.9866 0.3479
0.1837 0.9718 0.3654
0.2000 0.9651 0.3770
0.2245 0.9973 0.3988
0.2245 0.9960 0.4127
0.2449 0.9677 0.4309
0.2735 0.9866 0.4447
0.2939 1.0000 0.4651
0.3143 0.9892 0.4774
0.3265 0.9651 0.4942
0.3184 0.9556 0.5066
0.3551 0.9516 0.5284
0.3510 0.9651 0.5459
0.3633 0.9462 0.5640
0.3592 0.9355 0.5808
0.3959 0.9019 0.5946
0.3837 0.9449 0.6172
0.4204 0.9274 0.6325
0.4163 0.9140 0.6492
0.4612 0.8831 0.6630
0.4980 0.8858 0.6841
0.5429 0.8871 0.7009
0.5633 0.8656 0.7169
0.6082 0.8508 0.7322
0.6449 0.8118 0.7482
0.6776 0.8105 0.7642
0.6776 0.7903 0.7817
0.7020 0.7675 0.7977
0.7102 0.7218 0.8122
0.7510 0.7151 0.8311
0.7592 0.6882 0.8464
0.7959 0.6344 0.8595
0.7918 0.6129 0.8726
0.8367 0.5565 0.8857
0.8367 0.5349 0.9017
0.8653 0.4933 0.9141
0.8531 0.4624 0.9258
0.9020 0.3978 0.9352
0.9184 0.3898 0.9505
0.9510 0.3468 0.9607
0.9388 0.3078 0.9709
0.9673 0.2406 0.9709
0.9673 0.1962 0.9854
0.9878 0.1411 0.9840
0.9673 0.1075 0.9956
0.9837 0.0618 0.9971
1.0000 0.0000 1.0000
