0.00000000 0.00209205 0.00515464
0.01190476 0.00000000 0.01030928
0.01587302 0.01464435 0.00000000
0.01190476 0.02719665 0.00515464
0.02777778 0.03138075 0.01030928
0.03968254 0.03347280 0.01030928
0.04761905 0.03138075 0.01030928
0.04761905 0.05230126 0.01546392
0.05158730 0.04811715 0.01030928
0.06349206 0.03974895 0.03092784
0.06746032 0.04184100 0.02061856
0.07142857 0.05439331 0.03608247
0.07539683 0.05439331 0.04639175
0.10317460 0.06276151 0.03092784
0.09126984 0.07322176 0.02577320
0.09920635 0.08577406 0.04123711
0.10317460 0.08786611 0.02577320
0.11507937 0.08786611 0.04123711
0.13095238 0.08786611 0.04123711
0.13095238 0.09832636 0.06185567
0.14285714 0.08995816 0.03608247
0.15873016 0.10251046 0.05154639
0.17063492 0.10460251 0.03608247
0.17857143 0.12133891 0.05154639
0.18650794 0.12343096 0.02577320
0.21428571 0.13598326 0.03608247
0.21031746 0.14853556 0.02061856
0.23015873 0.17154812 0.03608247
0.23412698 0.16736402 0.03092784
0.25396825 0.18619247 0.05154639
0.25000000 0.18619247 0.03608247
0.26587302 0.20083682 0.06185567
0.27380952 0.19246862 0.05670103
0.28174603 0.20502092 0.08247423
0.28571429 0.20502092 0.06701031
0.30555556 0.20711297 0.09793814
0.31349206 0.20920502 0.08247423
0.32539683 0.21966527 0.10309278
0.32936508 0.21966527 0.10824742
0.34523810 0.23012552 0.13402062
0.34523810 0.23221757 0.12371134
0.36111111 0.25313808 0.14432990
0.36904762 0.25313808 0.13402062
0.38492063 0.26569038 0.14432990
0.38095238 0.27405858 0.13402062
0.41269841 0.28451883 0.14948454
0.40873016 0.28661088 0.14432990
0.42460317 0.30125523 0.15463918
0.42857143 0.30543933 0.14432990
0.44047619 0.33054393 0.15979381
0.44444444 0.33472803 0.16494845
0.45634921 0.35355649 0.17525773
0.46031746 0.36820084 0.17525773
0.45634921 0.38284519 0.19587629
0.47222222 0.38493724 0.19587629
0.48809524 0.39748954 0.21134021
0.50000000 0.39748954 0.21134021
0.50396825 0.40585774 0.24742268
0.51190476 0.40376569 0.25257732
0.51587302 0.41213389 0.28350515
0.52380952 0.42468619 0.29381443
0.51984127 0.43096234 0.31443299
0.53571429 0.43096234 0.35051546
0.55952381 0.44769874 0.35051546
0.55555556 0.45188285 0.36082474
0.55952381 0.46234310 0.38144330
0.57936508 0.45606695 0.38144330
0.59126984 0.47071130 0.40206186
0.59523810 0.48744770 0.40721649
0.59920635 0.50418410 0.41752577
0.62301587 0.51255230 0.39690722
0.62698413 0.52510460 0.42783505
0.62698413 0.53765690 0.42268041
0.63492063 0.55648536 0.45360825
0.63888889 0.57531381 0.44329897
0.65476190 0.59832636 0.45360825
0.66666667 0.60878661 0.44845361
0.67063492 0.63179916 0.47422680
0.67460317 0.62761506 0.49484536
0.69047619 0.63807531 0.51546392
0.70634921 0.63807531 0.53092784
0.71825397 0.65271967 0.56185567
0.72222222 0.66317992 0.57216495
0.71825397 0.67991632 0.61340206
0.75793651 0.67782427 0.63402062
0.76587302 0.69037657 0.67010309
0.77777778 0.70083682 0.69072165
0.79365079 0.71757322 0.71134021
0.82142857 0.73012552 0.72164948
0.84126984 0.74686192 0.76804124
0.85714286 0.75523013 0.78350515
0.86507937 0.78242678 0.81958763
0.88888889 0.81380753 0.84020619
0.89682540 0.84309623 0.85051546
0.92460317 0.86820084 0.87628866
0.93253968 0.88912134 0.90721649
0.95634921 0.91004184 0.92268041
0.97222222 0.93723849 0.95360825
0.98809524 0.96861925 0.96907216
1.00000000 1.00000000 1.00000000
