1.00000000 0.96959166 0.00000000
0.96979866 0.97914857 0.01401869
0.95637584 0.98088619 0.03971963
0.90939597 0.99391833 0.05373832
0.87583893 0.99391833 0.08878505
0.85234899 0.99044309 0.11098131
0.83221477 0.99565595 0.12967290
0.81543624 0.99739357 0.14369159
0.79194631 1.00000000 0.17640187
0.75838926 0.99826238 0.19275701
0.76174497 0.98349262 0.22663551
0.74496644 0.98783666 0.23481308
0.76174497 0.98696785 0.25233645
0.72483221 0.98088619 0.27803738
0.73489933 0.97741095 0.29439252
0.70805369 0.96003475 0.32710280
0.71140940 0.95916594 0.34228972
0.69798658 0.94960904 0.35397196
0.68456376 0.94265856 0.38200935
0.66442953 0.92875760 0.39836449
0.66442953 0.91833189 0.42640187
0.64429530 0.91311903 0.42757009
0.65436242 0.90703736 0.44626168
0.64429530 0.90095569 0.45560748
0.62751678 0.88097307 0.48598131
0.59395973 0.86185925 0.50233645
0.59395973 0.85577758 0.50700935
0.57718121 0.85230235 0.51168224
0.58053691 0.83753258 0.52453271
0.55704698 0.81841877 0.55257009
0.55369128 0.79756733 0.56542056
0.53020134 0.78627281 0.57242991
0.54026846 0.78453519 0.57009346
0.54362416 0.77237185 0.56892523
0.53020134 0.74630756 0.60163551
0.50671141 0.72458732 0.61331776
0.48657718 0.71503041 0.62500000
0.47986577 0.70981755 0.61565421
0.47986577 0.70634231 0.62266355
0.46644295 0.68896612 0.63551402
0.44966443 0.66985230 0.65654206
0.43624161 0.66550825 0.66355140
0.41946309 0.64813206 0.67406542
0.41610738 0.65160730 0.66471963
0.39932886 0.64378801 0.67406542
0.37583893 0.62380539 0.70093458
0.36577181 0.60990443 0.71378505
0.36241611 0.59252824 0.72313084
0.36912752 0.59600348 0.71728972
0.36912752 0.58557776 0.72780374
0.36912752 0.57862728 0.74532710
0.35906040 0.56646394 0.74649533
0.36912752 0.54735013 0.76635514
0.37248322 0.54474370 0.75934579
0.36241611 0.54126846 0.76518692
0.33892617 0.53084275 0.77686916
0.32214765 0.52128584 0.78971963
0.32214765 0.49609036 0.81425234
0.31879195 0.50738488 0.79789720
0.29530201 0.50217202 0.80257009
0.28859060 0.49261512 0.82710280
0.26510067 0.47784535 0.83177570
0.26510067 0.45873154 0.85514019
0.25503356 0.45873154 0.83995327
0.25167785 0.45873154 0.84696262
0.20805369 0.43874891 0.86682243
0.20805369 0.43701129 0.87500000
0.19463087 0.40920938 0.89602804
0.20805369 0.41615986 0.88200935
0.19798658 0.41181581 0.88785047
0.18456376 0.39878367 0.90654206
0.16778523 0.39270200 0.91121495
0.16442953 0.36316247 0.93341121
0.16442953 0.37706342 0.91121495
0.14093960 0.37358818 0.92289720
0.11073826 0.34404865 0.94275701
0.09060403 0.34578627 0.94976636
0.07046980 0.31972198 0.96144860
0.08389262 0.32580365 0.95560748
0.06375839 0.31016507 0.96378505
0.05369128 0.28844483 0.97429907
0.03020134 0.28323197 0.97546729
0.03020134 0.24587315 0.99299065
0.01342282 0.24587315 0.98831776
0.01677852 0.22328410 0.99415888
0.00335570 0.20503910 0.99883178
0.00000000 0.19287576 1.00000000
0.00671141 0.17289314 0.99883178
0.02348993 0.16072980 0.99532710
0.03020134 0.14422242 0.99182243
0.03020134 0.11728931 0.99065421
0.02684564 0.10773241 0.98598131
0.03020134 0.09296264 0.98014019
0.02348993 0.07384883 0.97313084
0.02684564 0.06429192 0.97079439
0.01342282 0.03909644 0.96962617
0.01677852 0.02432667 0.96261682
0.02348993 0.02258905 0.93808411
0.02348993 0.01563858 0.92640187
0.01677852 0.00000000 0.92172897
