1.00000000 0.15463918 0.00000000
0.83928571 0.16494845 0.04819277
0.92857143 0.15463918 0.07228916
0.87500000 0.15463918 0.03614458
0.85714286 0.11340206 0.02409639
0.75000000 0.13402062 0.08433735
0.80357143 0.12371134 0.04819277
0.71428571 0.07216495 0.10843373
0.76785714 0.07216495 0.09638554
0.66071429 0.02061856 0.13253012
0.75000000 0.00000000 0.13253012
0.60714286 0.00000000 0.15662651
0.71428571 0.03092784 0.16867470
0.60714286 0.04123711 0.19277108
0.67857143 0.03092784 0.19277108
0.57142857 0.06185567 0.21686747
0.66071429 0.07216495 0.24096386
0.55357143 0.09278351 0.27710843
0.60714286 0.11340206 0.28915663
0.51785714 0.12371134 0.30120482
0.57142857 0.14432990 0.28915663
0.46428571 0.13402062 0.32530120
0.51785714 0.14432990 0.32530120
0.39285714 0.18556701 0.36144578
0.41071429 0.17525773 0.38554217
0.32142857 0.18556701 0.45783133
0.39285714 0.18556701 0.45783133
0.23214286 0.20618557 0.49397590
0.30357143 0.17525773 0.48192771
0.17857143 0.21649485 0.51807229
0.26785714 0.20618557 0.53012048
0.12500000 0.23711340 0.55421687
0.21428571 0.26804124 0.57831325
0.12500000 0.26804124 0.61445783
0.21428571 0.28865979 0.59036145
0.10714286 0.34020619 0.66265060
0.17857143 0.34020619 0.66265060
0.08928571 0.36082474 0.68674699
0.16071429 0.34020619 0.67469880
0.07142857 0.36082474 0.72289157
0.14285714 0.35051546 0.71084337
0.01785714 0.38144330 0.74698795
0.10714286 0.38144330 0.74698795
0.00000000 0.42268041 0.78313253
0.08928571 0.42268041 0.77108434
0.01785714 0.46391753 0.77108434
0.12500000 0.46391753 0.74698795
0.00000000 0.48453608 0.77108434
0.08928571 0.52577320 0.75903614
0.01785714 0.50515464 0.78313253
0.08928571 0.51546392 0.77108434
0.00000000 0.52577320 0.81927711
0.08928571 0.52577320 0.83132530
0.07142857 0.53608247 0.80722892
0.10714286 0.52577320 0.80722892
0.00000000 0.53608247 0.80722892
0.10714286 0.53608247 0.80722892
0.03571429 0.54639175 0.80722892
0.07142857 0.54639175 0.81927711
0.03571429 0.54639175 0.81927711
0.10714286 0.54639175 0.80722892
0.01785714 0.58762887 0.78313253
0.10714286 0.56701031 0.80722892
0.03571429 0.58762887 0.80722892
0.07142857 0.59793814 0.79518072
0.01785714 0.60824742 0.81927711
0.07142857 0.59793814 0.80722892
0.01785714 0.59793814 0.81927711
0.08928571 0.59793814 0.80722892
0.00000000 0.59793814 0.83132530
0.08928571 0.57731959 0.81927711
0.03571429 0.58762887 0.83132530
0.07142857 0.59793814 0.84337349
0.01785714 0.60824742 0.84337349
0.07142857 0.60824742 0.81927711
0.07142857 0.60824742 0.83132530
0.16071429 0.60824742 0.83132530
0.10714286 0.65979381 0.84337349
0.16071429 0.67010309 0.85542169
0.08928571 0.69072165 0.84337349
0.14285714 0.72164948 0.86746988
0.10714286 0.74226804 0.90361446
0.12500000 0.74226804 0.89156627
0.03571429 0.75257732 0.91566265
0.10714286 0.73195876 0.93975904
0.05357143 0.74226804 0.95180723
0.08928571 0.75257732 0.96385542
0.03571429 0.77319588 0.96385542
0.07142857 0.80412371 1.00000000
0.03571429 0.83505155 0.97590361
0.07142857 0.87628866 1.00000000
0.05357143 0.90721649 0.96385542
0.08928571 0.87628866 0.98795181
0.07142857 0.93814433 0.97590361
0.17857143 0.90721649 0.96385542
0.12500000 0.92783505 0.96385542
0.19642857 0.92783505 0.97590361
0.08928571 0.96907216 0.97590361
0.17857143 0.98969072 0.96385542
0.16071429 1.00000000 0.97590361
