0.0000 0.0250 1.0000
0.1176 0.0000 0.9888
0.1765 0.1000 0.9832
0.1176 0.1250 0.9665
0.1176 0.2000 0.9665
0.1765 0.1750 0.9497
0.1176 0.1500 0.9609
0.1176 0.0750 0.9441
0.1176 0.1750 0.9441
0.2353 0.1500 0.9330
0.2353 0.2750 0.9274
0.1765 0.2250 0.9218
0.1765 0.3000 0.9162
0.1765 0.1500 0.8994
0.1765 0.2250 0.8939
0.2941 0.2750 0.8883
0.2353 0.4000 0.8659
0.2941 0.3750 0.8603
0.1765 0.5250 0.8603
0.4118 0.4000 0.8436
0.2941 0.4500 0.8324
0.5294 0.3750 0.8268
0.4118 0.4750 0.8212
0.5294 0.4500 0.8045
0.4118 0.5000 0.8045
0.5294 0.4000 0.7821
0.4706 0.4500 0.7821
0.7059 0.4500 0.7654
0.4118 0.5500 0.7654
0.5882 0.5500 0.7486
0.4118 0.5250 0.7430
0.5294 0.4750 0.7318
0.4118 0.5000 0.7263
0.7059 0.5000 0.7095
0.4118 0.5750 0.7039
0.4706 0.5500 0.6927
0.3529 0.5750 0.6816
0.6471 0.5000 0.6592
0.4118 0.6000 0.6592
0.7647 0.5500 0.6480
0.4706 0.6250 0.6425
0.6471 0.5500 0.6201
0.5294 0.6000 0.6313
0.9412 0.6250 0.5978
0.4706 0.8000 0.5922
0.7647 0.8250 0.5866
0.4118 0.8750 0.5698
0.8235 0.7750 0.5642
0.5294 0.8250 0.5531
0.7059 0.9250 0.5475
0.4118 1.0000 0.5307
0.5882 0.9250 0.5196
0.4706 0.9000 0.5196
0.8235 0.8250 0.4860
0.5294 0.9000 0.4860
0.8824 0.8500 0.4637
0.5882 0.9250 0.4525
0.9412 0.7250 0.4469
0.6471 0.7750 0.4302
0.8235 0.8000 0.4246
0.5294 0.8750 0.4078
0.8824 0.8250 0.3966
0.4706 0.8250 0.3911
0.7647 0.9000 0.3575
0.4706 0.9750 0.3575
0.8235 0.9000 0.3352
0.4706 0.8500 0.3240
0.8235 0.8000 0.3073
0.4706 0.8500 0.2849
0.8235 0.8250 0.2737
0.4706 0.7000 0.2570
0.7059 0.5500 0.2458
0.4706 0.6250 0.2402
0.8824 0.6500 0.2179
0.4706 0.7000 0.2011
0.7647 0.6250 0.1732
0.5882 0.6000 0.1788
0.7647 0.6500 0.1564
0.4706 0.7250 0.1453
0.7647 0.8000 0.1285
0.5294 0.7250 0.1173
0.8235 0.6500 0.1006
0.4706 0.6250 0.0894
0.9412 0.5000 0.0726
0.6471 0.4250 0.0670
0.8824 0.3250 0.0503
0.6471 0.3000 0.0335
0.8824 0.3000 0.0335
0.5294 0.3500 0.0335
0.8824 0.3000 0.0223
0.5882 0.3750 0.0279
0.8235 0.3750 0.0223
0.5882 0.3000 0.0335
1.0000 0.3500 0.0112
0.5882 0.3250 0.0000
0.7059 0.3500 0.0056
0.4118 0.3500 0.0112
0.7059 0.3500 0.0223
0.4706 0.3750 0.0168
0.8235 0.3750 0.0168
