1.00000000 0.11549567 0.00000000
0.98446602 0.13522618 0.00414569
0.97087379 0.15062560 0.00858750
0.95825243 0.16794995 0.01273320
0.94271845 0.18286814 0.01806337
0.92524272 0.20019249 0.02161682
0.90582524 0.21366699 0.02576251
0.88446602 0.23002887 0.02990820
0.86796117 0.24639076 0.03523838
0.84854369 0.26515881 0.04116079
0.82718447 0.28055823 0.04501036
0.80776699 0.29547642 0.05004442
0.79029126 0.30991338 0.05537459
0.77184466 0.32916266 0.06100089
0.75048544 0.34744947 0.06662718
0.73009709 0.36862368 0.07136512
0.70873786 0.37632339 0.07699141
0.68834951 0.39412897 0.08291383
0.67184466 0.41337825 0.08854012
0.64757282 0.43743985 0.09475866
0.62912621 0.46053898 0.10038496
0.60873786 0.47690087 0.10808410
0.59126214 0.49037536 0.11607936
0.57572816 0.51203080 0.12229790
0.55533981 0.53128008 0.12970092
0.53300971 0.55437921 0.13710394
0.51067961 0.57459095 0.14480308
0.48543689 0.59239654 0.15368670
0.46893204 0.61116458 0.16345869
0.44854369 0.63330125 0.17352680
0.42621359 0.65640038 0.18329879
0.40582524 0.67998075 0.19307077
0.38349515 0.70163619 0.20432336
0.36699029 0.71944177 0.21676044
0.35242718 0.73869105 0.22978975
0.33009709 0.75890279 0.24252295
0.31067961 0.78103946 0.25555227
0.28640777 0.80606352 0.26917382
0.26796117 0.82386910 0.28486823
0.25145631 0.84359962 0.30115487
0.23786408 0.85755534 0.31773764
0.22330097 0.87536092 0.33461652
0.20485437 0.89557267 0.35238377
0.18543689 0.91578441 0.36985490
0.17281553 0.92685274 0.38821439
0.16019417 0.94225217 0.40835061
0.15048544 0.95235804 0.42819070
0.13398058 0.96102021 0.44921528
0.12233010 0.97497594 0.46905537
0.10485437 0.98363811 0.49126444
0.09320388 0.99037536 0.51317738
0.08252427 0.99759384 0.53657092
0.07864078 1.00000000 0.55937222
0.06504854 0.99807507 0.58335801
0.05728155 0.99663138 0.60615931
0.04951456 0.99807507 0.62984898
0.04077670 0.99230029 0.65324252
0.03009709 0.98941290 0.67722831
0.02524272 0.97930703 0.69973349
0.01941748 0.97256978 0.72253479
0.01553398 0.95620789 0.74385549
0.00679612 0.93984601 0.76636068
0.00485437 0.92540905 0.78708913
0.00000000 0.91000962 0.80811371
0.00291262 0.89364774 0.82676932
0.00291262 0.87151107 0.84660942
0.00485437 0.84504331 0.86348830
0.00097087 0.82194418 0.88036719
0.00485437 0.79836381 0.89487711
0.00485437 0.77189605 0.90968315
0.01067961 0.74061598 0.92212023
0.01456311 0.71029836 0.93426118
0.01165049 0.67324350 0.94610601
0.01165049 0.65688162 0.95469351
0.01650485 0.62415784 0.96328102
0.01262136 0.59817132 0.97127628
0.02233010 0.56881617 0.97808706
0.02718447 0.53946102 0.98371336
0.02912621 0.50529355 0.98756293
0.03009709 0.47882579 0.99141250
0.03786408 0.44995188 0.99407758
0.03689320 0.42781521 0.99822328
0.03883495 0.41000962 0.99911164
0.04757282 0.37487969 1.00000000
0.05825243 0.34841193 0.99851940
0.05339806 0.31520693 0.99851940
0.05825243 0.28585178 0.99644655
0.05922330 0.27526468 0.99644655
0.06407767 0.25842156 0.99437370
0.06990291 0.22521655 0.99170862
0.07864078 0.20259865 0.98815517
0.07961165 0.18046198 0.98430560
0.08543689 0.15062560 0.97867930
0.08834951 0.13137632 0.97601421
0.08932039 0.11645813 0.97157240
0.09126214 0.09528393 0.96564999
0.10000000 0.07025987 0.95854309
0.09902913 0.04908566 0.95232455
0.10388350 0.02983638 0.94403317
0.10485437 0.00000000 0.93544566
