0.9602 0.0118 1.0000
0.9469 0.0138 0.9635
0.9513 0.0138 0.9635
0.9513 0.0158 0.9051
0.9602 0.0178 0.9051
0.9690 0.0158 0.8905
0.9779 0.0118 0.8905
0.9823 0.0000 0.8613
1.0000 0.0039 0.8248
1.0000 0.0217 0.7737
0.9956 0.0276 0.7518
0.9912 0.0059 0.7372
0.9912 0.0099 0.7372
0.9867 0.0217 0.6934
0.9956 0.0158 0.6788
0.9867 0.0020 0.6642
0.9867 0.0099 0.6131
0.9779 0.0217 0.5620
0.9646 0.0375 0.5474
0.9425 0.0394 0.5547
0.9425 0.0335 0.5620
0.9248 0.0493 0.5182
0.9159 0.0592 0.4891
0.9027 0.0710 0.4818
0.9071 0.0769 0.4745
0.9115 0.0848 0.4307
0.8938 0.0947 0.4088
0.8805 0.1105 0.3796
0.8584 0.1164 0.3796
0.8451 0.1183 0.3723
0.8363 0.1262 0.3431
0.8230 0.1400 0.3139
0.8230 0.1538 0.3139
0.8230 0.1598 0.2628
0.8097 0.1755 0.2482
0.8186 0.1913 0.2409
0.8186 0.2091 0.2482
0.8274 0.2071 0.2409
0.8186 0.2209 0.2336
0.8230 0.2327 0.1825
0.8319 0.2485 0.1825
0.8319 0.2485 0.1460
0.8274 0.2761 0.1460
0.8407 0.2840 0.0949
0.8319 0.2821 0.1314
0.8097 0.2919 0.1241
0.7876 0.3156 0.0876
0.7788 0.3235 0.0511
0.7920 0.3353 0.0657
0.7611 0.3609 0.0292
0.7699 0.3609 0.0584
0.7655 0.3629 0.0584
0.7522 0.3728 0.0730
0.7212 0.3984 0.0438
0.7212 0.4063 0.0511
0.7080 0.4103 0.0584
0.6991 0.4300 0.0219
0.6858 0.4398 0.0146
0.6903 0.4260 0.0219
0.6637 0.4300 0.0584
0.6372 0.4438 0.0365
0.6239 0.4615 0.0292
0.6106 0.4734 0.0073
0.6062 0.4872 0.0146
0.5929 0.4970 0.0146
0.5929 0.4892 0.0365
0.5929 0.4892 0.0365
0.5752 0.5069 0.0730
0.5442 0.5227 0.0292
0.5487 0.5325 0.0292
0.5177 0.5424 0.0219
0.5088 0.5523 0.0073
0.4912 0.5483 0.0219
0.4779 0.5582 0.0073
0.4381 0.5759 0.0219
0.4159 0.5858 0.0219
0.3894 0.6114 0.0073
0.3717 0.6292 0.0000
0.3407 0.6469 0.0146
0.3097 0.6469 0.0146
0.2920 0.6706 0.0365
0.2788 0.6884 0.0292
0.2389 0.6982 0.0803
0.2080 0.7081 0.0657
0.1814 0.7357 0.0584
0.1593 0.7456 0.0657
0.1416 0.7673 0.0657
0.1239 0.7771 0.0876
0.1150 0.7968 0.1095
0.0841 0.8008 0.1314
0.0664 0.8284 0.1533
0.0575 0.8521 0.1460
0.0531 0.8698 0.2044
0.0531 0.8994 0.2044
0.0442 0.9093 0.2482
0.0354 0.9369 0.2628
0.0310 0.9448 0.3066
0.0088 0.9704 0.3723
0.0000 0.9921 0.3869
0.0000 1.0000 0.4526
