1.00000000 0.88293651 0.00000000
0.99224806 0.88690476 0.00248963
0.99354005 0.88690476 0.00912863
0.98708010 0.87896825 0.01410788
0.98449612 0.88492063 0.01908714
0.97674419 0.89682540 0.02240664
0.98191214 0.90674603 0.02821577
0.97545220 0.90972222 0.03319502
0.97416021 0.91567460 0.03983402
0.96640827 0.92063492 0.04315353
0.96770026 0.92757937 0.04979253
0.96640827 0.92757937 0.05394191
0.96899225 0.93849206 0.05892116
0.95607235 0.93452381 0.06390041
0.95607235 0.93849206 0.06721992
0.94961240 0.95436508 0.06970954
0.94832041 0.96726190 0.07302905
0.94186047 0.96329365 0.07883817
0.94315245 0.95734127 0.08381743
0.93927649 0.96031746 0.08796680
0.94056848 0.97222222 0.09128631
0.93540052 0.96924603 0.09377593
0.93669251 0.97916667 0.09543568
0.93669251 0.98214286 0.09792531
0.93798450 0.98809524 0.10207469
0.93540052 0.98611111 0.10456432
0.93669251 0.98611111 0.10622407
0.93410853 0.98313492 0.10705394
0.93281654 0.99702381 0.10788382
0.92506460 1.00000000 0.10788382
0.93023256 0.99107143 0.11203320
0.92506460 0.99007937 0.11452282
0.92118863 0.99107143 0.11950207
0.91602067 0.98115079 0.12365145
0.91860465 0.98214286 0.12780083
0.91602067 0.98313492 0.12697095
0.92248062 0.96825397 0.13360996
0.91731266 0.96924603 0.13443983
0.91602067 0.95535714 0.13941909
0.91343669 0.93948413 0.14107884
0.91085271 0.94345238 0.14522822
0.90568475 0.93750000 0.14688797
0.90568475 0.94047619 0.15684647
0.90956072 0.94047619 0.15601660
0.90568475 0.94146825 0.16099585
0.89922481 0.94444444 0.16348548
0.89147287 0.95337302 0.16846473
0.89276486 0.96825397 0.17095436
0.88888889 0.98214286 0.17842324
0.88113695 0.98511905 0.18257261
0.88113695 0.98611111 0.19170124
0.87855297 0.99007937 0.19751037
0.87209302 0.99404762 0.20746888
0.86434109 0.99603175 0.21410788
0.86304910 0.98511905 0.22406639
0.85658915 0.96726190 0.23153527
0.85400517 0.96726190 0.24066390
0.85012920 0.95634921 0.25062241
0.84625323 0.94047619 0.25892116
0.83979328 0.93154762 0.26556017
0.83979328 0.90873016 0.27966805
0.83333333 0.89583333 0.28879668
0.83591731 0.87896825 0.29792531
0.82558140 0.87301587 0.30622407
0.82428941 0.86408730 0.31950207
0.82299742 0.84722222 0.33112033
0.82428941 0.84325397 0.34190871
0.82687339 0.83333333 0.35435685
0.82428941 0.81944444 0.36846473
0.82299742 0.79861111 0.38340249
0.82170543 0.79265873 0.40000000
0.81524548 0.80158730 0.41493776
0.79974160 0.78769841 0.43153527
0.79069767 0.76289683 0.44979253
0.78423773 0.74007937 0.46887967
0.77906977 0.73214286 0.48879668
0.77131783 0.71825397 0.50871369
0.76485788 0.71726190 0.52697095
0.75581395 0.71031746 0.55020747
0.74289406 0.68650794 0.56846473
0.72609819 0.65277778 0.59419087
0.71705426 0.61309524 0.61244813
0.70155039 0.64087302 0.63734440
0.68475452 0.62202381 0.65892116
0.67700258 0.57341270 0.68547718
0.65633075 0.54464286 0.70705394
0.63307494 0.52480159 0.73195021
0.61240310 0.50297619 0.75435685
0.58656331 0.49503968 0.77842324
0.55555556 0.47817460 0.80082988
0.52842377 0.42857143 0.82655602
0.50000000 0.36011905 0.84398340
0.45478036 0.33730159 0.87302905
0.40956072 0.31448413 0.88879668
0.35529716 0.27083333 0.91369295
0.29844961 0.23611111 0.93112033
0.23901809 0.18253968 0.95186722
0.17183463 0.09126984 0.96348548
0.09302326 0.02480159 0.98257261
0.00000000 0.00000000 1.00000000
