0.0000 1.0000 0.0000
0.0051 0.9775 0.0132
0.0114 0.9379 0.0315
0.0247 0.8838 0.0518
0.0399 0.8336 0.0803
0.0633 0.7807 0.1108
0.0887 0.7305 0.1433
0.1191 0.6750 0.1707
0.1457 0.6235 0.2002
0.1716 0.5694 0.2276
0.1982 0.5139 0.2530
0.2299 0.4584 0.2785
0.2571 0.4082 0.3110
0.2863 0.3646 0.3323
0.3065 0.3104 0.3598
0.3287 0.2563 0.3872
0.3464 0.2074 0.4157
0.3699 0.1598 0.4451
0.3927 0.1215 0.4746
0.4224 0.0806 0.5020
0.4484 0.0555 0.5325
0.4788 0.0357 0.5579
0.5003 0.0198 0.5813
0.5269 0.0106 0.6026
0.5491 0.0132 0.6240
0.5738 0.0172 0.6372
0.5940 0.0211 0.6535
0.6149 0.0277 0.6636
0.6270 0.0225 0.6748
0.6422 0.0225 0.6839
0.6510 0.0211 0.6982
0.6643 0.0172 0.7073
0.6726 0.0132 0.7205
0.6808 0.0119 0.7297
0.6827 0.0119 0.7368
0.6865 0.0040 0.7409
0.6846 0.0026 0.7429
0.6846 0.0013 0.7409
0.6776 0.0000 0.7398
0.6751 0.0026 0.7358
0.6681 0.0106 0.7307
0.6650 0.0119 0.7226
0.6561 0.0172 0.7154
0.6504 0.0185 0.7073
0.6428 0.0185 0.7033
0.6371 0.0145 0.6941
0.6295 0.0185 0.6911
0.6257 0.0132 0.6839
0.6175 0.0132 0.6809
0.6111 0.0106 0.6748
0.6029 0.0079 0.6717
0.5978 0.0066 0.6636
0.5877 0.0132 0.6585
0.5833 0.0159 0.6514
0.5738 0.0159 0.6433
0.5681 0.0211 0.6311
0.5592 0.0251 0.6230
0.5510 0.0264 0.6108
0.5415 0.0264 0.6016
0.5345 0.0330 0.5904
0.5250 0.0330 0.5843
0.5174 0.0396 0.5783
0.5085 0.0396 0.5783
0.5054 0.0462 0.5701
0.4965 0.0476 0.5691
0.4915 0.0502 0.5671
0.4845 0.0542 0.5650
0.4826 0.0568 0.5640
0.4788 0.0594 0.5630
0.4794 0.0647 0.5610
0.4750 0.0608 0.5620
0.4782 0.0647 0.5630
0.4794 0.0634 0.5681
0.4870 0.0647 0.5722
0.4940 0.0621 0.5813
0.5041 0.0568 0.5894
0.5130 0.0568 0.6016
0.5269 0.0515 0.6148
0.5389 0.0449 0.6311
0.5567 0.0436 0.6474
0.5731 0.0396 0.6667
0.5928 0.0383 0.6839
0.6124 0.0383 0.7033
0.6352 0.0383 0.7215
0.6567 0.0370 0.7429
0.6795 0.0370 0.7622
0.7017 0.0410 0.7825
0.7258 0.0357 0.8028
0.7498 0.0370 0.8211
0.7739 0.0370 0.8425
0.7980 0.0396 0.8608
0.8233 0.0436 0.8780
0.8467 0.0528 0.8974
0.8714 0.0621 0.9146
0.8936 0.0700 0.9339
0.9177 0.0753 0.9472
0.9398 0.0793 0.9644
0.9626 0.0766 0.9766
0.9810 0.0806 0.9888
1.0000 0.0859 1.0000
