0.00000000 0.86245772 0.27725437
0.01955556 0.85907554 0.29071332
0.02844444 0.91657272 0.30417227
0.04088889 0.92784667 0.31493943
0.04711111 0.93686584 0.33647376
0.06044444 0.91093574 0.35127860
0.07377778 0.95039459 0.37550471
0.08444444 0.97181511 0.40107672
0.08800000 0.97294250 0.42664872
0.09777778 0.97970688 0.45760431
0.10844444 0.97294250 0.48990579
0.12444444 1.00000000 0.52086137
0.13422222 0.99210823 0.55450875
0.14222222 0.97068771 0.58277254
0.14666667 0.97970688 0.61238223
0.16177778 0.96166855 0.64602961
0.17422222 0.97519729 0.67833109
0.18488889 0.96279594 0.70659489
0.18933333 0.95039459 0.74024226
0.20355556 0.91882751 0.77119785
0.21422222 0.91319053 0.80215343
0.22933333 0.91882751 0.83176312
0.23733333 0.88838782 0.86137281
0.25066667 0.86020293 0.88021534
0.25333333 0.82525366 0.90174966
0.26844444 0.80496054 0.92193809
0.27288889 0.79368658 0.94481830
0.28000000 0.75310034 0.95827725
0.28355556 0.72378805 0.97711978
0.29511111 0.67192785 0.98654105
0.29955556 0.67531003 0.99730821
0.30933333 0.63810598 0.99865410
0.30933333 0.59526494 1.00000000
0.32266667 0.52874859 0.99596231
0.32444444 0.49492672 0.99327052
0.33422222 0.49379932 0.99057873
0.33688889 0.46786922 0.98519515
0.34755556 0.41713641 0.97039031
0.35111111 0.36978579 0.95962315
0.36000000 0.32130778 0.93808883
0.36622222 0.32807215 0.92866756
0.37244444 0.30101466 0.90444145
0.37777778 0.25479143 0.88290713
0.38488889 0.23449831 0.86271871
0.38844444 0.17587373 0.83983849
0.39644444 0.18602029 0.82503365
0.40088889 0.16910936 0.80349933
0.40977778 0.14092446 0.77792732
0.41866667 0.12288613 0.75773890
0.42311111 0.08793687 0.72812921
0.42933333 0.09470124 0.70659489
0.43911111 0.07666291 0.68102288
0.44800000 0.06989853 0.66083445
0.46044444 0.06087937 0.63391655
0.46755556 0.04847802 0.60834455
0.47911111 0.03043968 0.57873486
0.49422222 0.03043968 0.55585464
0.50844444 0.03382187 0.52893674
0.51644444 0.02142052 0.49394347
0.52800000 0.00676437 0.46164199
0.53777778 0.00676437 0.43337820
0.55111111 0.00338219 0.40242261
0.55733333 0.00563698 0.37819650
0.56977778 0.01240135 0.35127860
0.57600000 0.00901917 0.32032301
0.59288889 0.00901917 0.29205922
0.60177778 0.00000000 0.27052490
0.60800000 0.00563698 0.23553163
0.61600000 0.01803833 0.21534320
0.63111111 0.01240135 0.18707941
0.63822222 0.03607666 0.17227456
0.64800000 0.04171364 0.14804845
0.65866667 0.05636979 0.13862719
0.67377778 0.06764374 0.11440108
0.68355556 0.08793687 0.09959623
0.69511111 0.09695603 0.08344549
0.69955556 0.11273957 0.06864065
0.71022222 0.13077790 0.05383580
0.72177778 0.13979707 0.04306864
0.73422222 0.16347238 0.03499327
0.74133333 0.18038331 0.03095559
0.75377778 0.19842165 0.02288022
0.76533333 0.20631342 0.01615074
0.78133333 0.20518602 0.00807537
0.79377778 0.24689966 0.00807537
0.80266667 0.26268320 0.00269179
0.81511111 0.26944758 0.00000000
0.83200000 0.27170237 0.00000000
0.84622222 0.28523112 0.00134590
0.86044444 0.31228861 0.00672948
0.87466667 0.32243517 0.00807537
0.88888889 0.34160090 0.00942127
0.90666667 0.33934611 0.01076716
0.92088889 0.35851184 0.01749664
0.93244444 0.36189402 0.02018843
0.94755556 0.37542277 0.02826380
0.95911111 0.37316798 0.03364738
0.97600000 0.37204059 0.04441454
0.98666667 0.37091319 0.04576043
1.00000000 0.37880496 0.05248991
