0.98211091 0.71129326 0.35064935
0.98568873 0.70582878 0.35551948
0.98747764 0.68943534 0.36363636
1.00000000 0.68214936 0.35227273
0.98568873 0.68214936 0.35714286
0.99642218 0.69398907 0.35227273
0.99105546 0.66120219 0.34253247
0.99463327 0.66757741 0.33766234
0.97674419 0.64663024 0.32792208
0.98568873 0.65209472 0.32142857
0.98211091 0.63570128 0.30519481
0.97853309 0.62841530 0.28246753
0.97137746 0.62932605 0.27110390
0.96601073 0.62386157 0.24350649
0.96422182 0.61657559 0.22889610
0.95169946 0.60655738 0.20129870
0.94812165 0.63387978 0.19155844
0.95706619 0.61748634 0.15909091
0.93917710 0.62932605 0.13311688
0.93738819 0.63023679 0.10876623
0.91771020 0.64480874 0.08279221
0.91949911 0.66029144 0.06493506
0.89624329 0.66848816 0.04707792
0.89624329 0.71675774 0.04220779
0.88550984 0.71220401 0.02435065
0.87835420 0.73679417 0.00811688
0.86046512 0.73224044 0.00000000
0.85867621 0.78142077 0.00000000
0.84973166 0.79872495 0.00974026
0.84615385 0.81602914 0.00649351
0.83542039 0.86520947 0.02597403
0.83184258 0.86065574 0.03246753
0.82468694 0.86976321 0.04545455
0.81037567 0.89435337 0.06655844
0.79785331 0.93989071 0.09740260
0.78890877 0.94444444 0.12824675
0.76744186 0.95264117 0.15422078
0.75491950 0.96357013 0.18181818
0.73345259 0.98907104 0.21753247
0.72987478 0.97449909 0.24350649
0.70304114 0.96174863 0.26948052
0.69051878 0.99817851 0.31331169
0.66368515 1.00000000 0.35389610
0.66368515 0.98360656 0.38311688
0.62790698 0.95537341 0.41233766
0.61359571 0.98542805 0.44642857
0.59391771 0.98087432 0.48376623
0.57781753 0.96994536 0.51461039
0.54919499 0.95081967 0.55032468
0.52772809 0.95719490 0.58928571
0.50268336 0.94899818 0.62824675
0.47584973 0.92622951 0.64935065
0.44364937 0.90892532 0.69480519
0.43112701 0.91347905 0.71915584
0.40429338 0.90072860 0.75649351
0.37745975 0.88069217 0.78571429
0.35599284 0.88160291 0.81980519
0.34525939 0.84153005 0.84577922
0.33989267 0.82969035 0.86688312
0.31663685 0.80510018 0.88798701
0.30590340 0.80145719 0.90746753
0.29338104 0.76138434 0.92045455
0.27549195 0.74134791 0.93993506
0.25402504 0.70673953 0.94805195
0.23792487 0.68943534 0.96590909
0.23076923 0.66211293 0.97240260
0.21466905 0.63387978 0.97727273
0.20393560 0.61020036 0.98538961
0.18246869 0.57923497 0.98701299
0.17710197 0.54189435 0.98538961
0.15384615 0.52732240 0.99675325
0.14669052 0.51457195 1.00000000
0.14132379 0.47085610 0.99188312
0.12701252 0.45081967 0.98701299
0.10733453 0.42805100 0.98376623
0.09123435 0.41894353 0.98051948
0.08407871 0.37613843 0.97727273
0.06618962 0.37431694 0.98701299
0.06082290 0.36612022 0.99350649
0.04651163 0.34335155 0.98376623
0.04472272 0.30054645 0.97077922
0.03220036 0.29690346 0.97240260
0.02683363 0.27959927 0.97077922
0.03041145 0.25683060 0.96266234
0.03220036 0.23041894 0.96103896
0.02683363 0.22859745 0.95941558
0.02862254 0.21220401 0.95454545
0.03398927 0.18123862 0.93506494
0.02683363 0.16757741 0.93993506
0.02862254 0.16029144 0.93344156
0.02325581 0.15938069 0.94480519
0.02504472 0.12477231 0.92857143
0.00715564 0.13479053 0.93344156
0.01967800 0.10200364 0.92694805
0.01252236 0.09653916 0.92045455
0.01610018 0.05373406 0.90422078
0.00178891 0.04826958 0.90909091
0.00357782 0.04462659 0.91233766
0.00715564 0.01366120 0.90422078
0.00000000 0.00000000 0.89935065
