0.9286 0.0000 1.0000
0.8333 0.0000 0.9845
0.8810 0.0042 0.9897
0.8333 0.0127 0.9691
0.8810 0.0275 0.9691
0.8571 0.0424 0.9536
0.8333 0.0508 0.9588
0.7857 0.0551 0.9381
0.8571 0.0551 0.9381
0.7857 0.0572 0.9175
0.8095 0.0636 0.9278
0.8333 0.0742 0.9124
0.8333 0.0847 0.9021
0.7857 0.0890 0.8918
0.8095 0.0847 0.8969
0.8095 0.0911 0.8763
0.8095 0.0932 0.8814
0.8571 0.1081 0.8557
0.8095 0.1186 0.8660
0.8333 0.1250 0.8402
0.7857 0.1250 0.8402
0.8095 0.1335 0.8041
0.8095 0.1419 0.8299
0.8810 0.1547 0.7887
0.7857 0.1653 0.7732
0.7143 0.1758 0.7629
0.7857 0.1822 0.7577
0.7857 0.1843 0.7371
0.7619 0.1907 0.7371
0.7619 0.2013 0.7216
0.7619 0.2076 0.7268
0.7857 0.2119 0.7062
0.8095 0.2140 0.7113
0.8095 0.2161 0.6959
0.8333 0.2203 0.6959
0.8095 0.2288 0.6856
0.8333 0.2394 0.6804
0.8333 0.2415 0.6701
0.8571 0.2415 0.6649
0.8810 0.2564 0.6443
0.8333 0.2669 0.6392
0.7619 0.2775 0.6186
0.7619 0.2881 0.6186
0.8095 0.2881 0.6031
0.7619 0.2945 0.6031
0.7619 0.3072 0.5876
0.8095 0.3136 0.5825
0.7619 0.3178 0.5773
0.7857 0.3199 0.5773
0.8095 0.3220 0.5670
0.8095 0.3305 0.5876
0.8333 0.3347 0.5670
0.8333 0.3453 0.5670
0.8810 0.3496 0.5515
0.8810 0.3581 0.5619
0.8810 0.3644 0.5361
0.8571 0.3750 0.5206
0.8333 0.3856 0.5052
0.8571 0.3983 0.4948
0.8333 0.4068 0.4794
0.8333 0.4089 0.4742
0.7857 0.4195 0.4536
0.7857 0.4343 0.4433
0.8095 0.4449 0.4330
0.8333 0.4534 0.4278
0.8095 0.4682 0.4124
0.8571 0.4809 0.3918
0.8333 0.4873 0.3866
0.8810 0.4979 0.3711
0.9048 0.5127 0.3557
0.9524 0.5233 0.3454
0.9524 0.5297 0.3196
0.8810 0.5466 0.3402
1.0000 0.5593 0.2990
0.8810 0.5742 0.2938
0.7857 0.5953 0.2732
0.7857 0.6081 0.2629
0.6905 0.6229 0.2526
0.7143 0.6377 0.2371
0.6190 0.6462 0.2320
0.6667 0.6568 0.2320
0.6667 0.6716 0.2062
0.6190 0.6843 0.2113
0.5714 0.7055 0.1907
0.5714 0.7203 0.1856
0.5238 0.7331 0.1701
0.5238 0.7458 0.1701
0.5000 0.7436 0.1649
0.5476 0.7521 0.1701
0.5238 0.7669 0.1443
0.5238 0.7818 0.1495
0.5000 0.8051 0.1186
0.5476 0.8242 0.1134
0.4762 0.8538 0.0722
0.5000 0.8792 0.0619
0.4048 0.8983 0.0464
0.3333 0.9280 0.0464
0.2143 0.9428 0.0155
0.1667 0.9831 0.0103
0.0000 1.0000 0.0000
