0.00000000 0.19417476 0.95714286
0.01170569 0.17961165 0.97142857
0.02173913 0.16504854 0.91428571
0.03177258 0.15291262 0.97142857
0.03177258 0.13349515 1.00000000
0.04347826 0.11650485 0.95714286
0.04849498 0.12378641 0.77142857
0.05852843 0.12621359 0.72857143
0.06354515 0.11165049 0.78571429
0.07692308 0.08980583 0.72857143
0.08528428 0.08980583 0.61428571
0.09197324 0.08252427 0.68571429
0.09531773 0.05097087 0.74285714
0.10367893 0.04611650 0.67142857
0.10367893 0.05582524 0.58571429
0.11204013 0.05825243 0.57142857
0.12207358 0.04126214 0.55714286
0.13043478 0.03883495 0.52857143
0.13210702 0.03883495 0.50000000
0.13377926 0.01456311 0.64285714
0.13712375 0.00000000 0.62857143
0.14715719 0.02912621 0.51428571
0.14882943 0.03398058 0.51428571
0.16722408 0.02427184 0.45714286
0.17056856 0.01941748 0.35714286
0.17558528 0.04126214 0.34285714
0.18060201 0.02669903 0.44285714
0.18896321 0.01941748 0.47142857
0.19230769 0.04854369 0.35714286
0.19899666 0.06067961 0.35714286
0.20735786 0.05339806 0.34285714
0.22408027 0.07766990 0.25714286
0.23411371 0.08252427 0.28571429
0.24414716 0.08252427 0.38571429
0.25418060 0.06553398 0.41428571
0.26254181 0.10922330 0.24285714
0.27424749 0.11650485 0.17142857
0.29264214 0.11165049 0.22857143
0.30434783 0.12864078 0.15714286
0.31438127 0.13349515 0.20000000
0.32441472 0.13106796 0.25714286
0.32943144 0.13592233 0.31428571
0.33779264 0.16990291 0.18571429
0.35284281 0.17961165 0.17142857
0.36287625 0.17718447 0.22857143
0.37959866 0.19174757 0.20000000
0.38628763 0.20388350 0.17142857
0.39464883 0.19417476 0.37142857
0.40635452 0.20388350 0.32857143
0.41806020 0.24271845 0.24285714
0.42642140 0.26213592 0.15714286
0.43979933 0.27427184 0.22857143
0.45150502 0.28398058 0.18571429
0.46488294 0.28883495 0.24285714
0.47491639 0.28883495 0.35714286
0.48327759 0.29854369 0.37142857
0.49331104 0.33495146 0.24285714
0.50334448 0.34708738 0.27142857
0.51337793 0.35194175 0.37142857
0.53010033 0.36165049 0.34285714
0.55016722 0.35679612 0.34285714
0.56187291 0.36165049 0.44285714
0.57357860 0.35922330 0.40000000
0.58695652 0.39320388 0.30000000
0.59866221 0.40533981 0.32857143
0.61204013 0.40533981 0.40000000
0.62709030 0.40776699 0.35714286
0.64214047 0.41019417 0.38571429
0.65384615 0.40776699 0.42857143
0.66555184 0.41019417 0.48571429
0.68060201 0.41262136 0.38571429
0.69230769 0.42718447 0.48571429
0.70568562 0.41504854 0.54285714
0.73076923 0.42961165 0.40000000
0.74414716 0.42961165 0.35714286
0.76421405 0.43932039 0.37142857
0.77926421 0.44174757 0.37142857
0.79264214 0.44902913 0.38571429
0.80267559 0.46601942 0.31428571
0.81438127 0.49757282 0.25714286
0.82943144 0.50728155 0.20000000
0.84448161 0.51699029 0.17142857
0.85451505 0.51699029 0.21428571
0.86622074 0.52912621 0.22857143
0.88294314 0.54854369 0.14285714
0.90301003 0.58009709 0.05714286
0.90802676 0.60922330 0.02857143
0.92474916 0.62378641 0.11428571
0.93812709 0.63349515 0.10000000
0.94816054 0.65533981 0.15714286
0.95819398 0.67718447 0.12857143
0.97491639 0.71116505 0.05714286
0.98160535 0.75485437 0.00000000
0.98494983 0.78640777 0.07142857
0.98829431 0.80825243 0.10000000
0.98829431 0.83495146 0.22857143
0.98996656 0.85194175 0.40000000
0.99498328 0.89320388 0.38571429
1.00000000 0.95631068 0.25714286
0.99331104 1.00000000 0.31428571
