1.00000000 0.10591900 1.00000000
0.98622800 0.09479306 0.99429658
0.96786534 0.08411215 0.97623574
0.95179801 0.07076101 0.97433460
0.93037490 0.06497552 0.94106464
0.90742158 0.05295950 0.92775665
0.88064269 0.04450378 0.90019011
0.85692425 0.03693814 0.88403042
0.82861515 0.03426791 0.84885932
0.79724560 0.02269693 0.83745247
0.76664116 0.01735648 0.80038023
0.73603673 0.01068091 0.78136882
0.70390207 0.01246106 0.74049430
0.67253252 0.00578549 0.71768061
0.63504208 0.00489542 0.67775665
0.59984698 0.00000000 0.66159696
0.56465187 0.00623053 0.61596958
0.52869166 0.00089008 0.60266160
0.49196634 0.00578549 0.55608365
0.45906656 0.00979083 0.52946768
0.42846213 0.01513129 0.49239544
0.39250191 0.01824655 0.46673004
0.35730681 0.02447708 0.42870722
0.32440704 0.03248776 0.40684411
0.29380260 0.04316867 0.37167300
0.26472839 0.04984424 0.35171103
0.23718439 0.05963507 0.31558935
0.21346595 0.07699154 0.29182510
0.18821729 0.08811749 0.26711027
0.16526396 0.09879840 0.25285171
0.14231064 0.11125946 0.22813688
0.12012242 0.13440142 0.20342205
0.09716909 0.14908767 0.19011407
0.08186687 0.15798843 0.19011407
0.06656465 0.17534490 0.16920152
0.05279265 0.19581664 0.15779468
0.03749044 0.21272808 0.14543726
0.02907422 0.22474410 0.14923954
0.01759755 0.24121050 0.13878327
0.01377200 0.25901202 0.13117871
0.00535578 0.27191811 0.12927757
0.00459067 0.28215398 0.14068441
0.00382555 0.29194482 0.13498099
0.00306044 0.31019137 0.11882129
0.00000000 0.32265243 0.11882129
0.00459067 0.33199822 0.13022814
0.00459067 0.33956386 0.12832700
0.00535578 0.35603026 0.13212928
0.00688600 0.36493102 0.12927757
0.00994644 0.37739208 0.13403042
0.01683244 0.38629283 0.12737643
0.01912777 0.39830886 0.13593156
0.02371844 0.40765465 0.13498099
0.02907422 0.41700045 0.14638783
0.03596021 0.42679128 0.13117871
0.04208110 0.43925234 0.13498099
0.05202754 0.44726302 0.14068441
0.06503443 0.45082332 0.15399240
0.07498087 0.46150423 0.13688213
0.08416220 0.46995995 0.13878327
0.09104820 0.47841567 0.13878327
0.09946442 0.48420116 0.13783270
0.10482020 0.49666222 0.13403042
0.11706197 0.50422786 0.12262357
0.11935731 0.50867824 0.13022814
0.12700842 0.51624388 0.12262357
0.13083397 0.52959502 0.10741445
0.13465953 0.54072096 0.09885932
0.13925019 0.54650645 0.10266160
0.14001530 0.55941255 0.08935361
0.14766641 0.56564308 0.09125475
0.14996174 0.57899421 0.07984791
0.15531752 0.58655986 0.07604563
0.15608263 0.60213618 0.05988593
0.15761285 0.61014686 0.06368821
0.15531752 0.62349800 0.05608365
0.15608263 0.63106364 0.06463878
0.15378730 0.64574989 0.04087452
0.15455241 0.65821095 0.03802281
0.15225708 0.66978193 0.03422053
0.15225708 0.68001780 0.03231939
0.14613619 0.69781931 0.01901141
0.14537108 0.70805518 0.02471483
0.14307575 0.72363151 0.01901141
0.14537108 0.73520249 0.02186312
0.14231064 0.75923453 0.00000000
0.14537108 0.77258567 0.00665399
0.14919663 0.78949711 0.02566540
0.15531752 0.80507343 0.03897338
0.15378730 0.83311081 0.02376426
0.15914308 0.85313752 0.04182510
0.16449885 0.87271918 0.06939163
0.17444529 0.88963062 0.09695817
0.18133129 0.91321762 0.11406844
0.19127774 0.93012906 0.14543726
0.20581484 0.94481531 0.18155894
0.21499617 0.96350690 0.20912548
0.22723795 0.98219849 0.23574144
0.24100995 0.99154428 0.27566540
0.25937261 1.00000000 0.33079848
