1.0000 0.8948 0.0000
0.9901 0.9071 0.0188
0.9821 0.9044 0.0375
0.9722 0.9269 0.0597
0.9503 0.9419 0.0922
0.9404 0.9474 0.1212
0.9245 0.9658 0.1655
0.8986 0.9508 0.1877
0.8688 0.9843 0.2372
0.8668 0.9617 0.2594
0.8509 1.0000 0.3140
0.8211 0.9713 0.3396
0.7913 0.9952 0.3891
0.7773 0.9734 0.4232
0.7336 0.9693 0.4590
0.7078 0.9720 0.5085
0.6819 0.9720 0.5427
0.6660 0.9898 0.5836
0.6262 0.9337 0.6075
0.6024 0.9699 0.6485
0.5885 0.9173 0.6826
0.5626 0.9269 0.7116
0.5408 0.8934 0.7474
0.5328 0.9037 0.7713
0.5209 0.9064 0.8106
0.4950 0.8484 0.8140
0.4712 0.8866 0.8567
0.4612 0.8429 0.8703
0.4254 0.8367 0.8908
0.4115 0.7835 0.8993
0.3936 0.8046 0.9283
0.3837 0.7964 0.9437
0.3579 0.7561 0.9454
0.3459 0.7520 0.9590
0.3181 0.7268 0.9761
0.3221 0.7015 0.9727
0.2942 0.6728 0.9778
0.2922 0.6735 0.9795
0.2704 0.6564 0.9846
0.2604 0.6305 0.9778
0.2326 0.5970 0.9710
0.2207 0.5943 0.9829
0.2008 0.5813 0.9949
0.1909 0.5656 0.9829
0.1630 0.5526 0.9915
0.1571 0.5225 0.9744
0.1392 0.5075 0.9812
0.1233 0.5007 0.9863
0.1074 0.5061 1.0000
0.1133 0.4822 0.9881
0.1074 0.4665 0.9863
0.1054 0.4536 0.9778
0.0895 0.4515 0.9778
0.0974 0.4262 0.9608
0.0855 0.4283 0.9710
0.0835 0.4057 0.9590
0.0736 0.3989 0.9573
0.0755 0.3764 0.9420
0.0795 0.3634 0.9437
0.0775 0.3593 0.9352
0.0775 0.3436 0.9317
0.0775 0.3238 0.9249
0.0736 0.3190 0.9300
0.0755 0.3060 0.9232
0.0775 0.2862 0.9147
0.0855 0.2787 0.9215
0.0656 0.2678 0.9113
0.0755 0.2705 0.9198
0.0596 0.2432 0.9027
0.0557 0.2329 0.9027
0.0457 0.2090 0.9044
0.0497 0.2029 0.8840
0.0477 0.1783 0.8840
0.0358 0.1653 0.8532
0.0239 0.1735 0.8669
0.0358 0.1277 0.8242
0.0239 0.1421 0.8294
0.0358 0.1011 0.7901
0.0278 0.1134 0.7747
0.0417 0.0929 0.7491
0.0358 0.0840 0.7150
0.0338 0.0922 0.7133
0.0258 0.0649 0.6655
0.0258 0.0738 0.6485
0.0179 0.0383 0.5973
0.0199 0.0656 0.5904
0.0119 0.0478 0.5580
0.0179 0.0437 0.5239
0.0099 0.0314 0.5034
0.0080 0.0273 0.4625
0.0159 0.0253 0.4403
0.0159 0.0164 0.4044
0.0159 0.0280 0.3959
0.0239 0.0219 0.3549
0.0159 0.0143 0.3259
0.0159 0.0000 0.2867
0.0080 0.0130 0.2799
0.0080 0.0034 0.2509
0.0020 0.0082 0.2321
0.0000 0.0171 0.2218
