0.1381 0.0000 0.3900
0.0589 0.0764 0.2386
0.0146 0.1965 0.1004
0.0000 0.3527 0.0253
0.0439 0.5186 0.0000
0.1121 0.6837 0.0462
0.2183 0.8113 0.1298
0.3214 0.9151 0.2484
0.4284 0.9721 0.3721
0.5233 0.9973 0.4921
0.6059 1.0000 0.6003
0.6760 0.9755 0.6919
0.7308 0.9517 0.7688
0.7761 0.9171 0.8261
0.8105 0.8884 0.8729
0.8398 0.8576 0.9087
0.8641 0.8261 0.9343
0.8827 0.7948 0.9532
0.8990 0.7679 0.9676
0.9130 0.7465 0.9791
0.9252 0.7216 0.9848
0.9354 0.7019 0.9902
0.9449 0.6837 0.9922
0.9527 0.6709 0.9939
0.9601 0.6534 0.9922
0.9653 0.6442 0.9926
0.9713 0.6345 0.9933
0.9757 0.6248 0.9916
0.9802 0.6163 0.9902
0.9836 0.6098 0.9882
0.9876 0.6049 0.9852
0.9900 0.5984 0.9825
0.9922 0.5942 0.9811
0.9950 0.5923 0.9811
0.9974 0.5867 0.9751
0.9992 0.5826 0.9720
1.0000 0.5833 0.9680
1.0000 0.5870 0.9663
0.9998 0.5794 0.9589
0.9998 0.5840 0.9589
0.9980 0.5811 0.9528
0.9970 0.5843 0.9508
0.9944 0.5804 0.9437
0.9938 0.5816 0.9417
0.9908 0.5838 0.9380
0.9880 0.5857 0.9343
0.9858 0.5843 0.9319
0.9826 0.5899 0.9323
0.9800 0.5911 0.9302
0.9767 0.5933 0.9275
0.9749 0.5974 0.9279
0.9709 0.6025 0.9275
0.9679 0.6078 0.9279
0.9637 0.6093 0.9289
0.9603 0.6122 0.9309
0.9569 0.6153 0.9329
0.9543 0.6182 0.9333
0.9511 0.6195 0.9343
0.9481 0.6221 0.9353
0.9449 0.6272 0.9393
0.9425 0.6255 0.9397
0.9399 0.6289 0.9427
0.9381 0.6296 0.9447
0.9366 0.6347 0.9461
0.9348 0.6359 0.9471
0.9316 0.6391 0.9498
0.9306 0.6410 0.9518
0.9276 0.6415 0.9542
0.9260 0.6427 0.9558
0.9236 0.6420 0.9569
0.9220 0.6478 0.9582
0.9200 0.6473 0.9599
0.9188 0.6469 0.9599
0.9168 0.6454 0.9602
0.9152 0.6476 0.9626
0.9136 0.6488 0.9636
0.9132 0.6507 0.9639
0.9120 0.6503 0.9653
0.9108 0.6512 0.9660
0.9098 0.6500 0.9660
0.9080 0.6517 0.9666
0.9064 0.6537 0.9697
0.9050 0.6553 0.9707
0.9036 0.6568 0.9737
0.9028 0.6580 0.9740
0.9012 0.6592 0.9757
0.9004 0.6612 0.9774
0.8992 0.6638 0.9821
0.8990 0.6680 0.9842
0.8984 0.6658 0.9848
0.9000 0.6675 0.9858
0.8988 0.6709 0.9882
0.8992 0.6779 0.9899
0.8992 0.6740 0.9902
0.8996 0.6811 0.9926
0.8986 0.6794 0.9939
0.8992 0.6845 0.9960
0.8988 0.6842 0.9980
0.8998 0.6849 0.9980
0.8996 0.6878 1.0000
