66.0000 -49.0000 0.2457
68.0000 -51.0769 0.2342
69.8333 -52.3846 0.2284
72.1667 -53.0000 0.2284
74.1667 -54.7692 0.2026
75.6667 -56.0769 0.1897
76.3333 -55.8462 0.1724
76.3333 -54.6923 0.1652
76.1667 -57.0769 0.1336
76.1667 -55.6154 0.1336
74.6667 -56.5385 0.1078
73.8333 -55.5385 0.0991
71.6667 -56.7692 0.0690
71.1667 -56.3846 0.0603
68.6667 -55.6923 0.0445
66.3333 -55.0769 0.0287
64.5000 -55.5385 0.0187
61.8333 -53.7692 0.0201
59.6667 -53.3846 0.0115
56.8333 -52.6923 0.0000
55.3333 -51.3846 0.0014
52.0000 -49.7692 0.0000
49.5000 -48.0769 0.0014
46.0000 -47.6154 0.0057
43.1667 -46.6923 0.0144
40.3333 -45.6923 0.0230
38.1667 -44.7692 0.0244
35.5000 -44.3846 0.0287
33.0000 -43.5385 0.0330
30.3333 -41.9231 0.0503
28.3333 -42.4615 0.0517
26.1667 -41.3846 0.0647
24.6667 -41.1538 0.0733
23.3333 -39.5385 0.0790
21.8333 -39.1538 0.0833
19.1667 -38.1538 0.0948
18.3333 -37.5385 0.1034
15.8333 -37.3846 0.1135
14.5000 -37.0000 0.1207
12.5000 -37.2308 0.1250
11.1667 -35.3846 0.1307
9.5000 -35.5385 0.1379
8.5000 -35.6923 0.1379
6.8333 -36.1538 0.1394
5.5000 -35.4615 0.1494
4.1667 -35.0769 0.1537
3.8333 -34.4615 0.1552
2.8333 -34.6154 0.1609
1.8333 -34.3077 0.1638
1.0000 -34.6923 0.1638
-0.5000 -34.1538 0.1667
-1.8333 -33.5385 0.1796
-3.0000 -33.0000 0.1839
-4.1667 -32.5385 0.1968
-4.8333 -32.1538 0.1983
-6.1667 -31.7692 0.2055
-6.8333 -31.1538 0.2126
-7.8333 -30.3077 0.2328
-8.0000 -29.0000 0.2414
-8.5000 -29.6923 0.2443
-7.1667 -29.1538 0.2486
-8.1667 -28.0769 0.2586
-7.8333 -25.8462 0.2658
-7.8333 -27.0769 0.2672
-7.5000 -24.8462 0.2773
-8.3333 -25.3846 0.2830
-7.8333 -23.7692 0.2917
-8.1667 -23.8462 0.3003
-7.3333 -23.6154 0.3003
-7.5000 -22.6923 0.3089
-7.3333 -21.3077 0.3175
-7.0000 -20.6154 0.3290
-7.1667 -19.9231 0.3376
-7.0000 -19.3077 0.3520
-6.6667 -18.1538 0.3606
-5.8333 -17.3846 0.3707
-6.5000 -15.4615 0.3822
-5.8333 -14.4615 0.4009
-6.3333 -13.3077 0.4152
-6.5000 -12.8462 0.4310
-7.0000 -12.0000 0.4511
-6.3333 -10.5385 0.4741
-6.0000 -10.2308 0.4943
-5.6667 -8.9231 0.5101
-6.3333 -7.9231 0.5330
-6.6667 -6.7692 0.5603
-5.0000 -6.3077 0.5819
-5.8333 -4.9231 0.6135
-3.8333 -3.8462 0.6408
-4.0000 -2.9231 0.6695
-2.6667 -2.3077 0.6954
-3.0000 -1.0769 0.7270
-2.0000 -0.3846 0.7586
-1.8333 -0.3846 0.7974
-1.3333 0.0000 0.8261
-1.3333 1.2308 0.8664
0.0000 1.5385 0.8966
0.0000 1.9231 0.9353
1.3333 1.0769 0.9598
1.3333 1.0000 1.0000
