0.91844920 0.00000000 0.00133511
0.92245989 0.00411281 0.00000000
0.92245989 0.01292597 0.00667557
0.93181818 0.01880141 0.00133511
0.92245989 0.02467685 0.00534045
0.93315508 0.02643948 0.01068091
0.93181818 0.03349001 0.01468625
0.93582888 0.03584019 0.02136182
0.93850267 0.04171563 0.02803738
0.94385027 0.04876616 0.02803738
0.94251337 0.05464160 0.02937250
0.95187166 0.05816686 0.03337784
0.95320856 0.06756757 0.03337784
0.95989305 0.07579318 0.03604806
0.95454545 0.08284371 0.04272363
0.95989305 0.08813161 0.04939920
0.95989305 0.09400705 0.05473965
0.96390374 0.10164512 0.05874499
0.96524064 0.10634548 0.06809079
0.97459893 0.10869565 0.07343124
0.97459893 0.11457109 0.07743658
0.98262032 0.11868390 0.08544726
0.97459893 0.12397180 0.09212283
0.98128342 0.13219741 0.09746328
0.97459893 0.14101058 0.09612817
0.98529412 0.15099882 0.10280374
0.98395722 0.15569918 0.10680908
0.98796791 0.16509988 0.11481976
0.98128342 0.17802585 0.11615487
0.98529412 0.18390129 0.12683578
0.98529412 0.18860165 0.12950601
0.99331551 0.19153937 0.14419226
0.99064171 0.19447709 0.15353805
0.99866310 0.20270270 0.16021362
0.99598930 0.20857814 0.16555407
0.99866310 0.21856639 0.16955941
0.99732620 0.22502938 0.17489987
1.00000000 0.23325499 0.18691589
0.99331551 0.24383079 0.18958611
0.99331551 0.25675676 0.19359146
0.98529412 0.26674501 0.19626168
0.98395722 0.27967098 0.20293725
0.97994652 0.28848414 0.20560748
0.97860963 0.30434783 0.21361816
0.96657754 0.31903643 0.22029372
0.95721925 0.33313749 0.22963952
0.94652406 0.35252644 0.22563418
0.93983957 0.37367803 0.23230975
0.92245989 0.38895417 0.23765020
0.91443850 0.40481786 0.25100134
0.89304813 0.42479436 0.25100134
0.88770053 0.44653349 0.25901202
0.86764706 0.46415981 0.26702270
0.86363636 0.48237368 0.28037383
0.83422460 0.49706228 0.28571429
0.82620321 0.51938895 0.29639519
0.80882353 0.53349001 0.30440587
0.79545455 0.55170388 0.32042724
0.77406417 0.56580494 0.32710280
0.76604278 0.58401880 0.34445928
0.74732620 0.59870740 0.34979973
0.73796791 0.61457109 0.36582109
0.71524064 0.62808461 0.37650200
0.70588235 0.64688602 0.38718291
0.68983957 0.66451234 0.39252336
0.67914439 0.68037603 0.40587450
0.66443850 0.69153937 0.41522029
0.65240642 0.70505288 0.43524700
0.63770053 0.71856639 0.44325768
0.63235294 0.73090482 0.45794393
0.61497326 0.73736780 0.47396529
0.60695187 0.74970623 0.49799733
0.59224599 0.75969448 0.50066756
0.58288770 0.77262045 0.51802403
0.56283422 0.78672150 0.52336449
0.54946524 0.79670975 0.55140187
0.52673797 0.80728555 0.56608812
0.51069519 0.81727380 0.58477971
0.49331551 0.83196240 0.59145527
0.47860963 0.84253819 0.61281709
0.44919786 0.85076381 0.63818425
0.43181818 0.85957697 0.66488652
0.40641711 0.87074031 0.67556742
0.39037433 0.88836663 0.68624833
0.36229947 0.90011751 0.70493992
0.34090909 0.90834313 0.73297730
0.30614973 0.91774383 0.75567423
0.29278075 0.92361927 0.77570093
0.25802139 0.93948296 0.79038718
0.23529412 0.94712103 0.81174900
0.19786096 0.95123384 0.84245661
0.17513369 0.95769683 0.85847797
0.14171123 0.97297297 0.86915888
0.12433155 0.97767333 0.88785047
0.08556150 0.98766157 0.90253672
0.06951872 0.99294947 0.92256342
0.04278075 0.99764982 0.93324433
0.03475936 1.00000000 0.95460614
0.00935829 1.00000000 0.97863818
0.00000000 1.00000000 1.00000000
