0.83759591 0.31095406 0.03682057
0.84015345 0.32508834 0.03272940
0.84462916 0.33333333 0.02922268
0.84430946 0.32921084 0.02337814
0.84750639 0.33686690 0.01928697
0.84974425 0.33333333 0.01519579
0.85453964 0.35747939 0.01344243
0.85709719 0.36808009 0.01227352
0.86061381 0.36631331 0.00818235
0.86349105 0.36690224 0.00759790
0.86764706 0.37279152 0.00526008
0.87148338 0.38692580 0.00526008
0.87691816 0.40106007 0.00584454
0.88043478 0.39988221 0.00409117
0.88331202 0.39693757 0.00292227
0.88618926 0.40047114 0.00116891
0.89034527 0.40223793 0.00000000
0.89386189 0.42343934 0.00175336
0.89929668 0.42991755 0.00467563
0.90057545 0.42402827 0.00467563
0.90441176 0.41696113 0.00467563
0.90760870 0.41696113 0.00526008
0.91240409 0.43404005 0.00935126
0.91687980 0.43992933 0.00701344
0.92135550 0.44051826 0.00876680
0.92199488 0.43109541 0.00759790
0.92647059 0.42108363 0.00584454
0.92934783 0.42815077 0.00818235
0.93478261 0.44287397 0.00935126
0.93893862 0.44581861 0.01168907
0.94277494 0.43521790 0.01168907
0.94373402 0.42226148 0.01110462
0.94884910 0.42226148 0.01052016
0.95076726 0.43698469 0.01168907
0.95492327 0.44464075 0.01110462
0.95843990 0.44405183 0.01227352
0.96131714 0.43521790 0.01052016
0.96227621 0.42873969 0.01110462
0.96483376 0.42402827 0.01052016
0.96707161 0.44935218 0.01461134
0.97122762 0.45465253 0.01578025
0.97378517 0.45288575 0.01987142
0.97538363 0.44994111 0.02279369
0.97602302 0.44817432 0.02688486
0.97921995 0.44110718 0.02805377
0.97921995 0.47762073 0.03623612
0.98305627 0.48174323 0.04266511
0.98337596 0.48468787 0.05435418
0.98209719 0.48409894 0.06487434
0.98209719 0.47762073 0.07656341
0.98273657 0.48704358 0.09000584
0.98241688 0.50706714 0.10753945
0.98337596 0.51118963 0.12507306
0.98017903 0.51236749 0.14728229
0.97538363 0.51236749 0.16890707
0.96962916 0.49352179 0.18936295
0.96323529 0.50294464 0.21683226
0.95556266 0.50058893 0.24663939
0.94405371 0.49882214 0.27819988
0.92870844 0.48468787 0.31151373
0.91208440 0.44699647 0.34482759
0.89130435 0.43227326 0.38164816
0.86796675 0.41166078 0.41729982
0.83919437 0.38044759 0.45119813
0.80498721 0.34040047 0.48392753
0.76374680 0.28209658 0.50555231
0.71867008 0.23851590 0.52951490
0.66656010 0.19552415 0.54529515
0.60837596 0.14723204 0.55172414
0.54411765 0.09481743 0.54880187
0.47506394 0.04593640 0.53302162
0.40057545 0.01236749 0.51548802
0.32640665 0.00000000 0.48977206
0.25511509 0.00058893 0.44827586
0.18478261 0.00530035 0.39450614
0.12052430 0.03592462 0.34073641
0.06745524 0.08362780 0.29105786
0.02685422 0.17667845 0.25248393
0.00415601 0.27267373 0.21800117
0.00000000 0.37868080 0.18994740
0.01630435 0.49234393 0.18118060
0.04603581 0.60011779 0.19053185
0.08727621 0.72497055 0.22384570
0.14546036 0.83038869 0.26884863
0.21579284 0.90812721 0.32028054
0.29251918 0.94346290 0.38164816
0.36796675 0.97467609 0.45236704
0.44085678 0.98939929 0.52776154
0.51374680 1.00000000 0.60081823
0.58535806 0.96996466 0.66861485
0.65089514 0.91637220 0.72764465
0.71067775 0.84275618 0.78375219
0.76374680 0.78386337 0.83752192
0.81106138 0.72909305 0.88369375
0.85421995 0.67020024 0.91992987
0.89386189 0.58303887 0.94272355
0.92551151 0.48998822 0.96025716
0.95396419 0.41342756 0.97779077
0.97921995 0.33627797 0.99006429
1.00000000 0.28209658 1.00000000
