1.0000 1.0000 1.0000
0.9777 0.9729 0.9872
0.9475 0.9390 0.9738
0.9239 0.8983 0.9604
0.8950 0.8949 0.9515
0.8675 0.8898 0.9444
0.8399 0.8864 0.9349
0.8097 0.8576 0.9170
0.7835 0.8051 0.9004
0.7598 0.8102 0.8908
0.7323 0.7780 0.8780
0.7008 0.8017 0.8685
0.6732 0.7797 0.8557
0.6444 0.7475 0.8372
0.6142 0.7322 0.8276
0.5892 0.7407 0.8161
0.5564 0.7559 0.8084
0.5341 0.7593 0.7969
0.5092 0.7458 0.7842
0.4829 0.7254 0.7695
0.4593 0.7322 0.7599
0.4318 0.7373 0.7497
0.4068 0.7678 0.7439
0.3832 0.7695 0.7337
0.3583 0.7508 0.7203
0.3333 0.7475 0.7107
0.3110 0.7492 0.7011
0.2874 0.7983 0.6967
0.2664 0.8034 0.6909
0.2454 0.8034 0.6788
0.2257 0.7864 0.6692
0.2100 0.7898 0.6577
0.1877 0.7983 0.6590
0.1759 0.8322 0.6488
0.1549 0.8458 0.6462
0.1417 0.8390 0.6354
0.1312 0.8390 0.6309
0.1234 0.8271 0.6213
0.1076 0.8831 0.6245
0.0971 0.8814 0.6162
0.0906 0.8695 0.6092
0.0853 0.8644 0.6015
0.0761 0.8678 0.5996
0.0669 0.9000 0.5958
0.0538 0.9017 0.5964
0.0512 0.8915 0.5868
0.0394 0.8627 0.5824
0.0420 0.8610 0.5792
0.0354 0.8847 0.5805
0.0276 0.8915 0.5766
0.0249 0.8763 0.5722
0.0236 0.8407 0.5626
0.0223 0.8254 0.5587
0.0184 0.8475 0.5626
0.0171 0.8610 0.5677
0.0184 0.8475 0.5600
0.0144 0.7797 0.5460
0.0157 0.7339 0.5415
0.0157 0.7407 0.5441
0.0171 0.7881 0.5511
0.0131 0.7864 0.5479
0.0144 0.7424 0.5383
0.0118 0.6492 0.5198
0.0118 0.6305 0.5172
0.0105 0.6407 0.5236
0.0105 0.6831 0.5287
0.0052 0.6661 0.5230
0.0092 0.6051 0.5096
0.0092 0.5288 0.4936
0.0131 0.5119 0.4930
0.0184 0.5085 0.4943
0.0223 0.5254 0.4904
0.0157 0.5153 0.4834
0.0276 0.4525 0.4668
0.0276 0.4034 0.4559
0.0394 0.3966 0.4502
0.0446 0.3915 0.4451
0.0512 0.3678 0.4342
0.0486 0.3237 0.4183
0.0604 0.2915 0.4036
0.0630 0.2780 0.3927
0.0774 0.2407 0.3748
0.0748 0.2237 0.3646
0.0787 0.2051 0.3423
0.0735 0.1797 0.3263
0.0735 0.1627 0.3097
0.0735 0.1169 0.2867
0.0801 0.1203 0.2714
0.0709 0.0932 0.2497
0.0682 0.0627 0.2261
0.0656 0.0441 0.2018
0.0591 0.0237 0.1794
0.0525 0.0322 0.1616
0.0499 0.0203 0.1360
0.0367 0.0000 0.1117
0.0315 0.0017 0.0900
0.0210 0.0085 0.0702
0.0210 0.0186 0.0504
0.0039 0.0271 0.0268
0.0000 0.0203 0.0000
