1.0000 0.6351 0.1522
0.9981 0.6476 0.1358
0.9885 0.6530 0.1162
0.9809 0.6440 0.0933
0.9676 0.6601 0.0802
0.9637 0.6744 0.0655
0.9542 0.6914 0.0524
0.9580 0.6968 0.0344
0.9485 0.7057 0.0278
0.9351 0.7200 0.0115
0.9313 0.7487 0.0082
0.9237 0.7665 0.0033
0.9103 0.7710 0.0016
0.9103 0.7987 0.0000
0.9065 0.8148 0.0049
0.9027 0.8408 0.0082
0.8969 0.8560 0.0147
0.8931 0.8596 0.0196
0.8817 0.8855 0.0327
0.8664 0.9061 0.0475
0.8473 0.9249 0.0687
0.8416 0.9275 0.0851
0.8244 0.9347 0.1097
0.8168 0.9481 0.1277
0.8015 0.9714 0.1489
0.7901 0.9803 0.1735
0.7805 0.9642 0.1980
0.7538 0.9714 0.2209
0.7443 0.9973 0.2520
0.7252 1.0000 0.2782
0.7137 0.9857 0.3061
0.7061 0.9758 0.3322
0.6870 0.9767 0.3650
0.6794 0.9991 0.3879
0.6527 0.9830 0.4141
0.6393 0.9580 0.4403
0.6202 0.9589 0.4714
0.6050 0.9562 0.5025
0.5802 0.9526 0.5368
0.5630 0.9374 0.5597
0.5458 0.9114 0.5908
0.5305 0.9007 0.6170
0.5076 0.9106 0.6465
0.4905 0.8998 0.6743
0.4695 0.8739 0.7038
0.4599 0.8631 0.7332
0.4466 0.8596 0.7660
0.4332 0.8444 0.7823
0.4256 0.8256 0.8085
0.4218 0.8131 0.8298
0.4084 0.8113 0.8560
0.4065 0.7880 0.8756
0.3855 0.7728 0.8903
0.3740 0.7317 0.8985
0.3645 0.6986 0.9149
0.3473 0.7048 0.9362
0.3359 0.6950 0.9509
0.3187 0.6512 0.9476
0.3034 0.6136 0.9542
0.2901 0.6073 0.9624
0.2805 0.5939 0.9738
0.2653 0.5671 0.9755
0.2443 0.5465 0.9804
0.2385 0.5411 0.9902
0.2252 0.5242 1.0000
0.2195 0.5000 0.9951
0.2023 0.4553 0.9836
0.1908 0.4508 0.9902
0.1775 0.4508 0.9967
0.1679 0.4419 0.9967
0.1508 0.4007 0.9885
0.1374 0.3766 0.9836
0.1221 0.3730 0.9935
0.1145 0.3748 0.9967
0.1031 0.3444 0.9836
0.0897 0.3229 0.9755
0.0802 0.2996 0.9705
0.0744 0.2987 0.9771
0.0668 0.2853 0.9738
0.0630 0.2674 0.9689
0.0553 0.2549 0.9705
0.0611 0.2343 0.9656
0.0630 0.2343 0.9722
0.0687 0.2218 0.9542
0.0553 0.1977 0.9476
0.0496 0.1860 0.9394
0.0496 0.1869 0.9444
0.0458 0.1825 0.9460
0.0344 0.1682 0.9378
0.0344 0.1377 0.9264
0.0248 0.1270 0.9214
0.0324 0.1225 0.9214
0.0248 0.1181 0.9165
0.0191 0.0921 0.9051
0.0134 0.0769 0.8985
0.0095 0.0689 0.9018
0.0134 0.0635 0.9034
0.0038 0.0438 0.8953
0.0000 0.0152 0.8822
0.0038 0.0000 0.8805
