0.00000000 0.02268761 0.83582090
0.00634921 0.00872600 0.89054726
0.01269841 0.00000000 0.91542289
0.01904762 0.01570681 0.90049751
0.01904762 0.03490401 0.89054726
0.02857143 0.04188482 0.90547264
0.03174603 0.02966841 0.93034826
0.04444444 0.02792321 0.97014925
0.04761905 0.03141361 0.97014925
0.05714286 0.03839442 0.99004975
0.06666667 0.02792321 0.99004975
0.07301587 0.02268761 1.00000000
0.07619048 0.04013962 0.98009950
0.08888889 0.04886562 0.95522388
0.09523810 0.03490401 0.96019900
0.10158730 0.02094241 0.98507463
0.10158730 0.01396161 0.96019900
0.11746032 0.01919721 0.93034826
0.12063492 0.02268761 0.90547264
0.11746032 0.01745201 0.90547264
0.12380952 0.00523560 0.88557214
0.13333333 0.01570681 0.84577114
0.13015873 0.02268761 0.80597015
0.13650794 0.02792321 0.79104478
0.13650794 0.02443281 0.76119403
0.14920635 0.01570681 0.75621891
0.15238095 0.03490401 0.69651741
0.15873016 0.04712042 0.67164179
0.16507937 0.04363002 0.65174129
0.17777778 0.04013962 0.60199005
0.19047619 0.05235602 0.55721393
0.20000000 0.06980803 0.50248756
0.19365079 0.08551483 0.46268657
0.21269841 0.07678883 0.43781095
0.22222222 0.08551483 0.41293532
0.23492063 0.09947644 0.38308458
0.23809524 0.11867365 0.33333333
0.25714286 0.12914485 0.28855721
0.26666667 0.15183246 0.25373134
0.28888889 0.17452007 0.22885572
0.29523810 0.19546248 0.18905473
0.32380952 0.21291449 0.17910448
0.33650794 0.22513089 0.15920398
0.36507937 0.25305410 0.13432836
0.36825397 0.27923211 0.09950249
0.38730159 0.28970332 0.09452736
0.40317460 0.30890052 0.05970149
0.42222222 0.33158813 0.05472637
0.44126984 0.36649215 0.02487562
0.45396825 0.38743455 0.01492537
0.46349206 0.40139616 0.00000000
0.46666667 0.42931937 0.02985075
0.48253968 0.45200698 0.02487562
0.50158730 0.47643979 0.04477612
0.51746032 0.49214660 0.03980100
0.53333333 0.52705061 0.05970149
0.53333333 0.56020942 0.03482587
0.55873016 0.58638743 0.07462687
0.57460317 0.60034904 0.07960199
0.58730159 0.61431065 0.14427861
0.59365079 0.63350785 0.13432836
0.61269841 0.66492147 0.14925373
0.62222222 0.68062827 0.14925373
0.63809524 0.70157068 0.18905473
0.64126984 0.71902269 0.18905473
0.66349206 0.73472949 0.22885572
0.66031746 0.74520070 0.25870647
0.68253968 0.75043630 0.31343284
0.68888889 0.76963351 0.30845771
0.70476190 0.79581152 0.33333333
0.72063492 0.80628272 0.35820896
0.73968254 0.80977312 0.40298507
0.75238095 0.83595113 0.40796020
0.77460317 0.84642234 0.44776119
0.78412698 0.84991274 0.48258706
0.80000000 0.84816754 0.53731343
0.81269841 0.85863874 0.53233831
0.82539683 0.87260035 0.53731343
0.83809524 0.88656195 0.56716418
0.85079365 0.89179756 0.58706468
0.85396825 0.91448517 0.57213930
0.85714286 0.92321117 0.61691542
0.86666667 0.92321117 0.63681592
0.87301587 0.91273997 0.69651741
0.87936508 0.93019197 0.68159204
0.89206349 0.95636998 0.69651741
0.90793651 0.95462478 0.70646766
0.91111111 0.95811518 0.75124378
0.92380952 0.97033159 0.73134328
0.93333333 0.97556719 0.78109453
0.93968254 0.97207679 0.79601990
0.93968254 0.97382199 0.84079602
0.95555556 0.97382199 0.84577114
0.96825397 0.99301920 0.85074627
0.96507937 0.98778360 0.84079602
0.96507937 0.98778360 0.87562189
0.97777778 0.98778360 0.88059701
0.99047619 0.99476440 0.91542289
0.99365079 1.00000000 0.89552239
1.00000000 0.99476440 0.95522388
