0.0000 1.0000 0.0000
0.1978 0.9877 0.0202
0.3626 0.9777 0.0526
0.5165 0.9709 0.0607
0.6374 0.9620 0.0729
0.7143 0.9531 0.1093
0.8462 0.9397 0.1255
0.8571 0.9341 0.1336
0.9011 0.9274 0.1457
0.9341 0.9196 0.1619
0.9560 0.9061 0.1862
0.9780 0.9028 0.1903
1.0000 0.8972 0.2227
0.9670 0.8905 0.2267
0.9451 0.8816 0.2551
0.9341 0.8872 0.2672
0.9121 0.8782 0.2915
0.8791 0.8749 0.3077
0.8791 0.8648 0.3279
0.8462 0.8670 0.3401
0.8242 0.8514 0.3725
0.8462 0.8413 0.3887
0.8462 0.8291 0.4049
0.8242 0.8302 0.4291
0.8352 0.8145 0.4453
0.8571 0.8134 0.4534
0.8901 0.8022 0.4656
0.8791 0.8034 0.4777
0.8901 0.7877 0.4899
0.9011 0.7922 0.4899
0.8901 0.7788 0.5101
0.9011 0.7765 0.5182
0.9121 0.7631 0.5263
0.9011 0.7665 0.5304
0.9011 0.7497 0.5628
0.9231 0.7464 0.5749
0.9341 0.7318 0.6032
0.9231 0.7285 0.6275
0.9341 0.7128 0.6356
0.9341 0.7106 0.6559
0.9231 0.6927 0.6680
0.8901 0.6916 0.6883
0.8791 0.6737 0.7045
0.8462 0.6737 0.7247
0.8242 0.6547 0.7368
0.7912 0.6570 0.7611
0.7912 0.6402 0.7692
0.8022 0.6335 0.7814
0.7912 0.6179 0.7895
0.7692 0.6145 0.8138
0.7802 0.5955 0.8057
0.7363 0.6011 0.8178
0.7253 0.5810 0.8178
0.6813 0.5799 0.8300
0.6813 0.5687 0.8259
0.6374 0.5654 0.8664
0.6703 0.5486 0.8583
0.6154 0.5475 0.8664
0.6264 0.5240 0.8826
0.5934 0.5173 0.9028
0.5714 0.4994 0.9069
0.5385 0.4983 0.9271
0.5165 0.4782 0.9312
0.5055 0.4682 0.9514
0.4945 0.4480 0.9636
0.4725 0.4413 0.9757
0.4835 0.4223 0.9798
0.4615 0.4145 0.9879
0.4725 0.3955 0.9838
0.4396 0.3978 0.9798
0.4396 0.3777 0.9595
0.4066 0.3777 0.9717
0.4066 0.3520 0.9514
0.3407 0.3531 0.9717
0.3187 0.3352 0.9555
0.2857 0.3318 0.9636
0.3077 0.3106 0.9555
0.2747 0.3050 0.9636
0.2527 0.2883 0.9514
0.2308 0.2804 0.9717
0.2088 0.2570 0.9757
0.1868 0.2447 0.9879
0.2527 0.2235 0.9838
0.2747 0.2101 1.0000
0.2637 0.1911 0.9798
0.2527 0.1832 0.9717
0.2637 0.1654 0.9393
0.2308 0.1598 0.9433
0.2088 0.1430 0.9231
0.2308 0.1385 0.9150
0.2198 0.1251 0.8947
0.2308 0.1173 0.8907
0.2198 0.0950 0.8866
0.2088 0.0883 0.8704
0.1758 0.0704 0.8745
0.1978 0.0592 0.8623
0.2198 0.0447 0.8462
0.2308 0.0313 0.8421
0.2857 0.0056 0.8502
0.2857 0.0000 0.8300
