1.00000000 0.05405405 0.80991736
0.97058824 0.04247104 0.74793388
0.93627451 0.03088803 0.71487603
0.94607843 0.00000000 0.67768595
0.92647059 0.01544402 0.61157025
0.92647059 0.02316602 0.54545455
0.92156863 0.06949807 0.48347107
0.90196078 0.06177606 0.46280992
0.89705882 0.11969112 0.39256198
0.90196078 0.12741313 0.33884298
0.89705882 0.17374517 0.28925620
0.88725490 0.18918919 0.24793388
0.84313725 0.21235521 0.22314050
0.84803922 0.25482625 0.18181818
0.83823529 0.30115830 0.14462810
0.83333333 0.33976834 0.13636364
0.83823529 0.38610039 0.09504132
0.80882353 0.44015444 0.07438017
0.81862745 0.46718147 0.05785124
0.80882353 0.51351351 0.05785124
0.77941176 0.52123552 0.06611570
0.78431373 0.54440154 0.05371901
0.74509804 0.61003861 0.02892562
0.74509804 0.71814672 0.00000000
0.75980392 0.71814672 0.02479339
0.75490196 0.73359073 0.07851240
0.74019608 0.74517375 0.09917355
0.74019608 0.76447876 0.08264463
0.74019608 0.82625483 0.07024793
0.76470588 0.86100386 0.09090909
0.73529412 0.83397683 0.14049587
0.72549020 0.83783784 0.20247934
0.71568627 0.85328185 0.20661157
0.70588235 0.90347490 0.21900826
0.68627451 0.96138996 0.23553719
0.68137255 0.96525097 0.27685950
0.63725490 0.94594595 0.35537190
0.62254902 0.96138996 0.37190083
0.60294118 0.98455598 0.40082645
0.58823529 0.98841699 0.44628099
0.55882353 0.99613900 0.47933884
0.53431373 0.98841699 0.54545455
0.51960784 0.98841699 0.57438017
0.53431373 0.98841699 0.62396694
0.52941176 0.99613900 0.64462810
0.51960784 1.00000000 0.68181818
0.49509804 0.96525097 0.72314050
0.50490196 0.93050193 0.77272727
0.48039216 0.90347490 0.77272727
0.46568627 0.92664093 0.80578512
0.42156863 0.92277992 0.81404959
0.40686275 0.86486486 0.86776860
0.39705882 0.84555985 0.88016529
0.40196078 0.82625483 0.89669421
0.36274510 0.81853282 0.89669421
0.33823529 0.80308880 0.93388430
0.32352941 0.72586873 0.94214876
0.30882353 0.70656371 0.95867769
0.28921569 0.67567568 0.95454545
0.25000000 0.66409266 0.96694215
0.23039216 0.64478764 0.95454545
0.22058824 0.62934363 0.96280992
0.22058824 0.57142857 0.97933884
0.20588235 0.56756757 0.97520661
0.16666667 0.54826255 0.96694215
0.16176471 0.47876448 1.00000000
0.14705882 0.49420849 0.95041322
0.13725490 0.43629344 0.94628099
0.07352941 0.47104247 0.90495868
0.03921569 0.43243243 0.93801653
0.04411765 0.40926641 0.91735537
0.05882353 0.37451737 0.92561983
0.04411765 0.35521236 0.88429752
0.01470588 0.36679537 0.87190083
0.00980392 0.33590734 0.84297521
0.00000000 0.31660232 0.83884298
0.01470588 0.21621622 0.85950413
0.00980392 0.27799228 0.79338843
0.00980392 0.23166023 0.80578512
0.02450980 0.25868726 0.76859504
0.01960784 0.24710425 0.73553719
0.05882353 0.18918919 0.73553719
0.04901961 0.23552124 0.68595041
0.02450980 0.20463320 0.69834711
0.04411765 0.18918919 0.66115702
0.04411765 0.19691120 0.66115702
0.07352941 0.14671815 0.64049587
0.06372549 0.21621622 0.63636364
0.09313725 0.18146718 0.59917355
0.10294118 0.19691120 0.59090909
0.10784314 0.15057915 0.59917355
0.11274510 0.12355212 0.59917355
0.12254902 0.09266409 0.59917355
0.14215686 0.14285714 0.56198347
0.13725490 0.13513514 0.54132231
0.18627451 0.09652510 0.54545455
0.18137255 0.06563707 0.56611570
0.21568627 0.01930502 0.57851240
0.22549020 0.04633205 0.52892562
0.27450980 0.02316602 0.53305785
