0.99289773 0.36675462 1.00000000
0.98295455 0.36015831 0.98503741
0.96022727 0.36939314 0.97880299
0.95312500 0.37994723 0.96134663
0.94460227 0.34960422 0.96009975
0.93181818 0.36675462 0.94139651
0.92329545 0.36279683 0.92768080
0.90482955 0.36411609 0.91895262
0.90625000 0.34168865 0.91271820
0.89630682 0.36279683 0.90149626
0.90340909 0.35224274 0.88528678
0.88920455 0.36147757 0.87531172
0.89346591 0.33641161 0.86408978
0.87357955 0.36015831 0.85910224
0.87642045 0.32981530 0.85162095
0.86079545 0.34696570 0.84289277
0.87073864 0.32981530 0.83042394
0.85085227 0.35356201 0.82169576
0.86363636 0.32321900 0.81172070
0.84375000 0.32981530 0.81047382
0.85085227 0.30211082 0.79925187
0.82812500 0.31002639 0.79551122
0.84232955 0.28232190 0.77805486
0.82386364 0.28496042 0.78553616
0.83522727 0.26912929 0.76433915
0.81676136 0.25593668 0.76807980
0.83522727 0.24010554 0.74314214
0.81250000 0.21635884 0.75187032
0.81960227 0.22295515 0.73067332
0.80681818 0.18733509 0.73566085
0.81534091 0.20316623 0.71695761
0.79971591 0.17018470 0.71945137
0.81250000 0.19656992 0.70822943
0.80397727 0.15699208 0.69825436
0.80965909 0.17810026 0.69576060
0.80539773 0.12796834 0.68329177
0.80965909 0.17546174 0.68079800
0.81676136 0.13192612 0.65835411
0.82670455 0.15831135 0.66458853
0.83238636 0.10554090 0.63840399
0.84659091 0.14907652 0.63965087
0.85085227 0.10026385 0.60723192
0.86079545 0.13192612 0.61346633
0.86363636 0.06860158 0.58104738
0.87784091 0.10949868 0.58229426
0.88068182 0.07124011 0.54862843
0.90056818 0.08575198 0.54987531
0.89772727 0.04221636 0.51745636
0.91761364 0.06464380 0.51122195
0.91335227 0.02902375 0.47880299
0.93323864 0.03298153 0.46508728
0.92613636 0.01846966 0.43142145
0.94886364 0.02638522 0.41770574
0.94744318 0.00263852 0.38653367
0.97159091 0.00659631 0.36533666
0.96732955 0.00000000 0.33416459
0.99005682 0.01583113 0.30423940
0.97585227 0.01055409 0.27182045
0.99289773 0.01978892 0.24563591
0.98153409 0.02638522 0.21321696
0.99573864 0.05936675 0.18204489
0.98721591 0.07783641 0.15710723
1.00000000 0.09366755 0.12718204
0.98437500 0.11477573 0.10099751
0.99147727 0.16358839 0.07481297
0.97301136 0.19393140 0.05236908
0.97443182 0.23087071 0.03491272
0.95028409 0.26253298 0.02743142
0.95596591 0.32058047 0.01246883
0.93323864 0.37203166 0.00249377
0.93181818 0.41688654 0.00000000
0.89914773 0.45118734 0.00748130
0.89062500 0.50791557 0.00249377
0.84801136 0.54881266 0.00872818
0.83522727 0.58839050 0.02244389
0.79261364 0.62796834 0.03865337
0.77556818 0.66490765 0.05486284
0.72869318 0.71503958 0.06982544
0.71306818 0.73878628 0.09226933
0.66619318 0.78364116 0.10349127
0.64204545 0.80079156 0.13466334
0.59232955 0.82058047 0.15586035
0.56960227 0.83245383 0.17955112
0.51988636 0.86807388 0.19451372
0.50000000 0.87862797 0.22942643
0.44886364 0.89050132 0.26184539
0.42471591 0.89577836 0.28927681
0.38210227 0.92744063 0.29925187
0.35937500 0.93667546 0.32543641
0.31818182 0.94591029 0.35037406
0.29261364 0.94327177 0.38154613
0.24857955 0.95118734 0.40773067
0.22727273 0.96833773 0.43266833
0.18607955 0.98548813 0.46009975
0.15625000 0.97889182 0.49501247
0.11789773 0.98944591 0.52369077
0.08948864 0.98153034 0.56483791
0.05965909 0.98812665 0.58478803
0.03267045 0.99868074 0.61221945
0.00000000 1.00000000 0.64339152
