0.81818182 0.29411765 0.75000000
0.81818182 0.29411765 0.75000000
0.63636364 0.23529412 0.70000000
0.63636364 0.17647059 0.75000000
0.72727273 0.11764706 0.75000000
0.63636364 0.05882353 0.75000000
0.72727273 0.05882353 1.00000000
1.00000000 0.17647059 0.80000000
0.90909091 0.00000000 0.85000000
0.72727273 0.11764706 0.75000000
0.81818182 0.17647059 0.80000000
0.81818182 0.23529412 0.80000000
0.63636364 0.29411765 0.90000000
0.81818182 0.23529412 0.75000000
0.72727273 0.35294118 0.80000000
0.72727273 0.23529412 0.80000000
0.72727273 0.35294118 0.75000000
0.63636364 0.47058824 0.75000000
0.72727273 0.41176471 0.70000000
0.63636364 0.41176471 0.65000000
0.54545455 0.47058824 0.65000000
0.45454545 0.47058824 0.65000000
0.63636364 0.35294118 0.55000000
0.54545455 0.47058824 0.55000000
0.45454545 0.41176471 0.55000000
0.36363636 0.52941176 0.40000000
0.45454545 0.52941176 0.45000000
0.45454545 0.58823529 0.45000000
0.45454545 0.58823529 0.40000000
0.36363636 0.58823529 0.35000000
0.27272727 0.76470588 0.30000000
0.18181818 0.76470588 0.30000000
0.27272727 0.76470588 0.15000000
0.27272727 0.76470588 0.25000000
0.27272727 0.88235294 0.20000000
0.09090909 0.82352941 0.15000000
0.18181818 0.94117647 0.05000000
0.00000000 0.94117647 0.10000000
0.27272727 0.94117647 0.10000000
0.09090909 0.94117647 0.10000000
0.09090909 0.88235294 0.10000000
0.00000000 0.94117647 0.00000000
0.00000000 0.94117647 0.05000000
0.09090909 0.94117647 0.05000000
0.18181818 1.00000000 0.00000000
0.09090909 1.00000000 0.00000000
0.09090909 0.94117647 0.05000000
0.00000000 0.94117647 0.00000000
0.09090909 1.00000000 0.05000000
0.18181818 0.94117647 0.10000000
0.00000000 0.94117647 0.15000000
0.18181818 0.82352941 0.05000000
0.00000000 0.94117647 0.05000000
0.00000000 0.94117647 0.05000000
0.27272727 0.94117647 0.00000000
0.18181818 0.88235294 0.20000000
0.09090909 0.82352941 0.25000000
0.45454545 0.94117647 0.20000000
0.18181818 0.94117647 0.15000000
0.18181818 0.88235294 0.15000000
0.27272727 0.82352941 0.25000000
0.27272727 0.94117647 0.20000000
0.18181818 0.76470588 0.15000000
0.18181818 0.82352941 0.20000000
0.09090909 0.88235294 0.20000000
0.18181818 0.76470588 0.30000000
0.18181818 0.82352941 0.25000000
0.27272727 0.70588235 0.20000000
0.18181818 0.76470588 0.15000000
0.09090909 0.82352941 0.30000000
0.09090909 0.88235294 0.25000000
0.27272727 0.76470588 0.15000000
0.27272727 0.76470588 0.20000000
0.36363636 0.82352941 0.15000000
0.27272727 0.82352941 0.15000000
0.18181818 0.82352941 0.15000000
0.18181818 0.88235294 0.05000000
0.18181818 0.70588235 0.15000000
0.18181818 0.82352941 0.15000000
0.09090909 0.76470588 0.20000000
0.18181818 0.76470588 0.15000000
0.36363636 0.82352941 0.10000000
0.09090909 0.76470588 0.15000000
0.18181818 0.94117647 0.05000000
0.27272727 0.76470588 0.20000000
0.27272727 0.88235294 0.10000000
0.09090909 0.76470588 0.10000000
0.09090909 0.82352941 0.20000000
0.18181818 0.70588235 0.15000000
0.18181818 0.76470588 0.20000000
0.18181818 0.82352941 0.10000000
0.18181818 0.64705882 0.15000000
0.27272727 0.94117647 0.20000000
0.27272727 0.76470588 0.25000000
0.18181818 0.70588235 0.25000000
0.09090909 0.76470588 0.20000000
0.18181818 0.88235294 0.15000000
0.18181818 0.88235294 0.20000000
0.09090909 0.82352941 0.15000000
0.27272727 0.82352941 0.20000000
