0.8939 0.1000 0.0000
0.8788 0.0000 0.0616
0.8636 0.1500 0.0308
0.8636 0.1000 0.0822
0.8939 0.2750 0.0514
0.8788 0.3500 0.1096
0.8939 0.3250 0.0753
0.8333 0.3250 0.1404
0.8333 0.4000 0.1062
0.8182 0.2250 0.1747
0.8030 0.5500 0.1336
0.7576 0.3500 0.1918
0.7576 0.4750 0.1644
0.6818 0.3750 0.2192
0.6970 0.4250 0.1986
0.6667 0.3750 0.2603
0.6818 0.5500 0.2363
0.6667 0.4500 0.2945
0.6667 0.7000 0.2637
0.5606 0.6500 0.3151
0.6212 0.7250 0.2877
0.5455 0.6250 0.3322
0.5606 0.7750 0.3116
0.5152 0.7000 0.3562
0.5000 0.7250 0.3425
0.4848 0.6000 0.3870
0.4697 0.7500 0.3630
0.4394 0.6000 0.4007
0.4394 0.7000 0.3836
0.3939 0.5500 0.4247
0.4091 0.5500 0.4144
0.3333 0.4750 0.4452
0.3030 0.4500 0.4315
0.2576 0.4750 0.4692
0.2576 0.5000 0.4521
0.1818 0.4250 0.4760
0.1818 0.4750 0.4692
0.1970 0.4750 0.4932
0.2273 0.5000 0.4897
0.1970 0.4500 0.5137
0.1667 0.5000 0.5034
0.2121 0.5750 0.5137
0.1818 0.5500 0.5274
0.1364 0.5500 0.5377
0.1515 0.6000 0.5651
0.1364 0.5250 0.5651
0.1515 0.5500 0.5959
0.1212 0.4750 0.5890
0.1364 0.4500 0.6096
0.0909 0.5750 0.6164
0.0758 0.5000 0.6370
0.0303 0.5750 0.6336
-0.0000 0.5500 0.6644
0.0455 0.6250 0.6507
0.0909 0.5500 0.6884
0.0606 0.5000 0.6712
0.0758 0.5750 0.7021
0.0909 0.5500 0.6918
0.0606 0.6250 0.7192
0.0758 0.5250 0.7089
0.0758 0.5750 0.7397
0.1061 0.4750 0.7226
0.1061 0.5500 0.7568
0.0909 0.4750 0.7363
0.1061 0.5000 0.7740
0.0606 0.4500 0.7568
0.1061 0.5000 0.7945
0.1061 0.5250 0.7774
0.1364 0.4750 0.8048
0.1515 0.5750 0.7877
0.1818 0.5250 0.8151
0.1818 0.5250 0.7945
0.2121 0.6250 0.8322
0.2273 0.6750 0.8185
0.2727 0.6500 0.8527
0.2576 0.6750 0.8390
0.3485 0.6250 0.8596
0.2879 0.6500 0.8527
0.3939 0.5250 0.8801
0.3636 0.5750 0.8733
0.4545 0.5500 0.8938
0.3636 0.5500 0.8904
0.5000 0.5500 0.9041
0.3939 0.6250 0.9075
0.5455 0.6250 0.9178
0.4697 0.6000 0.9247
0.6364 0.6000 0.9247
0.5455 0.6500 0.9212
0.7121 0.7250 0.9315
0.6061 0.8250 0.9452
0.7576 0.8750 0.9452
0.6818 0.7250 0.9486
0.8485 0.8250 0.9555
0.7273 0.7750 0.9589
0.9242 0.9250 0.9760
0.8030 0.9000 0.9760
0.9848 1.0000 0.9863
0.9091 0.8250 0.9863
1.0000 0.9500 0.9932
0.9394 0.9000 1.0000
