1.00000000 0.50416266 0.00000000
0.99801739 0.50592379 0.00137206
0.99649230 0.50928594 0.00182941
0.99466219 0.51200768 0.00320146
0.99252707 0.51456932 0.00480220
0.99100198 0.51633045 0.00571690
0.98886686 0.51873199 0.00640293
0.98596919 0.52289465 0.00686028
0.98368156 0.52609670 0.00754631
0.98124142 0.52849824 0.00983307
0.97895379 0.53218060 0.00937571
0.97529358 0.53730387 0.00983307
0.97224340 0.54210695 0.01029042
0.96843068 0.54610951 0.01143380
0.96461797 0.55075248 0.01189115
0.95973768 0.55619597 0.01211983
0.95516242 0.56211976 0.01303453
0.94967211 0.56788345 0.01440659
0.94494433 0.57492795 0.01509261
0.93884398 0.58357349 0.01554997
0.93243862 0.59301953 0.01692202
0.92481318 0.60118476 0.01875143
0.91749276 0.60983029 0.02103819
0.90803721 0.62167787 0.02172422
0.89812414 0.63496638 0.02378230
0.88714351 0.64825488 0.02744112
0.87494281 0.66234390 0.03155728
0.86060698 0.67899456 0.03658815
0.84550862 0.69724624 0.04321976
0.82797011 0.71581812 0.05145209
0.80875400 0.73439001 0.06105648
0.78618271 0.75552354 0.07203293
0.76147628 0.77857829 0.08552481
0.73417722 0.80227346 0.10290418
0.70413299 0.82612872 0.12417105
0.67042855 0.85158501 0.14635262
0.63428397 0.87656100 0.17356506
0.59493671 0.90089657 0.20603705
0.55253927 0.92251041 0.24239652
0.50648162 0.94332373 0.28310085
0.45767882 0.96301633 0.32746398
0.40582583 0.97982709 0.37983078
0.35244777 0.99151457 0.43745712
0.29556199 1.00000000 0.49828493
0.24203142 0.99759846 0.56300023
0.19200854 0.98254883 0.62977361
0.14640842 0.95757285 0.69517494
0.10126582 0.92587256 0.75646010
0.06100351 0.88808838 0.81522982
0.02989172 0.83557477 0.87217013
0.01098063 0.77153378 0.92087812
0.00045753 0.70172911 0.95883833
0.00000000 0.62696126 0.98422136
0.01082812 0.54658982 0.99954265
0.03141681 0.46493756 1.00000000
0.06024096 0.38520653 0.98742282
0.09440293 0.31123919 0.96546993
0.13588531 0.24255524 0.93940087
0.18362056 0.18123599 0.90327007
0.23257587 0.12856228 0.86233707
0.28381882 0.08645533 0.81500114
0.33460424 0.05315402 0.76675051
0.38615220 0.02881844 0.71598445
0.43449748 0.01232789 0.66613309
0.47903004 0.00368236 0.61994054
0.52005490 0.00000000 0.57855019
0.55909715 0.00064041 0.53761720
0.59493671 0.00624400 0.50057169
0.62833613 0.01569004 0.46581294
0.65822785 0.02785783 0.43448434
0.68628946 0.04066603 0.40544249
0.71008083 0.05379443 0.37777270
0.73082202 0.06868396 0.35559113
0.74912307 0.08293308 0.33638235
0.76681409 0.09670189 0.31854562
0.78221748 0.11031060 0.30322433
0.79579076 0.12423951 0.28996113
0.80799146 0.13640730 0.27829865
0.81958213 0.14745437 0.26755088
0.82903767 0.15802113 0.25794649
0.83742565 0.16970861 0.25017151
0.84505109 0.18027538 0.24308255
0.85298155 0.18924111 0.23645095
0.85892939 0.19756644 0.23073405
0.86533476 0.20621198 0.22524583
0.87067256 0.21405700 0.22135834
0.87540034 0.22030099 0.21609879
0.87951807 0.22734550 0.21266865
0.88409334 0.23358950 0.20809513
0.88775355 0.23983349 0.20512234
0.89095623 0.24495677 0.20192088
0.89461644 0.24911944 0.19940544
0.89797163 0.25328210 0.19574663
0.89995425 0.25600384 0.19254516
0.90285191 0.25904579 0.18888635
0.90559707 0.26256804 0.18568488
0.90834223 0.26544989 0.18294077
0.90971481 0.26673071 0.18019666
0.91276498 0.27009286 0.17699520
0.91505262 0.27169388 0.17493711
