1.0000 1.0000 1.0000
0.9673 0.9148 0.9874
0.9374 0.8295 0.9692
0.9197 0.7738 0.9532
0.8939 0.7115 0.9349
0.8694 0.6393 0.9189
0.8449 0.5803 0.9053
0.8327 0.5541 0.8916
0.8054 0.4852 0.8756
0.7850 0.4525 0.8653
0.7701 0.4131 0.8493
0.7673 0.3902 0.8379
0.7469 0.3639 0.8196
0.7306 0.3377 0.8071
0.7170 0.3082 0.7945
0.7048 0.2525 0.7831
0.6857 0.2426 0.7717
0.6789 0.2262 0.7603
0.6667 0.2328 0.7432
0.6517 0.2230 0.7352
0.6272 0.2164 0.7169
0.6259 0.1869 0.7021
0.6150 0.1377 0.6929
0.6027 0.1344 0.6838
0.5850 0.1443 0.6712
0.5823 0.1508 0.6598
0.5687 0.1180 0.6461
0.5605 0.1049 0.6393
0.5510 0.0852 0.6267
0.5456 0.0689 0.6187
0.5293 0.0590 0.6096
0.5156 0.0787 0.6039
0.5034 0.0525 0.5868
0.4966 0.0426 0.5765
0.4857 0.0361 0.5696
0.4776 0.0459 0.5571
0.4680 0.0164 0.5468
0.4585 0.0197 0.5411
0.4476 0.0197 0.5331
0.4422 0.0098 0.5240
0.4367 0.0098 0.5137
0.4259 0.0066 0.5057
0.4190 0.0328 0.4966
0.4136 0.0033 0.4920
0.4027 0.0098 0.4886
0.3973 -0.0000 0.4783
0.3837 0.0164 0.4715
0.3796 0.0197 0.4658
0.3660 0.0230 0.4600
0.3660 0.0361 0.4543
0.3605 0.0066 0.4498
0.3537 0.0197 0.4486
0.3456 0.0459 0.4395
0.3415 0.0492 0.4372
0.3374 0.0426 0.4326
0.3347 0.0689 0.4281
0.3320 0.0656 0.4235
0.3238 0.0656 0.4178
0.3156 0.0918 0.4144
0.3075 0.1049 0.4087
0.3075 0.0885 0.4053
0.3034 0.1082 0.3995
0.2966 0.1213 0.3950
0.2884 0.1213 0.3904
0.2830 0.1377 0.3881
0.2830 0.1574 0.3870
0.2721 0.1705 0.3824
0.2680 0.1770 0.3779
0.2653 0.1770 0.3699
0.2585 0.1967 0.3721
0.2476 0.1902 0.3607
0.2449 0.2426 0.3516
0.2340 0.2361 0.3425
0.2231 0.2262 0.3402
0.2218 0.2492 0.3299
0.2109 0.2262 0.3253
0.2027 0.2328 0.3174
0.1918 0.2656 0.3071
0.1878 0.2984 0.2968
0.1714 0.2918 0.2911
0.1660 0.2852 0.2797
0.1578 0.2885 0.2660
0.1456 0.2885 0.2546
0.1333 0.3016 0.2443
0.1211 0.3279 0.2260
0.1129 0.3246 0.2135
0.0993 0.3213 0.2021
0.0898 0.3082 0.1895
0.0816 0.2951 0.1701
0.0735 0.2721 0.1587
0.0626 0.2623 0.1438
0.0544 0.2623 0.1279
0.0503 0.2492 0.1130
0.0340 0.2328 0.0970
0.0259 0.2262 0.0822
0.0204 0.2098 0.0616
0.0150 0.1508 0.0468
0.0041 0.1246 0.0274
0.0041 0.1082 0.0126
-0.0000 0.0623 0.0000
