0.4307 -6.1923 0.7408
0.4251 -6.2692 0.7324
0.4157 -6.3205 0.7258
0.4045 -6.3205 0.7191
0.3970 -6.3846 0.7157
0.3970 -6.4615 0.7140
0.3820 -6.5128 0.7074
0.3764 -6.5385 0.7007
0.3727 -6.5385 0.6890
0.3633 -6.6154 0.6923
0.3483 -6.5897 0.6756
0.3446 -6.7949 0.6622
0.3296 -6.7692 0.6488
0.3146 -6.7308 0.6455
0.3127 -6.8205 0.6304
0.2978 -6.7308 0.6237
0.2865 -6.7564 0.6120
0.2715 -6.8846 0.5970
0.2659 -7.0128 0.5819
0.2434 -6.9872 0.5736
0.2360 -6.9615 0.5569
0.2247 -6.9744 0.5368
0.2079 -6.9744 0.5201
0.1910 -7.0256 0.5050
0.1742 -7.1282 0.4783
0.1629 -7.1154 0.4599
0.1442 -7.1026 0.4431
0.1311 -7.0513 0.4247
0.1199 -7.0000 0.3963
0.1086 -6.9103 0.3796
0.0936 -6.8718 0.3579
0.0824 -6.8718 0.3344
0.0768 -6.8205 0.3127
0.0543 -6.7564 0.2893
0.0431 -6.7308 0.2676
0.0356 -6.6667 0.2375
0.0281 -6.4359 0.2157
0.0131 -6.3333 0.1873
0.0131 -6.2692 0.1656
0.0075 -6.0897 0.1472
-0.0000 -5.8590 0.1221
0.0037 -5.6923 0.1037
0.0056 -5.4103 0.0853
0.0056 -5.2051 0.0686
0.0150 -4.9487 0.0518
0.0225 -4.6282 0.0351
0.0243 -4.3974 0.0251
0.0206 -4.1154 0.0184
0.0356 -3.8590 0.0134
0.0412 -3.5256 0.0033
0.0524 -3.2436 0.0000
0.0674 -2.8974 0.0050
0.0730 -2.5385 0.0084
0.0824 -2.3590 0.0234
0.1067 -2.1154 0.0284
0.1273 -1.7949 0.0401
0.1386 -1.5641 0.0518
0.1498 -1.3718 0.0619
0.1648 -1.1795 0.0769
0.1779 -1.0000 0.0936
0.1966 -0.6795 0.1020
0.2191 -0.4744 0.1137
0.2322 -0.3846 0.1338
0.2566 -0.2564 0.1472
0.2753 0.0000 0.1672
0.2846 0.2051 0.1806
0.3127 0.4744 0.1990
0.3258 0.6282 0.2140
0.3427 0.6923 0.2341
0.3614 0.7436 0.2441
0.3820 1.0000 0.2592
0.3951 1.1923 0.2776
0.4157 1.3974 0.2893
0.4363 1.6154 0.3043
0.4551 1.7308 0.3211
0.4700 1.7692 0.3395
0.4981 1.9103 0.3562
0.5131 2.1154 0.3729
0.5431 2.3077 0.3863
0.5637 2.5256 0.4064
0.5843 2.5513 0.4264
0.6011 2.4872 0.4431
0.6311 2.6410 0.4615
0.6442 2.8077 0.4833
0.6648 2.9744 0.5033
0.6948 3.1795 0.5318
0.7135 3.2179 0.5535
0.7378 3.1795 0.5836
0.7715 3.3333 0.6104
0.7884 3.5128 0.6405
0.8109 3.6667 0.6706
0.8371 3.7564 0.7023
0.8577 3.7821 0.7341
0.8745 3.7692 0.7742
0.9064 3.8462 0.8077
0.9139 4.0256 0.8428
0.9457 4.1154 0.8763
0.9644 4.2308 0.9147
0.9813 4.1667 0.9548
1.0000 4.1282 1.0000
