0.73476923 0.00000000 0.26261009
0.73538462 0.01786492 0.25540432
0.73907692 0.03355120 0.24739792
0.73907692 0.05272331 0.25060048
0.74400000 0.06623094 0.24659728
0.74276923 0.08278867 0.25220176
0.74953846 0.09586057 0.25140112
0.75323077 0.10936819 0.25620496
0.75507692 0.12069717 0.25460368
0.75876923 0.13202614 0.26100881
0.77107692 0.13856209 0.25940753
0.77538462 0.14989107 0.26261009
0.78092308 0.15947712 0.26100881
0.78769231 0.16819172 0.26180945
0.79630769 0.17690632 0.26421137
0.80123077 0.17995643 0.25940753
0.81046154 0.19041394 0.25860689
0.81600000 0.19825708 0.26100881
0.83015385 0.20784314 0.26421137
0.83630769 0.21394336 0.26581265
0.84492308 0.22091503 0.26341073
0.85107692 0.22178649 0.25380304
0.85723077 0.23529412 0.26020817
0.86461538 0.23921569 0.26020817
0.87138462 0.24923747 0.25940753
0.88184615 0.25359477 0.25540432
0.88861538 0.26013072 0.25060048
0.89538462 0.26623094 0.24419536
0.90153846 0.27668845 0.24019215
0.91138462 0.28366013 0.23859087
0.92000000 0.29150327 0.22898319
0.92676923 0.29978214 0.22017614
0.93476923 0.30849673 0.21216974
0.94646154 0.31721133 0.20496397
0.95507692 0.32679739 0.19055244
0.96123077 0.33943355 0.17854283
0.96861538 0.35250545 0.16973579
0.97538462 0.36775599 0.15772618
0.98215385 0.37647059 0.14091273
0.98707692 0.38867102 0.12570056
0.99138462 0.40566449 0.11449159
0.99815385 0.42265795 0.10488391
1.00000000 0.43790850 0.08807046
0.99630769 0.45490196 0.07606085
0.99446154 0.47233115 0.06084868
0.99076923 0.49193900 0.05364291
0.98584615 0.51111111 0.04003203
0.97600000 0.53246187 0.02962370
0.96984615 0.55599129 0.01761409
0.95569231 0.57864924 0.01200961
0.94276923 0.60174292 0.00400320
0.92369231 0.62527233 0.00400320
0.90953846 0.65185185 0.00000000
0.89046154 0.67755991 0.00240192
0.87076923 0.70283224 0.00480384
0.84492308 0.72941176 0.01200961
0.82400000 0.75468410 0.02241793
0.79384615 0.78169935 0.03763010
0.76492308 0.80827887 0.05604484
0.73538462 0.83180828 0.08086469
0.70400000 0.85446623 0.10008006
0.67446154 0.87668845 0.12650120
0.63815385 0.89673203 0.15532426
0.60615385 0.91459695 0.18654924
0.57415385 0.93464052 0.22257806
0.53846154 0.95032680 0.25780624
0.50276923 0.96427015 0.29543635
0.47200000 0.97037037 0.33466773
0.43938462 0.98387800 0.37550040
0.40369231 0.98997821 0.41713371
0.37169231 0.99738562 0.45716573
0.33784615 1.00000000 0.49879904
0.30523077 0.99869281 0.53722978
0.27323077 0.99215686 0.57806245
0.24307692 0.99172113 0.61809448
0.21600000 0.99477124 0.65812650
0.18892308 0.98300654 0.69415532
0.16061538 0.97472767 0.72858287
0.14215385 0.95555556 0.76220977
0.11323077 0.95076253 0.79743795
0.09230769 0.93638344 0.82385909
0.07323077 0.92418301 0.85268215
0.06092308 0.91154684 0.87510008
0.04553846 0.89150327 0.89591673
0.03261538 0.87320261 0.91353082
0.02092308 0.85838780 0.93274620
0.01230769 0.85228758 0.94955965
0.00800000 0.83267974 0.96156926
0.00000000 0.82178649 0.97037630
0.00615385 0.80392157 0.97918335
0.00369231 0.79738562 0.98398719
0.00738462 0.78518519 0.98718975
0.00738462 0.78039216 0.99359488
0.01169231 0.77472767 0.99439552
0.01538462 0.76644880 0.99759808
0.02400000 0.75424837 0.99119295
0.03200000 0.75119826 0.99679744
0.04246154 0.75076253 1.00000000
0.05230769 0.74553377 0.99679744
0.05723077 0.74030501 0.99599680
