0.00000000 0.64738806 0.00000000
0.01094177 0.66977612 0.01333333
0.02071122 0.68843284 0.02222222
0.03282532 0.71455224 0.03555556
0.04376710 0.73134328 0.04444444
0.05431809 0.75000000 0.04444444
0.06721376 0.77611940 0.06222222
0.07776475 0.79291045 0.06666667
0.08909730 0.80783582 0.07555556
0.10082063 0.82276119 0.08888889
0.11293474 0.83582090 0.09777778
0.12504885 0.85447761 0.11111111
0.13677218 0.86567164 0.12000000
0.14849551 0.87500000 0.12888889
0.15943728 0.89552239 0.14222222
0.17037905 0.89925373 0.15111111
0.18093005 0.91231343 0.16444444
0.19265338 0.92537313 0.17777778
0.20476749 0.92910448 0.16888889
0.21570926 0.94216418 0.17333333
0.23016803 0.95335821 0.15555556
0.23876514 0.95335821 0.16888889
0.24970692 0.97014925 0.18666667
0.26103947 0.96828358 0.19555556
0.27080891 0.98134328 0.19555556
0.28253224 0.99067164 0.20000000
0.29269246 0.99067164 0.20444444
0.30363423 0.98507463 0.20000000
0.31535756 0.99253731 0.21333333
0.32395467 0.98694030 0.21777778
0.33528722 0.99253731 0.23111111
0.34544744 0.99813433 0.24888889
0.35404455 0.99067164 0.24000000
0.36381399 0.99440299 0.24444444
0.37514654 0.99813433 0.23111111
0.38413443 0.99813433 0.23111111
0.39468542 0.99626866 0.23555556
0.40601798 0.99813433 0.20888889
0.41500586 0.98880597 0.22666667
0.42516608 1.00000000 0.22666667
0.43532630 0.99253731 0.24888889
0.44548652 0.98320896 0.23555556
0.45642829 0.98507463 0.24888889
0.46658851 0.96828358 0.23555556
0.47753029 0.96641791 0.23555556
0.48847206 0.95708955 0.23111111
0.49941383 0.95335821 0.24444444
0.51035561 0.94962687 0.23555556
0.52012505 0.93843284 0.26222222
0.53145760 0.92910448 0.26666667
0.54044549 0.92537313 0.27555556
0.55138726 0.90858209 0.28000000
0.56076592 0.90671642 0.28000000
0.57209848 0.89925373 0.27555556
0.58186792 0.88432836 0.28000000
0.59124658 0.88059701 0.28888889
0.60023447 0.86753731 0.31111111
0.61078546 0.85261194 0.33777778
0.61977335 0.84888060 0.32888889
0.62954279 0.83022388 0.35555556
0.63931223 0.81529851 0.34666667
0.64908167 0.80970149 0.35555556
0.65806956 0.79291045 0.36000000
0.66783900 0.77611940 0.37333333
0.67721766 0.76679104 0.40888889
0.68659633 0.75186567 0.40888889
0.69597499 0.73694030 0.42222222
0.70574443 0.73134328 0.42666667
0.71355998 0.70149254 0.44888889
0.72489254 0.68656716 0.47111111
0.73583431 0.66977612 0.44888889
0.74364986 0.64925373 0.45777778
0.75302853 0.64738806 0.45777778
0.76201641 0.62126866 0.47555556
0.77100430 0.60074627 0.50222222
0.78155530 0.58208955 0.52888889
0.79093396 0.55783582 0.54222222
0.80070340 0.54104478 0.55555556
0.80969129 0.52052239 0.56000000
0.82024228 0.49813433 0.58666667
0.82923017 0.47761194 0.61777778
0.83782728 0.45335821 0.62666667
0.84720594 0.43656716 0.64444444
0.85658460 0.41977612 0.66222222
0.86557249 0.38619403 0.68000000
0.87456038 0.36007463 0.70222222
0.88393904 0.34701493 0.71555556
0.89292692 0.31529851 0.72888889
0.90230559 0.30223881 0.72444444
0.91207503 0.27798507 0.73333333
0.91949980 0.25559701 0.76444444
0.93005080 0.23134328 0.80444444
0.93786635 0.19962687 0.83111111
0.94685424 0.17537313 0.84888889
0.95584213 0.14925373 0.85333333
0.96561157 0.12686567 0.88888889
0.97459945 0.09141791 0.91555556
0.98319656 0.06343284 0.96000000
0.99179367 0.03544776 0.99111111
1.00000000 0.00000000 1.00000000
