0.00000000 0.99547511 0.01700680
0.01214386 0.99886878 0.03061224
0.02241943 0.99434389 0.02380952
0.03409622 0.99660633 0.02721088
0.04764129 0.99886878 0.01700680
0.05838393 0.99886878 0.01700680
0.07099486 0.99773756 0.02040816
0.08453993 0.99886878 0.00000000
0.09528258 0.99321267 0.01360544
0.10742644 1.00000000 0.01360544
0.11957029 0.99547511 0.03061224
0.13171415 0.98981900 0.02040816
0.14479215 0.99095023 0.03061224
0.15693601 0.98076923 0.02040816
0.17001401 0.97963801 0.02040816
0.18309201 0.97398190 0.01700680
0.19617001 0.97171946 0.02721088
0.20924801 0.96945701 0.02040816
0.22092480 0.96266968 0.04081633
0.23446987 0.95701357 0.04421769
0.24521252 0.95475113 0.05102041
0.25829052 0.94457014 0.05442177
0.26950023 0.94343891 0.05442177
0.28304531 0.93891403 0.05102041
0.29472209 0.92986425 0.05442177
0.30593181 0.92760181 0.06122449
0.31667445 0.91968326 0.07823129
0.32928538 0.91063348 0.09863946
0.34002802 0.90837104 0.09183673
0.35170481 0.89705882 0.11224490
0.36338160 0.88800905 0.10544218
0.37505838 0.88461538 0.11224490
0.38580103 0.87443439 0.11564626
0.39747781 0.86425339 0.12585034
0.40868753 0.85859729 0.15306122
0.41989724 0.84954751 0.15306122
0.43110696 0.84049774 0.16326531
0.44278375 0.83710407 0.16666667
0.45212518 0.81900452 0.18367347
0.46567025 0.80995475 0.20068027
0.47874825 0.79977376 0.18367347
0.48808968 0.78733032 0.19047619
0.49929939 0.78619910 0.19047619
0.51004204 0.77036199 0.20408163
0.52078468 0.75791855 0.22448980
0.53339561 0.74660633 0.24489796
0.54460532 0.73190045 0.25510204
0.55628211 0.72171946 0.26530612
0.56702475 0.70927602 0.26870748
0.57963568 0.69570136 0.28911565
0.59037833 0.68325792 0.31292517
0.60065390 0.66855204 0.31972789
0.61186362 0.65837104 0.33333333
0.62307333 0.64819005 0.34693878
0.63381597 0.62782805 0.36054422
0.64455862 0.61199095 0.37755102
0.65576833 0.60407240 0.38775510
0.66651098 0.58484163 0.39795918
0.67772069 0.57692308 0.39455782
0.68939748 0.56221719 0.40136054
0.69827184 0.54864253 0.42517007
0.71088277 0.53393665 0.45578231
0.72022419 0.51470588 0.47619048
0.73096684 0.50000000 0.48979592
0.74170948 0.48416290 0.49319728
0.75338627 0.47058824 0.52040816
0.76412891 0.44909502 0.54081633
0.77440448 0.43212670 0.57482993
0.78468006 0.41515837 0.59863946
0.79448856 0.39366516 0.60544218
0.80569827 0.38122172 0.62585034
0.81597384 0.36312217 0.63265306
0.82531527 0.34049774 0.65646259
0.83652499 0.32692308 0.68367347
0.84680056 0.30769231 0.69387755
0.85660906 0.29072398 0.70408163
0.86735170 0.27488688 0.71768707
0.87622606 0.25678733 0.73469388
0.88556749 0.23755656 0.75510204
0.89490892 0.21606335 0.77551020
0.90518449 0.19796380 0.79591837
0.91686128 0.18099548 0.81632653
0.92526857 0.16063348 0.81972789
0.93554414 0.13800905 0.84693878
0.94348435 0.11877828 0.86054422
0.95095750 0.10180995 0.88775510
0.95889771 0.08597285 0.90816327
0.96496964 0.07013575 0.92176871
0.97010743 0.05882353 0.92517007
0.97617936 0.04638009 0.95578231
0.98271836 0.03959276 0.94217687
0.98552078 0.03054299 0.94897959
0.98832321 0.02375566 0.94557823
0.99159271 0.01809955 0.96258503
0.99252686 0.01470588 0.96598639
0.99532929 0.00791855 0.97278912
0.99673050 0.00339367 0.98299320
0.99766464 0.00113122 0.98979592
0.99906586 0.00000000 0.98979592
1.00000000 0.00339367 1.00000000
