2.0096 0.5974 0.0294
1.9973 0.6072 0.0254
1.9822 0.6170 0.0240
1.9665 0.6283 0.0187
1.9494 0.6410 0.0140
1.9269 0.6548 0.0107
1.9043 0.6713 0.0033
1.8776 0.6874 0.0000
1.8428 0.7048 0.0020
1.8038 0.7215 0.0073
1.7580 0.7426 0.0040
1.7102 0.7633 0.0033
1.6514 0.7861 0.0093
1.5830 0.8101 0.0154
1.5106 0.8326 0.0294
1.4293 0.8560 0.0454
1.3383 0.8788 0.0681
1.2358 0.9019 0.0868
1.1237 0.9258 0.1075
1.0000 0.9489 0.1435
0.8640 0.9703 0.1883
0.7204 0.9867 0.2377
0.5762 0.9977 0.2944
0.4252 1.0000 0.3545
0.2755 0.9962 0.4206
0.1244 0.9838 0.4880
-0.0219 0.9642 0.5668
-0.1668 0.9385 0.6375
-0.2967 0.8993 0.7130
-0.3951 0.8468 0.7817
-0.4600 0.7812 0.8458
-0.5017 0.7082 0.8992
-0.5154 0.6309 0.9413
-0.5024 0.5478 0.9760
-0.4655 0.4629 0.9987
-0.3923 0.3769 1.0000
-0.2796 0.2949 0.9853
-0.1449 0.2208 0.9506
0.0000 0.1567 0.9059
0.1552 0.1036 0.8578
0.3260 0.0618 0.8077
0.4846 0.0306 0.7517
0.6466 0.0110 0.6936
0.7990 0.0000 0.6322
0.9467 0.0006 0.5748
1.0889 0.0084 0.5214
1.2194 0.0188 0.4766
1.3356 0.0326 0.4346
1.4422 0.0505 0.3925
1.5386 0.0698 0.3551
1.6275 0.0915 0.3271
1.7054 0.1134 0.3011
1.7758 0.1342 0.2777
1.8401 0.1547 0.2563
1.8941 0.1752 0.2377
1.9460 0.1937 0.2216
1.9925 0.2130 0.2130
2.0328 0.2323 0.2036
2.0711 0.2502 0.1943
2.1025 0.2672 0.1856
2.1347 0.2843 0.1829
2.1599 0.2996 0.1776
2.1880 0.3137 0.1749
2.2105 0.3281 0.1749
2.2317 0.3411 0.1782
2.2474 0.3530 0.1769
2.2666 0.3642 0.1782
2.2830 0.3755 0.1782
2.2973 0.3853 0.1802
2.3131 0.3937 0.1796
2.3267 0.4017 0.1829
2.3363 0.4098 0.1876
2.3459 0.4185 0.1903
2.3568 0.4257 0.1896
2.3650 0.4329 0.1949
2.3705 0.4390 0.1976
2.3814 0.4439 0.2009
2.3876 0.4491 0.2096
2.3917 0.4543 0.2109
2.3971 0.4574 0.2150
2.4060 0.4626 0.2190
2.4067 0.4675 0.2196
2.4156 0.4716 0.2230
2.4190 0.4753 0.2276
2.4211 0.4773 0.2370
2.4245 0.4820 0.2370
2.4279 0.4860 0.2403
2.4265 0.4903 0.2430
2.4293 0.4924 0.2457
2.4320 0.4944 0.2503
2.4354 0.4970 0.2550
2.4347 0.4996 0.2557
2.4395 0.5025 0.2563
2.4375 0.5053 0.2590
2.4443 0.5071 0.2597
2.4477 0.5088 0.2644
2.4477 0.5117 0.2724
2.4498 0.5143 0.2710
2.4552 0.5166 0.2717
2.4559 0.5201 0.2730
