0.98719807 0.49832215 0.07800224
0.99009662 0.50531320 0.06341190
0.99275362 0.50782998 0.05274972
0.99541063 0.51761745 0.04264871
0.99613527 0.51985459 0.03647587
0.99710145 0.52740492 0.02525253
1.00000000 0.53076063 0.01964085
0.99830918 0.53942953 0.01178451
0.99903382 0.54642058 0.00785634
0.99927536 0.55229306 0.00392817
0.99975845 0.55984340 0.00056117
0.99830918 0.56683445 0.00112233
0.99541063 0.57606264 0.00000000
0.99444444 0.58417226 0.00168350
0.99082126 0.58948546 0.00617284
0.98961353 0.59675615 0.00897868
0.98502415 0.60374720 0.01515152
0.98526570 0.61185682 0.01851852
0.98115942 0.61828859 0.02749719
0.97874396 0.62583893 0.03535354
0.97536232 0.62807606 0.04320988
0.97367150 0.63366890 0.05331089
0.97222222 0.63758389 0.06060606
0.96835749 0.64093960 0.07014590
0.96763285 0.64345638 0.07800224
0.96666667 0.64904922 0.08361392
0.96545894 0.64988814 0.09034792
0.96256039 0.65016779 0.10325477
0.96183575 0.65156600 0.10830527
0.96086957 0.65604027 0.11616162
0.96159420 0.65827740 0.11784512
0.95893720 0.66107383 0.12177329
0.95966184 0.66275168 0.12514029
0.95917874 0.66331096 0.13299663
0.95603865 0.66666667 0.13804714
0.95652174 0.66778523 0.14197531
0.95531401 0.67253915 0.14197531
0.95579710 0.67197987 0.14646465
0.95289855 0.67337808 0.14814815
0.95458937 0.67421700 0.15263749
0.95217391 0.68232662 0.15095398
0.95193237 0.68372483 0.15712682
0.94927536 0.68540268 0.15824916
0.94927536 0.68819911 0.15937149
0.94758454 0.69239374 0.16442200
0.94613527 0.69407159 0.17003367
0.94589372 0.70050336 0.17171717
0.94613527 0.70525727 0.17620651
0.94541063 0.70833333 0.18350168
0.94227053 0.71196868 0.19023569
0.94275362 0.71532438 0.19304153
0.94227053 0.71979866 0.20033670
0.94009662 0.72427293 0.20931538
0.93816425 0.73014541 0.21436588
0.93768116 0.73210291 0.21997755
0.93599034 0.73517897 0.23288440
0.93309179 0.73629754 0.24354658
0.93188406 0.74217002 0.24859708
0.93188406 0.74720358 0.25476992
0.92826087 0.74860179 0.26599327
0.92342995 0.75083893 0.28002245
0.92028986 0.75643177 0.29068462
0.91666667 0.76090604 0.29797980
0.91159420 0.76538031 0.30751964
0.90314010 0.76845638 0.32267116
0.89685990 0.77600671 0.32884400
0.88719807 0.78271812 0.33557800
0.87801932 0.79082774 0.34231201
0.86231884 0.79921700 0.34960718
0.84806763 0.81152125 0.35578002
0.82801932 0.82158837 0.36195286
0.80434783 0.84004474 0.36868687
0.77560386 0.86157718 0.36868687
0.74082126 0.88310962 0.37822671
0.69806763 0.90995526 0.38945006
0.64227053 0.93624161 0.41638608
0.57898551 0.96504474 0.43995511
0.50386473 0.98629754 0.48316498
0.41835749 0.99916107 0.54040404
0.32439614 1.00000000 0.61560045
0.22971014 0.97846756 0.69023569
0.14130435 0.92813199 0.78619529
0.06473430 0.84535794 0.87485971
0.01425121 0.73573826 0.94556678
0.00000000 0.59871365 0.98484848
0.01594203 0.45022371 1.00000000
0.06086957 0.30956376 0.97755331
0.13309179 0.18568233 0.92424242
0.22028986 0.09451902 0.85241302
0.31594203 0.03215884 0.76767677
0.40579710 0.00503356 0.67957351
0.49347826 0.00000000 0.59539843
0.56739130 0.01062640 0.51964085
0.63043478 0.03383669 0.45903479
0.68357488 0.06012304 0.40347924
0.72705314 0.08948546 0.35746352
0.75966184 0.11549217 0.31986532
0.78647343 0.13814318 0.28900112
0.80942029 0.16023490 0.25925926
0.82608696 0.18176734 0.23512907
