0.0093 0.0089 0.0084
0.0062 0.0357 0.0084
0.0093 0.0446 0.0168
0.0062 0.0268 0.0252
0.0093 0.0000 0.0252
0.0031 0.0268 0.0084
0.0093 0.0089 0.0252
0.0031 0.0179 0.0168
0.0124 0.0268 0.0336
0.0062 0.0179 0.0252
0.0124 0.0268 0.0168
0.0062 0.0357 0.0252
0.0093 0.0179 0.0168
0.0031 0.0268 0.0000
0.0124 0.0268 0.0084
0.0031 0.0357 0.0000
0.0124 0.0268 0.0084
0.0000 0.0268 0.0168
0.0124 0.0357 0.0252
0.0062 0.0357 0.0252
0.0155 0.0357 0.0420
0.0031 0.0357 0.0168
0.0093 0.0268 0.0168
0.0031 0.0446 0.0252
0.0124 0.0357 0.0168
0.0062 0.0446 0.0336
0.0155 0.0446 0.0420
0.0062 0.0893 0.0252
0.0217 0.0804 0.0336
0.0217 0.1161 0.0420
0.0311 0.0893 0.0336
0.0280 0.1071 0.0504
0.0404 0.1161 0.0588
0.0435 0.1250 0.0588
0.0497 0.1429 0.0672
0.0466 0.1339 0.0924
0.0590 0.1607 0.0924
0.0559 0.1696 0.0924
0.0714 0.1696 0.1008
0.0714 0.1875 0.1513
0.0932 0.1875 0.1429
0.0839 0.1875 0.1597
0.0994 0.1964 0.1597
0.1025 0.1964 0.1933
0.1211 0.1964 0.2017
0.1273 0.2411 0.1765
0.1522 0.2411 0.2185
0.1584 0.2679 0.2269
0.1863 0.2857 0.2353
0.1957 0.3036 0.2521
0.2205 0.3482 0.2689
0.2360 0.3571 0.2941
0.2609 0.3571 0.3109
0.2702 0.3839 0.3277
0.3012 0.3839 0.3529
0.3168 0.3929 0.3782
0.3447 0.4464 0.4034
0.3571 0.4732 0.4118
0.3882 0.5089 0.4370
0.4037 0.5268 0.4454
0.4255 0.5446 0.4790
0.4317 0.5625 0.4790
0.4472 0.5536 0.5126
0.4596 0.5446 0.5126
0.4658 0.5536 0.5294
0.4689 0.5625 0.5294
0.4814 0.5804 0.5546
0.4907 0.5893 0.5462
0.4938 0.5804 0.5378
0.4938 0.6071 0.5546
0.5124 0.6339 0.5546
0.5093 0.6339 0.5546
0.5248 0.6607 0.5630
0.5280 0.6786 0.5630
0.5342 0.6696 0.5882
0.5435 0.7054 0.6050
0.5497 0.6875 0.6218
0.5590 0.7054 0.6218
0.5714 0.6875 0.6471
0.5807 0.7143 0.6639
0.5963 0.6964 0.6723
0.6149 0.7411 0.6807
0.6335 0.7500 0.7059
0.6615 0.7946 0.7059
0.6770 0.8036 0.7395
0.6925 0.8214 0.7479
0.7205 0.8125 0.7647
0.7329 0.8214 0.7647
0.7640 0.8214 0.8151
0.7826 0.8750 0.8403
0.8292 0.8839 0.8235
0.8354 0.9107 0.8655
0.8602 0.9018 0.8908
0.8851 0.9286 0.9160
0.9006 0.9196 0.9160
0.9130 0.9286 0.9328
0.9317 0.9196 0.9496
0.9503 0.9464 0.9580
0.9720 0.9732 0.9916
1.0000 1.0000 1.0000
