0.0000 0.0223 1.0000
0.0741 0.0223 0.9767
0.0926 0.0223 0.9555
0.1296 0.0056 0.9343
0.2222 0.0279 0.9174
0.1481 0.0112 0.9025
0.2037 0.0000 0.8771
0.2222 0.0056 0.8644
0.3148 0.0112 0.8453
0.2963 0.0056 0.8347
0.3889 0.0391 0.8072
0.3333 0.0447 0.7839
0.4259 0.0726 0.7669
0.3704 0.0615 0.7585
0.3519 0.0782 0.7415
0.3889 0.1061 0.7246
0.3889 0.1117 0.7119
0.4259 0.1117 0.6970
0.4630 0.1341 0.6864
0.4074 0.1397 0.6758
0.4444 0.1564 0.6525
0.5556 0.1732 0.6335
0.5370 0.2011 0.6208
0.4630 0.1899 0.6059
0.4815 0.2179 0.5911
0.5556 0.2402 0.5763
0.5926 0.2458 0.5614
0.5556 0.2793 0.5466
0.5926 0.2961 0.5381
0.6296 0.3073 0.5254
0.7222 0.3352 0.5085
0.6667 0.3687 0.4894
0.6667 0.3855 0.4873
0.5556 0.3966 0.4788
0.6296 0.4358 0.4640
0.6667 0.4413 0.4597
0.7222 0.4358 0.4555
0.6667 0.4637 0.4343
0.7593 0.4972 0.4258
0.7963 0.5028 0.4047
0.7963 0.5140 0.3962
0.7407 0.5475 0.3919
0.7222 0.5698 0.3856
0.7222 0.5978 0.3644
0.8148 0.5866 0.3623
0.8148 0.6201 0.3602
0.8333 0.6313 0.3496
0.8333 0.6369 0.3390
0.8519 0.6760 0.3284
0.8519 0.6983 0.3199
0.8704 0.7263 0.3178
0.8519 0.7654 0.3072
0.8889 0.7542 0.3008
0.8333 0.7654 0.2987
0.8704 0.7821 0.2924
0.8519 0.7933 0.2839
0.8889 0.8156 0.2775
0.8704 0.8268 0.2564
0.9444 0.8436 0.2542
0.8889 0.8659 0.2521
1.0000 0.8771 0.2373
0.8704 0.8827 0.2288
0.8889 0.8994 0.2225
0.8519 0.8939 0.2182
0.8889 0.8994 0.2119
0.8333 0.9050 0.2013
0.8519 0.9385 0.1886
0.8333 0.9385 0.1801
0.8333 0.9497 0.1758
0.7407 0.9441 0.1695
0.7778 0.9553 0.1589
0.7407 0.9441 0.1483
0.7222 0.9385 0.1504
0.6481 0.9441 0.1356
0.6852 0.9441 0.1271
0.6852 0.9441 0.1144
0.7593 0.9441 0.0996
0.6667 0.9609 0.0932
0.6667 0.9721 0.0869
0.6852 0.9665 0.0826
0.6111 0.9385 0.0847
0.5185 0.9330 0.0826
0.5370 0.9609 0.0742
0.5370 0.9721 0.0636
0.5741 0.9609 0.0593
0.4444 0.9553 0.0572
0.4444 0.9441 0.0572
0.4074 0.9330 0.0424
0.3889 0.9274 0.0445
0.2963 0.9385 0.0424
0.3333 0.9330 0.0381
0.3333 0.9385 0.0254
0.3519 0.9330 0.0191
0.2778 0.9497 0.0148
0.2778 0.9609 0.0127
0.2593 0.9609 0.0042
0.2222 0.9609 0.0127
0.1111 1.0000 0.0169
0.0926 0.9944 0.0106
0.0370 0.9777 0.0000
