0.42489270 0.25866051 0.00000000
0.44635193 0.28868360 0.00336323
0.48068670 0.32101617 0.00560538
0.52789700 0.33949192 0.01345291
0.53648069 0.36489607 0.02242152
0.54506438 0.37875289 0.03587444
0.57081545 0.39260970 0.05044843
0.61373391 0.42263279 0.05044843
0.65665236 0.44803695 0.05381166
0.69527897 0.46882217 0.06614350
0.72532189 0.48960739 0.06838565
0.72961373 0.51039261 0.07847534
0.72103004 0.51039261 0.08744395
0.77253219 0.54041570 0.08632287
0.80257511 0.56351039 0.09304933
0.82403433 0.57967667 0.09977578
0.82832618 0.61200924 0.10538117
0.84120172 0.62124711 0.11771300
0.84978541 0.62355658 0.11883408
0.89699571 0.64665127 0.12556054
0.90557940 0.66050808 0.13228700
0.92703863 0.67436490 0.13789238
0.92703863 0.69745958 0.14349776
0.93562232 0.69976905 0.16031390
0.95278970 0.73210162 0.16255605
0.96137339 0.74595843 0.16928251
0.97424893 0.74826790 0.17825112
0.98712446 0.77136259 0.18609865
0.97854077 0.78290993 0.19843049
0.98712446 0.79907621 0.19955157
0.98283262 0.81293303 0.20739910
1.00000000 0.80600462 0.22757848
0.97424893 0.83140878 0.23766816
0.96995708 0.84526559 0.25112108
0.95278970 0.85219400 0.25560538
0.96137339 0.87528868 0.26569507
0.94420601 0.87759815 0.28363229
0.95278970 0.88683603 0.30269058
0.92274678 0.87528868 0.32174888
0.91845494 0.88452656 0.33856502
0.90557940 0.92378753 0.34304933
0.90128755 0.92147806 0.35313901
0.88412017 0.91916859 0.36995516
0.84549356 0.92147806 0.39798206
0.82832618 0.92147806 0.41479821
0.81115880 0.95381062 0.41031390
0.78969957 0.96766744 0.42152466
0.81115880 0.97921478 0.44170404
0.76394850 0.96997691 0.46973094
0.74678112 0.95842956 0.49551570
0.72103004 0.96535797 0.50896861
0.71244635 0.99538106 0.51008969
0.70386266 1.00000000 0.52466368
0.67811159 0.99538106 0.54932735
0.63948498 0.98614319 0.57174888
0.61373391 0.96304850 0.59977578
0.58798283 0.98383372 0.59641256
0.59656652 0.98152425 0.61659193
0.58798283 0.97228637 0.63228700
0.55793991 0.95612009 0.66816143
0.54935622 0.93764434 0.68049327
0.51502146 0.91916859 0.69282511
0.49785408 0.92147806 0.70627803
0.49356223 0.90069284 0.72085202
0.46781116 0.89376443 0.73766816
0.44206009 0.86143187 0.75784753
0.41201717 0.81755196 0.78026906
0.41201717 0.82217090 0.78923767
0.39484979 0.79214781 0.80156951
0.39484979 0.76674365 0.81614350
0.35193133 0.72748268 0.82959641
0.33476395 0.67898383 0.84641256
0.31759657 0.67667436 0.84977578
0.31759657 0.64434180 0.85650224
0.30901288 0.62355658 0.86210762
0.28326180 0.59122402 0.87331839
0.25751073 0.56120092 0.88340807
0.25751073 0.53348730 0.89237668
0.25751073 0.50346420 0.89686099
0.27038627 0.48036952 0.90022422
0.22317597 0.45958430 0.90695067
0.19742489 0.42956120 0.91704036
0.19742489 0.39722864 0.92040359
0.18884120 0.37644342 0.92488789
0.18454936 0.35796767 0.92488789
0.15450644 0.33256351 0.93609865
0.13733906 0.30946882 0.94394619
0.15021459 0.28406467 0.94618834
0.14163090 0.26789838 0.95067265
0.14592275 0.23556582 0.95627803
0.10729614 0.21709007 0.96300448
0.09442060 0.19861432 0.97085202
0.09442060 0.18475751 0.96636771
0.08583691 0.15704388 0.97309417
0.06866953 0.12702079 0.97645740
0.04291845 0.11547344 0.98206278
0.01716738 0.08314088 0.99215247
0.02145923 0.06466513 0.98991031
0.01287554 0.03926097 0.99439462
0.00000000 0.00000000 1.00000000
