0.0040 0.0000 1.0000
0.0053 0.0092 0.9634
0.0027 0.0168 0.9085
0.0053 0.0290 0.8598
0.0067 0.0389 0.8110
0.0040 0.0496 0.7744
0.0040 0.0618 0.7195
0.0067 0.0763 0.7073
0.0000 0.0847 0.6585
0.0040 0.0992 0.6585
0.0120 0.1130 0.5976
0.0080 0.1229 0.5488
0.0093 0.1344 0.5244
0.0146 0.1504 0.5122
0.0133 0.1626 0.4634
0.0213 0.1763 0.4329
0.0253 0.1924 0.4024
0.0320 0.2076 0.3780
0.0360 0.2191 0.3354
0.0439 0.2344 0.3232
0.0479 0.2473 0.2683
0.0533 0.2565 0.2561
0.0599 0.2710 0.2378
0.0692 0.2840 0.2317
0.0759 0.2939 0.1890
0.0866 0.3069 0.1707
0.0932 0.3206 0.1707
0.0985 0.3313 0.1524
0.1052 0.3427 0.1341
0.1158 0.3557 0.1341
0.1225 0.3672 0.1220
0.1345 0.3763 0.0976
0.1425 0.3901 0.0732
0.1545 0.4023 0.0671
0.1638 0.4115 0.0549
0.1771 0.4229 0.0671
0.1877 0.4374 0.0305
0.2011 0.4489 0.0366
0.2104 0.4603 0.0427
0.2264 0.4748 0.0366
0.2357 0.4863 0.0244
0.2490 0.4969 0.0122
0.2610 0.5099 0.0061
0.2756 0.5244 0.0061
0.2916 0.5344 0.0000
0.3116 0.5527 0.0122
0.3289 0.5641 0.0061
0.3449 0.5748 0.0122
0.3569 0.5916 0.0000
0.3808 0.6046 0.0122
0.3968 0.6145 0.0061
0.4194 0.6313 0.0305
0.4407 0.6412 0.0122
0.4607 0.6557 0.0122
0.4834 0.6672 0.0366
0.5020 0.6779 0.0549
0.5206 0.6893 0.0671
0.5486 0.7046 0.0671
0.5659 0.7092 0.0671
0.5925 0.7260 0.0976
0.6205 0.7374 0.0732
0.6418 0.7473 0.0793
0.6631 0.7595 0.0854
0.6884 0.7710 0.0976
0.7137 0.7802 0.0976
0.7364 0.7908 0.1159
0.7603 0.8000 0.1341
0.7870 0.8099 0.1402
0.8083 0.8168 0.1402
0.8349 0.8290 0.1646
0.8589 0.8344 0.1585
0.8842 0.8435 0.1707
0.9108 0.8550 0.1829
0.9401 0.8603 0.2073
0.9667 0.8687 0.2134
1.0000 0.8779 0.2439
1.0293 0.8817 0.2439
1.0613 0.8924 0.2500
1.0959 0.9015 0.2439
1.1252 0.9053 0.2622
1.1585 0.9168 0.2744
1.1917 0.9244 0.2927
1.2277 0.9275 0.3110
1.2663 0.9382 0.3293
1.2956 0.9405 0.3415
1.3342 0.9473 0.3598
1.3675 0.9557 0.3598
1.4008 0.9588 0.3841
1.4394 0.9664 0.3841
1.4794 0.9718 0.4085
1.5113 0.9740 0.4085
1.5579 0.9802 0.4268
1.5939 0.9824 0.4207
1.6338 0.9840 0.4451
1.6724 0.9901 0.4512
1.7150 0.9924 0.4390
1.7457 0.9977 0.4634
1.7843 0.9977 0.4817
1.8189 0.9962 0.4878
1.8535 1.0000 0.5061
