0.40136054 1.00000000 0.00000000
0.40816327 1.00000000 0.02208202
0.40136054 0.93150685 0.03154574
0.43537415 0.94520548 0.05047319
0.46258503 0.90410959 0.06309148
0.49659864 0.87671233 0.08201893
0.52380952 0.82191781 0.08832808
0.57142857 0.78082192 0.10410095
0.57823129 0.73972603 0.11987382
0.61904762 0.76712329 0.13564669
0.64625850 0.79452055 0.14826498
0.67346939 0.72602740 0.16403785
0.69387755 0.71232877 0.17034700
0.70068027 0.63013699 0.17665615
0.66666667 0.65753425 0.18296530
0.68027211 0.64383562 0.19873817
0.70068027 0.65753425 0.20504732
0.71428571 0.60273973 0.22082019
0.74149660 0.58904110 0.22712934
0.76870748 0.56164384 0.24921136
0.76870748 0.53424658 0.24605678
0.79591837 0.46575342 0.27129338
0.80272109 0.56164384 0.27760252
0.85034014 0.49315068 0.29022082
0.83673469 0.46575342 0.29022082
0.85034014 0.35616438 0.30914826
0.85034014 0.43835616 0.32176656
0.87074830 0.46575342 0.34069401
0.87755102 0.53424658 0.34069401
0.92517007 0.50684932 0.35646688
0.90476190 0.45205479 0.36277603
0.91156463 0.39726027 0.38485804
0.93197279 0.42465753 0.38801262
0.92517007 0.39726027 0.39116719
0.93197279 0.35616438 0.39747634
0.95918367 0.36986301 0.40694006
0.95918367 0.34246575 0.41324921
0.97959184 0.30136986 0.42902208
0.97278912 0.28767123 0.43533123
0.99319728 0.32876712 0.44794953
0.97278912 0.34246575 0.45110410
0.98639456 0.30136986 0.47318612
0.96598639 0.27397260 0.48264984
0.95918367 0.31506849 0.50473186
0.94557823 0.32876712 0.50788644
0.97959184 0.34246575 0.51735016
0.96598639 0.32876712 0.52996845
0.95918367 0.28767123 0.53943218
0.94557823 0.31506849 0.55205047
0.96598639 0.32876712 0.56782334
0.97278912 0.30136986 0.58675079
1.00000000 0.32876712 0.59305994
1.00000000 0.35616438 0.59936909
0.99319728 0.34246575 0.61829653
0.96598639 0.31506849 0.62460568
0.96598639 0.31506849 0.64668770
0.93877551 0.34246575 0.65299685
0.93877551 0.38356164 0.66246057
0.91836735 0.39726027 0.67823344
0.89795918 0.41095890 0.68769716
0.86394558 0.35616438 0.69716088
0.85034014 0.36986301 0.71608833
0.81632653 0.45205479 0.71924290
0.80272109 0.49315068 0.73817035
0.78911565 0.50684932 0.74447950
0.78911565 0.46575342 0.76340694
0.74829932 0.43835616 0.77287066
0.73469388 0.43835616 0.78233438
0.70748299 0.47945205 0.78548896
0.70068027 0.47945205 0.80126183
0.67346939 0.49315068 0.81072555
0.65306122 0.47945205 0.82965300
0.61224490 0.50684932 0.83280757
0.59183673 0.46575342 0.84227129
0.55782313 0.54794521 0.85488959
0.55102041 0.52054795 0.86119874
0.51700680 0.52054795 0.87066246
0.49659864 0.46575342 0.87381703
0.44897959 0.45205479 0.88643533
0.43537415 0.36986301 0.89589905
0.40816327 0.39726027 0.89905363
0.40816327 0.36986301 0.91482650
0.40816327 0.39726027 0.91482650
0.36054422 0.34246575 0.91167192
0.31972789 0.31506849 0.92113565
0.27210884 0.24657534 0.92113565
0.25170068 0.24657534 0.93690852
0.24489796 0.24657534 0.93690852
0.20408163 0.31506849 0.94006309
0.20408163 0.24657534 0.94952681
0.17006803 0.19178082 0.95583596
0.15646259 0.15068493 0.95583596
0.11564626 0.13698630 0.97160883
0.09523810 0.10958904 0.97160883
0.08163265 0.13698630 0.97476341
0.06802721 0.08219178 0.98422713
0.04081633 0.01369863 0.98422713
0.03401361 0.00000000 0.99684543
0.00000000 0.01369863 1.00000000
0.00000000 0.01369863 1.00000000
