1.00000000 0.00000000 0.00000000
0.98873484 0.01222954 0.01112878
0.98613518 0.02634055 0.00635930
0.97227036 0.03198495 0.01907790
0.96187175 0.04515522 0.02543720
0.95147314 0.05456256 0.02702703
0.93934142 0.05926623 0.02861685
0.92807626 0.07337723 0.03497615
0.92027730 0.08278457 0.04133545
0.91074523 0.09501411 0.04769475
0.90121317 0.10724365 0.05087440
0.88734835 0.11759172 0.05564388
0.87868284 0.12511759 0.05405405
0.86655113 0.13922860 0.06677266
0.85615251 0.14487300 0.06677266
0.84228769 0.15710254 0.07154213
0.83188908 0.16462841 0.07313196
0.82149047 0.17215428 0.07631161
0.81369151 0.18438382 0.08903021
0.80155979 0.19943556 0.09538951
0.79202773 0.21448730 0.09538951
0.77989601 0.22295390 0.10333863
0.76776430 0.23612418 0.10492846
0.75649913 0.24741298 0.11605723
0.74610052 0.25776105 0.12559618
0.73570191 0.27469426 0.13036566
0.72443674 0.28127940 0.13354531
0.71230503 0.29350894 0.14149444
0.70363951 0.30103481 0.14308426
0.69150780 0.31702728 0.15739269
0.68024263 0.32925682 0.15739269
0.66637782 0.34242709 0.16852146
0.65337955 0.35559737 0.16693164
0.64124783 0.36406397 0.17806041
0.63171577 0.37629351 0.18282989
0.61958406 0.38946378 0.19395866
0.61091854 0.40451552 0.19872814
0.59705373 0.41486359 0.20508744
0.58578856 0.42521167 0.20826709
0.57279029 0.42991533 0.21462639
0.56152513 0.44308561 0.22098569
0.54939341 0.45249294 0.22893482
0.53899480 0.46942615 0.24006359
0.52599653 0.48071496 0.24801272
0.51386482 0.49482596 0.25119237
0.50086655 0.50517404 0.26073132
0.49220104 0.51646284 0.26868045
0.48006932 0.52398871 0.28139905
0.47227036 0.53809972 0.28934817
0.45753899 0.55032926 0.30047695
0.44627383 0.55973659 0.30683625
0.43414211 0.56632173 0.32273450
0.42461005 0.57384760 0.31796502
0.41334489 0.58607714 0.33386328
0.40381282 0.59454374 0.34022258
0.39254766 0.60959548 0.35612083
0.38388215 0.61994356 0.36089030
0.37088388 0.63499530 0.37360890
0.36395147 0.64440263 0.37678855
0.35008666 0.65475071 0.38950715
0.34402080 0.66603951 0.39586645
0.33015598 0.67450611 0.41017488
0.32322357 0.68579492 0.41653418
0.31195841 0.69238006 0.43561208
0.30415945 0.70272813 0.44197138
0.29376083 0.71307620 0.45468998
0.28596187 0.71589840 0.46263911
0.27642981 0.72154280 0.47853736
0.26949740 0.72530574 0.48171701
0.25909879 0.73189087 0.50079491
0.25216638 0.74506115 0.51192369
0.24350087 0.75446849 0.53100159
0.23830156 0.76105362 0.54372019
0.22790295 0.77328316 0.55484897
0.21750433 0.78080903 0.56756757
0.20710572 0.79303857 0.58187599
0.19670711 0.80526811 0.59777424
0.18284229 0.81467545 0.61208267
0.17677643 0.82502352 0.62480127
0.16464471 0.83537159 0.64387917
0.16031196 0.84571966 0.66454690
0.15077990 0.85512700 0.67567568
0.14298094 0.86547507 0.69316375
0.13258232 0.86641580 0.71383148
0.12564991 0.87582314 0.72337043
0.11698440 0.88052681 0.74880763
0.10918544 0.88523048 0.76152623
0.09965338 0.89275635 0.78537361
0.09272097 0.90498589 0.79968203
0.08318891 0.91251176 0.82193959
0.07365685 0.92191910 0.83624801
0.06672444 0.92944497 0.86168521
0.05805893 0.93885230 0.87599364
0.04766031 0.95202258 0.89030207
0.03899480 0.96425212 0.90937997
0.02859619 0.97365945 0.92845787
0.02079723 0.97460019 0.94276630
0.01213172 0.98400753 0.96502385
0.00693241 0.99435560 0.97933227
0.00000000 1.00000000 1.00000000
