4.0345 0.0000 1.0000
3.9885 0.0068 0.9876
3.9310 0.0476 0.9813
3.8621 0.0884 0.9606
3.8161 0.1224 0.9585
3.7586 0.1429 0.9419
3.7011 0.1293 0.9336
3.6897 0.1905 0.9212
3.6552 0.2245 0.9025
3.5977 0.2245 0.8963
3.5402 0.2585 0.8859
3.4943 0.2925 0.8714
3.4368 0.3265 0.8672
3.4023 0.3333 0.8568
3.3218 0.3469 0.8465
3.3448 0.3605 0.8361
3.2874 0.3878 0.8195
3.2529 0.4150 0.8112
3.1954 0.4354 0.8029
3.1839 0.4762 0.7863
3.1149 0.5170 0.7739
3.0115 0.4898 0.7593
2.9425 0.4762 0.7448
2.8966 0.4762 0.7365
2.8736 0.5034 0.7220
2.8391 0.5238 0.7116
2.7816 0.5238 0.6971
2.7586 0.5374 0.6867
2.7011 0.5170 0.6784
2.6322 0.4966 0.6618
2.5862 0.5170 0.6577
2.5632 0.4966 0.6452
2.5287 0.5170 0.6369
2.4713 0.4966 0.6224
2.4483 0.5238 0.6141
2.4368 0.5034 0.6037
2.4023 0.5238 0.5913
2.3333 0.5034 0.5809
2.2759 0.4830 0.5747
2.2414 0.4830 0.5602
2.1954 0.5034 0.5560
2.2184 0.4898 0.5415
2.1264 0.4762 0.5436
2.0920 0.4830 0.5373
2.0805 0.4830 0.5311
2.0345 0.4694 0.5249
1.9195 0.4490 0.5353
1.9310 0.4422 0.5207
1.8966 0.4558 0.5187
1.8506 0.4966 0.5166
1.7701 0.4898 0.5104
1.7356 0.4898 0.5083
1.7241 0.4898 0.5083
1.6552 0.4898 0.5041
1.5632 0.4694 0.5041
1.5172 0.4762 0.5041
1.5172 0.4694 0.5021
1.4713 0.5102 0.5000
1.4253 0.5238 0.5000
1.3563 0.5170 0.4979
1.3793 0.5578 0.5062
1.3333 0.5850 0.5041
1.2184 0.5646 0.5041
1.1494 0.5646 0.5041
1.1379 0.6122 0.5000
1.1034 0.6531 0.4896
1.0575 0.6735 0.4917
1.0000 0.6871 0.4855
0.9770 0.7007 0.4772
0.9080 0.6871 0.4647
0.8276 0.6871 0.4647
0.7356 0.7007 0.4502
0.7011 0.7551 0.4481
0.7011 0.7619 0.4378
0.6207 0.7619 0.4315
0.5517 0.8163 0.4232
0.5172 0.8367 0.4129
0.4483 0.8367 0.4025
0.3908 0.8435 0.3880
0.3563 0.8503 0.3693
0.2989 0.9048 0.3527
0.2644 0.9116 0.3320
0.1839 0.9592 0.3257
0.1264 0.9796 0.3029
0.1034 0.9728 0.2925
0.0000 0.9116 0.2656
-0.0230 0.9592 0.2531
-0.0460 0.9932 0.2303
-0.0805 0.9864 0.2137
-0.1379 0.9932 0.1992
-0.1839 1.0000 0.1805
-0.2299 0.9864 0.1556
-0.2874 0.9728 0.1432
-0.3218 0.9796 0.1203
-0.3563 1.0000 0.1017
-0.3563 0.9660 0.0788
-0.4023 0.9388 0.0705
-0.4138 0.9388 0.0353
-0.4828 0.8980 0.0228
-0.5517 0.8503 0.0000
