-0.0000 0.2200 0.0000
0.0140 0.2021 0.0019
0.0186 0.1879 0.0033
0.0233 0.1688 0.0043
0.0302 0.1570 0.0062
0.0419 0.1427 0.0081
0.0535 0.1320 0.0147
0.0605 0.1213 0.0166
0.0651 0.0999 0.0218
0.0674 0.0904 0.0256
0.0721 0.0832 0.0308
0.0767 0.0749 0.0365
0.0837 0.0702 0.0417
0.0884 0.0654 0.0455
0.1023 0.0571 0.0526
0.1116 0.0452 0.0569
0.1140 0.0345 0.0645
0.1116 0.0273 0.0692
0.1186 0.0190 0.0773
0.1279 0.0226 0.0839
0.1302 0.0166 0.0915
0.1302 0.0095 0.0977
0.1302 0.0059 0.1072
0.1302 -0.0024 0.1133
0.1326 0.0000 0.1223
0.1349 -0.0048 0.1294
0.1326 -0.0024 0.1408
0.1233 -0.0024 0.1456
0.1395 -0.0048 0.1536
0.1395 -0.0071 0.1617
0.1326 -0.0143 0.1707
0.1326 -0.0107 0.1788
0.1256 -0.0131 0.1882
0.1256 -0.0083 0.1982
0.1256 -0.0059 0.2082
0.1279 -0.0119 0.2191
0.1209 -0.0131 0.2300
0.1163 -0.0107 0.2399
0.1140 -0.0036 0.2527
0.1116 -0.0024 0.2617
0.1023 0.0036 0.2741
0.1000 0.0059 0.2869
0.1000 0.0059 0.3011
0.0930 0.0071 0.3144
0.0860 0.0143 0.3276
0.0791 0.0214 0.3428
0.0721 0.0285 0.3589
0.0605 0.0392 0.3751
0.0535 0.0476 0.3917
0.0581 0.0547 0.4078
0.0442 0.0642 0.4263
0.0395 0.0785 0.4438
0.0279 0.0987 0.4633
0.0209 0.1130 0.4822
0.0186 0.1344 0.4993
0.0186 0.1463 0.5197
0.0140 0.1665 0.5401
0.0163 0.1926 0.5619
0.0023 0.2212 0.5846
0.0023 0.2449 0.6050
0.0047 0.2901 0.6283
0.0070 0.3199 0.6482
0.0070 0.3532 0.6719
0.0140 0.3888 0.6927
0.0140 0.4340 0.7141
0.0186 0.4828 0.7354
0.0186 0.5434 0.7591
0.0256 0.6005 0.7800
0.0326 0.6540 0.7985
0.0488 0.7039 0.8174
0.0512 0.7717 0.8369
0.0605 0.8395 0.8578
0.0628 0.9191 0.8767
0.0814 1.0000 0.8928
0.1023 1.0702 0.9066
0.1256 1.1391 0.9199
0.1419 1.2140 0.9369
0.1535 1.2996 0.9478
0.1767 1.3805 0.9602
0.1977 1.4816 0.9687
0.2326 1.5636 0.9768
0.2605 1.6302 0.9839
0.2884 1.7099 0.9891
0.3163 1.7979 0.9953
0.3419 1.8942 0.9995
0.3767 1.9917 1.0000
0.4116 2.0713 0.9991
0.4605 2.1427 0.9957
0.4930 2.2259 0.9929
0.5279 2.3103 0.9891
0.5674 2.3971 0.9839
0.6256 2.4863 0.9763
0.6605 2.5719 0.9668
0.7140 2.6409 0.9578
0.7628 2.7253 0.9478
0.7977 2.8074 0.9360
0.8395 2.8882 0.9232
0.8930 2.9643 0.9075
0.9326 3.0380 0.8914
1.0000 3.1034 0.8729
