0.0000 0.0000 0.0000
0.0110 0.0000 0.0000
0.0220 0.0088 0.0025
0.0286 0.0299 0.0124
0.0308 0.0246 0.0223
0.0419 0.0405 0.0223
0.0507 0.0546 0.0347
0.0441 0.0511 0.0569
0.0463 0.0634 0.0470
0.0529 0.0792 0.0520
0.0617 0.0810 0.0668
0.0683 0.0951 0.0693
0.0837 0.0986 0.0594
0.0771 0.0968 0.0866
0.0947 0.1021 0.0891
0.1123 0.1092 0.0842
0.1145 0.1144 0.1015
0.1278 0.1338 0.1015
0.1410 0.1338 0.0990
0.1388 0.1373 0.1312
0.1454 0.1391 0.1411
0.1586 0.1514 0.1287
0.1674 0.1602 0.1485
0.1828 0.1690 0.1287
0.1982 0.1690 0.1312
0.1982 0.1725 0.1559
0.2093 0.1743 0.1658
0.2203 0.1813 0.1634
0.2313 0.1954 0.1733
0.2379 0.2060 0.1584
0.2599 0.2077 0.1634
0.2643 0.2130 0.1832
0.2753 0.2060 0.1955
0.2841 0.2165 0.1856
0.2952 0.2289 0.1881
0.3106 0.2324 0.1782
0.3260 0.2430 0.1807
0.3414 0.2482 0.1881
0.3568 0.2447 0.2054
0.3656 0.2641 0.1856
0.3744 0.2746 0.1856
0.3789 0.2887 0.1807
0.3987 0.2958 0.1881
0.4097 0.2905 0.2129
0.4119 0.2940 0.2129
0.4251 0.3134 0.2054
0.4361 0.3239 0.2054
0.4515 0.3433 0.2005
0.4626 0.3451 0.2005
0.4714 0.3556 0.2153
0.4736 0.3750 0.2104
0.4846 0.3944 0.1955
0.4846 0.4085 0.2129
0.4934 0.4208 0.2129
0.5022 0.4278 0.2104
0.5066 0.4419 0.2203
0.5308 0.4595 0.1955
0.5286 0.4754 0.1980
0.5308 0.4912 0.2030
0.5485 0.5000 0.2030
0.5573 0.5123 0.2252
0.5617 0.5194 0.2327
0.5727 0.5475 0.2104
0.5815 0.5687 0.2351
0.5903 0.5687 0.2401
0.6101 0.5792 0.2574
0.6123 0.5845 0.2896
0.6344 0.5986 0.2797
0.6498 0.6215 0.2871
0.6608 0.6408 0.2970
0.6806 0.6426 0.2995
0.6872 0.6602 0.3416
0.7004 0.6637 0.3787
0.7203 0.6831 0.3688
0.7269 0.7025 0.3985
0.7379 0.7130 0.4109
0.7533 0.7183 0.4480
0.7643 0.7218 0.4950
0.7775 0.7201 0.5099
0.7885 0.7553 0.5297
0.8084 0.7623 0.5520
0.8282 0.7711 0.5817
0.8414 0.7870 0.5965
0.8370 0.7870 0.6337
0.8392 0.8099 0.6411
0.8612 0.8169 0.6757
0.8700 0.8345 0.6757
0.8811 0.8521 0.7030
0.8987 0.8521 0.7327
0.9053 0.8627 0.7550
0.9185 0.8768 0.7847
0.9207 0.8996 0.7921
0.9449 0.9243 0.8045
0.9559 0.9349 0.8441
0.9471 0.9296 0.8886
0.9559 0.9577 0.9059
0.9626 0.9595 0.9332
0.9780 0.9842 0.9406
0.9934 0.9982 0.9505
1.0000 1.0000 1.0000
