0.42420028 0.63514493 0.81195079
0.43254520 0.63297101 0.82460457
0.44645341 0.63224638 0.83655536
0.46314325 0.63405797 0.84780316
0.48539638 0.63007246 0.85729350
0.49791377 0.62427536 0.87170475
0.51460362 0.61775362 0.88400703
0.53268428 0.61485507 0.89525483
0.54798331 0.60905797 0.90685413
0.56328234 0.60000000 0.91845343
0.57162726 0.58840580 0.93005272
0.58553547 0.57789855 0.94305800
0.60222531 0.56739130 0.95043937
0.61057024 0.55434783 0.96239016
0.61891516 0.54202899 0.96977153
0.62726008 0.52173913 0.98277680
0.63004172 0.50398551 0.98699473
0.63421419 0.48007246 0.99332162
0.64255911 0.46159420 0.99472759
0.64255911 0.43405797 1.00000000
0.63699583 0.41304348 0.99683656
0.63560501 0.38188406 0.99507909
0.62586926 0.35471014 0.98910369
0.62726008 0.31920290 0.98207381
0.61474270 0.29384058 0.96836555
0.60778860 0.25797101 0.95465729
0.60361613 0.23369565 0.93708260
0.59248957 0.20036232 0.91564148
0.57858136 0.17355072 0.89314587
0.56606398 0.14420290 0.86889279
0.54520167 0.11920290 0.84077329
0.52990264 0.10036232 0.80773286
0.52433936 0.07173913 0.77785589
0.49513213 0.05833333 0.73919156
0.48539638 0.03840580 0.70650264
0.46036161 0.02898551 0.66783831
0.44228095 0.01413043 0.63057996
0.41724618 0.00978261 0.59086116
0.40751043 0.00398551 0.55008787
0.38386648 0.00000000 0.51353251
0.36995828 0.00181159 0.47205624
0.35048679 0.00615942 0.43655536
0.32823366 0.01594203 0.39683656
0.31293463 0.02210145 0.36239016
0.28789986 0.03623188 0.32302285
0.26981919 0.04927536 0.28963093
0.25591099 0.06630435 0.25553603
0.24061196 0.08297101 0.22601054
0.21696801 0.10797101 0.19472759
0.20027816 0.12862319 0.16660808
0.18080668 0.15289855 0.14481547
0.16272601 0.17536232 0.11845343
0.14881780 0.20289855 0.09947276
0.12378303 0.23152174 0.07627417
0.11404729 0.25869565 0.06256591
0.08901252 0.28913043 0.04393673
0.07510431 0.31920290 0.03339192
0.06119611 0.34891304 0.02108963
0.05006954 0.37717391 0.01616872
0.02920723 0.40869565 0.00702988
0.02781641 0.43731884 0.00246046
0.02503477 0.46666667 0.00210896
0.02086231 0.49601449 0.00175747
0.00000000 0.52391304 0.00000000
0.00278164 0.55144928 0.00246046
0.00556328 0.57572464 0.00913884
0.00834492 0.59963768 0.01195079
0.00556328 0.62355072 0.01757469
0.01112656 0.64637681 0.02460457
0.01947149 0.66920290 0.03514938
0.02920723 0.69021739 0.04042179
0.03755216 0.71159420 0.04956063
0.04728790 0.72862319 0.06045694
0.06397775 0.74420290 0.06889279
0.07927677 0.76449275 0.07768014
0.09874826 0.77971014 0.08717047
0.12517385 0.79420290 0.10052724
0.14881780 0.80797101 0.10861160
0.16968011 0.82318841 0.11950791
0.20027816 0.83333333 0.13216169
0.23643950 0.84347826 0.14551845
0.26703755 0.85797101 0.15254833
0.31015299 0.86702899 0.16906854
0.33796940 0.88043478 0.17539543
0.37413074 0.88768116 0.18980668
0.41029207 0.90000000 0.19789104
0.45340751 0.90652174 0.21195079
0.49513213 0.91449275 0.22706503
0.53963839 0.92173913 0.23514938
0.57858136 0.92971014 0.24780316
0.62586926 0.93913043 0.25202109
0.67037552 0.94021739 0.26889279
0.71627260 0.95036232 0.27240773
0.76216968 0.95362319 0.28400703
0.80250348 0.96195652 0.28927944
0.84700974 0.96630435 0.29630931
0.89012517 0.97681159 0.30158172
0.92906815 0.98442029 0.30474517
0.96940195 0.99094203 0.31669596
1.00000000 1.00000000 0.31704745
