-48.8333 0.6256 0.0131
-48.3889 0.6143 0.0240
-48.3333 0.6402 0.0066
-47.5556 0.6467 0.0066
-47.6111 0.6451 0.0109
-47.1667 0.6499 0.0153
-46.8889 0.6548 0.0087
-46.6111 0.6661 0.0022
-46.3889 0.6742 0.0066
-46.0000 0.6742 0.0109
-45.8333 0.6807 0.0153
-45.2222 0.7066 0.0000
-45.0556 0.7131 0.0022
-44.6111 0.7164 0.0175
-44.3889 0.7180 0.0153
-43.9444 0.7212 0.0131
-43.5556 0.7439 0.0066
-43.2222 0.7504 0.0044
-42.9444 0.7553 0.0175
-42.3333 0.7731 0.0240
-41.9444 0.7812 0.0197
-41.4444 0.8039 0.0393
-40.9444 0.8217 0.0437
-40.1667 0.8298 0.0546
-39.3889 0.8331 0.0699
-38.6111 0.8493 0.0786
-37.9444 0.8622 0.0786
-36.8889 0.8914 0.0939
-35.7222 0.9125 0.1048
-34.6111 0.9206 0.1223
-33.8333 0.9303 0.1528
-32.5000 0.9352 0.1703
-31.1111 0.9611 0.1790
-29.8333 0.9773 0.1878
-28.6111 0.9870 0.2118
-26.8333 0.9870 0.2424
-25.3333 0.9773 0.2729
-23.7222 0.9887 0.2948
-22.1111 0.9968 0.3057
-20.6111 1.0000 0.3275
-19.0556 0.9968 0.3450
-17.6111 0.9903 0.3712
-15.9444 0.9757 0.3908
-14.5000 0.9562 0.4083
-13.0556 0.9514 0.4236
-11.6111 0.9481 0.4389
-10.1667 0.9335 0.4520
-8.8889 0.9206 0.4760
-7.8333 0.8979 0.4978
-6.5556 0.8882 0.5000
-5.4444 0.8687 0.5087
-4.3889 0.8493 0.5328
-3.5556 0.8266 0.5349
-2.3333 0.8088 0.5415
-1.5000 0.7844 0.5590
-0.7222 0.7569 0.5699
-0.0000 0.7326 0.5742
1.0000 0.7196 0.5786
1.5000 0.6872 0.5808
1.8889 0.6515 0.5873
2.4444 0.6321 0.5873
3.1667 0.6094 0.5917
3.3333 0.5900 0.6026
3.8889 0.5802 0.5917
4.5000 0.5656 0.5917
5.0556 0.5300 0.5961
5.5000 0.5041 0.6026
5.6667 0.5057 0.6004
6.0000 0.4862 0.5983
6.3333 0.4684 0.6004
6.8333 0.4522 0.6004
7.6111 0.4425 0.6070
7.7778 0.4295 0.6092
8.2778 0.4100 0.6201
8.6667 0.4003 0.6266
9.2778 0.3890 0.6354
9.7222 0.3776 0.6441
10.4444 0.3663 0.6507
10.9444 0.3533 0.6594
11.7778 0.3387 0.6703
12.2222 0.3258 0.6812
12.8889 0.3355 0.6856
13.5000 0.3290 0.6987
14.1667 0.2982 0.7162
14.6667 0.2820 0.7293
15.2778 0.2609 0.7576
15.7778 0.2674 0.7598
16.4444 0.2577 0.7686
17.1111 0.2301 0.8013
17.8333 0.2156 0.8100
18.5556 0.1831 0.8472
19.4444 0.1815 0.8559
19.7778 0.1750 0.8777
20.6111 0.1491 0.8974
21.2778 0.1313 0.9170
22.4444 0.0778 0.9410
23.0556 0.0616 0.9520
23.8333 0.0405 0.9651
24.5556 0.0259 0.9891
25.5000 0.0000 1.0000
