0.0000 0.2164 1.0000
0.0074 0.2234 0.9974
0.0018 0.2305 0.9719
0.0203 0.2415 0.9592
0.0129 0.2455 0.9362
0.0276 0.2595 0.9362
0.0239 0.2615 0.9158
0.0405 0.2745 0.9082
0.0497 0.2866 0.8776
0.0792 0.2876 0.8724
0.0884 0.2906 0.8495
0.1160 0.2936 0.8495
0.1234 0.2976 0.8393
0.1400 0.3046 0.8469
0.1344 0.2996 0.8546
0.1455 0.2916 0.8673
0.1326 0.2786 0.8750
0.1418 0.2695 0.8878
0.1326 0.2535 0.8878
0.1473 0.2395 0.8980
0.1436 0.2234 0.8954
0.1547 0.2094 0.8954
0.1602 0.1964 0.8776
0.1842 0.1754 0.8776
0.2007 0.1673 0.8571
0.2320 0.1543 0.8622
0.2560 0.1443 0.8265
0.3076 0.1403 0.8138
0.3370 0.1273 0.7730
0.3886 0.1283 0.7602
0.4144 0.1172 0.7143
0.4475 0.1212 0.7066
0.4678 0.1152 0.6633
0.4972 0.1122 0.6378
0.5101 0.1152 0.5969
0.5488 0.1032 0.5740
0.5691 0.0982 0.5332
0.6022 0.0902 0.5179
0.6114 0.0802 0.4847
0.6409 0.0661 0.4719
0.6611 0.0551 0.4209
0.6851 0.0391 0.3929
0.6924 0.0261 0.3444
0.7201 0.0130 0.3087
0.7311 0.0030 0.2781
0.7587 0.0020 0.2551
0.7753 0.0000 0.2092
0.8066 0.0060 0.1837
0.8177 0.0080 0.1480
0.8379 0.0170 0.1352
0.8324 0.0190 0.1071
0.8564 0.0341 0.0918
0.8600 0.0371 0.0638
0.8858 0.0551 0.0485
0.8895 0.0571 0.0306
0.9190 0.0711 0.0281
0.9300 0.0711 0.0128
0.9521 0.0872 0.0179
0.9595 0.0952 0.0026
0.9779 0.1132 0.0128
0.9816 0.1232 0.0000
0.9890 0.1383 0.0128
0.9890 0.1463 0.0026
0.9963 0.1643 0.0204
0.9926 0.1723 0.0230
1.0000 0.1884 0.0306
0.9945 0.2024 0.0383
0.9982 0.2204 0.0510
0.9890 0.2265 0.0638
0.9871 0.2465 0.0816
0.9797 0.2605 0.0867
0.9761 0.2876 0.0969
0.9650 0.3086 0.1071
0.9576 0.3367 0.1352
0.9392 0.3627 0.1352
0.9355 0.3918 0.1531
0.9153 0.4188 0.1607
0.9079 0.4509 0.1837
0.8803 0.4780 0.1990
0.8692 0.5150 0.2321
0.8564 0.5491 0.2474
0.8564 0.5922 0.2730
0.8490 0.6303 0.2959
0.8508 0.6974 0.3061
0.8564 0.7425 0.3240
0.8711 0.7836 0.3418
0.8287 0.8206 0.3903
0.7680 0.8517 0.4184
0.7109 0.8948 0.4337
0.6446 0.9279 0.4617
0.5985 0.9459 0.4490
0.5322 0.9639 0.4515
0.4678 0.9860 0.4388
0.3978 1.0000 0.4362
0.3297 0.9970 0.4311
0.2652 0.9990 0.4362
0.2026 0.9990 0.4260
0.1363 1.0000 0.4235
0.0902 0.9990 0.4209
0.0405 1.0000 0.4388
