-0.6190 1.2039 0.9646
-0.6548 1.1776 0.9558
-0.6429 1.1579 0.9646
-0.6071 1.1579 0.9558
-0.6071 1.1382 0.9646
-0.5714 1.1382 0.9823
-0.5595 1.1250 0.9735
-0.5238 1.0987 0.9823
-0.5714 1.0658 0.9646
-0.5357 1.0592 0.9823
-0.5119 1.0461 0.9646
-0.5119 1.0395 0.9912
-0.4643 1.0197 0.9823
-0.4762 1.0263 1.0000
-0.4524 1.0000 0.9823
-0.4286 0.9605 0.9646
-0.4405 0.9342 0.9558
-0.4286 0.9276 0.9558
-0.4048 0.9145 0.9469
-0.3929 0.8816 0.9469
-0.3690 0.8750 0.9292
-0.3452 0.8289 0.9115
-0.3333 0.8158 0.8850
-0.3214 0.7829 0.9027
-0.3095 0.8026 0.8850
-0.2976 0.7895 0.8850
-0.2619 0.7829 0.8673
-0.2024 0.7697 0.8673
-0.2143 0.7303 0.8407
-0.2024 0.6974 0.8230
-0.1905 0.6711 0.7965
-0.1548 0.6513 0.7965
-0.1190 0.6579 0.7965
-0.0833 0.6118 0.7876
-0.0595 0.5724 0.7699
-0.0238 0.5132 0.7345
0.0000 0.4868 0.7522
0.0357 0.4868 0.7434
0.1190 0.5000 0.7168
0.1667 0.4605 0.7434
0.2024 0.4211 0.6991
0.1905 0.4013 0.6814
0.1786 0.3355 0.6549
0.2500 0.3553 0.6195
0.2976 0.3224 0.6106
0.3452 0.3289 0.6018
0.3571 0.2500 0.5752
0.4167 0.2434 0.5841
0.4643 0.2171 0.5487
0.5238 0.1974 0.5575
0.5714 0.1842 0.5133
0.5476 0.1579 0.5310
0.7024 0.1382 0.5398
0.7143 0.0987 0.5310
0.7500 0.0855 0.5044
0.7738 0.0592 0.4690
0.8095 0.0132 0.4956
0.8571 0.0000 0.4690
0.8929 -0.0592 0.4602
0.9524 -0.0592 0.4425
0.9643 -0.0855 0.4159
1.0000 -0.1053 0.3894
1.0476 -0.1118 0.3628
1.0952 -0.1382 0.3805
1.1429 -0.1513 0.3363
1.1429 -0.1711 0.3274
1.1071 -0.1776 0.3186
1.1429 -0.1842 0.3009
1.1786 -0.1776 0.2743
1.2500 -0.1908 0.2743
1.2381 -0.2632 0.2655
1.2738 -0.2303 0.2389
1.2857 -0.2566 0.2743
1.3810 -0.2368 0.2743
1.3690 -0.2829 0.2566
1.4405 -0.2829 0.2566
1.4286 -0.3092 0.2389
1.5000 -0.2829 0.2566
1.4881 -0.2961 0.2212
1.5357 -0.2829 0.2124
1.5595 -0.3421 0.2035
1.5714 -0.3487 0.2035
1.6071 -0.3158 0.1593
1.6429 -0.3026 0.1593
1.6786 -0.3158 0.1416
1.6786 -0.3289 0.1327
1.6786 -0.3684 0.1150
1.7143 -0.3421 0.1327
1.7976 -0.2895 0.1062
1.8095 -0.2697 0.1150
1.7500 -0.2961 0.0796
1.7976 -0.3289 0.0885
1.7619 -0.3553 0.0619
1.7976 -0.3158 0.0531
1.7857 -0.2895 0.0442
1.8095 -0.2829 0.0442
1.8095 -0.3224 0.0354
1.7976 -0.3618 0.0354
1.8095 -0.3750 0.0000
1.8214 -0.3750 0.0265
