0.4239 0.5692 0.6154
0.4239 0.5538 0.7692
0.4348 0.5385 0.6154
0.4130 0.5846 0.6923
0.4022 0.6154 0.6154
0.3804 0.6154 0.6154
0.3696 0.6308 0.6154
0.3370 0.6615 0.6154
0.3370 0.7077 0.6923
0.3043 0.7077 0.7692
0.2935 0.7385 0.6154
0.2717 0.7692 0.6154
0.2391 0.7385 0.6923
0.2065 0.8000 0.8462
0.2065 0.7692 0.6923
0.1848 0.8308 0.8462
0.1630 0.8308 0.9231
0.1413 0.8769 0.9231
0.0978 0.8615 0.7692
0.0978 0.8923 0.8462
0.0870 0.8923 0.6154
0.0652 0.9231 0.7692
0.0761 0.9231 0.8462
0.0543 0.9538 0.7692
0.0543 0.9385 0.7692
0.0435 1.0000 0.8462
0.0543 0.9077 1.0000
-0.0000 0.9538 0.7692
0.0652 0.9077 0.6923
0.0652 0.9231 0.7692
0.0870 0.8923 0.6923
0.0870 0.8923 0.6923
0.1196 0.8923 0.4615
0.1304 0.8462 0.6923
0.1630 0.8308 0.4615
0.1304 0.8615 0.3846
0.1739 0.8154 0.3077
0.1739 0.8462 0.3846
0.1957 0.7692 0.1538
0.2174 0.7385 0.3077
0.2609 0.7385 0.3077
0.2717 0.7231 0.3077
0.2935 0.6923 0.3846
0.3043 0.6154 0.2308
0.3478 0.6462 0.2308
0.3804 0.6000 0.3077
0.4239 0.5846 0.2308
0.4565 0.5538 0.2308
0.4891 0.4769 0.3846
0.5435 0.5231 0.3077
0.5652 0.4462 0.2308
0.5870 0.4154 0.0769
0.6413 0.3692 0.3077
0.6739 0.3692 0.2308
0.7174 0.2923 0.2308
0.7609 0.2769 0.1538
0.7826 0.2462 0.0769
0.8370 0.2154 0.2308
0.8587 0.1846 0.0769
0.9130 0.1692 0.0000
0.9348 0.1077 0.1538
0.9348 0.1077 0.0769
0.9674 0.0769 0.2308
0.9891 0.0769 0.0769
1.0000 0.0000 0.0769
0.9891 0.0308 0.1538
1.0000 0.0615 0.2308
0.9783 0.1077 0.2308
0.9783 0.0308 0.1538
0.9565 0.1231 0.0769
0.9457 0.1077 0.0769
0.9130 0.1538 0.1538
0.9022 0.2308 0.1538
0.8696 0.2462 0.2308
0.8152 0.2308 0.0769
0.8043 0.2769 0.2308
0.7717 0.2923 0.4615
0.6957 0.3538 0.1538
0.6957 0.3692 0.3077
0.6630 0.4154 0.2308
0.6304 0.4154 0.3077
0.5978 0.4462 0.3846
0.5761 0.4615 0.3846
0.5109 0.5231 0.4615
0.5217 0.5231 0.4615
0.4891 0.5538 0.3846
0.4783 0.5692 0.4615
0.4565 0.6000 0.3846
0.4348 0.6154 0.4615
0.4239 0.6308 0.3846
0.4130 0.6308 0.4615
0.4022 0.6308 0.3846
0.4022 0.6769 0.4615
0.3696 0.6615 0.4615
0.4239 0.6615 0.4615
0.3913 0.6462 0.3846
0.4130 0.6308 0.3846
0.3804 0.6154 0.3846
0.4130 0.6154 0.5385
0.4022 0.6308 0.3846
