1.00000000 1.00000000 0.96842105
0.99287411 0.99736148 1.00000000
0.97624703 0.98153034 0.98947368
0.96674584 0.96833773 0.95789474
0.94774347 0.95778364 0.92631579
0.94061758 0.94722955 0.91578947
0.92161520 0.94722955 0.92631579
0.91448931 0.93931398 0.89473684
0.90498812 0.92612137 0.91578947
0.89786223 0.91820580 0.92631579
0.87885986 0.90765172 0.90526316
0.87410926 0.88654354 0.90526316
0.85748219 0.87598945 0.89473684
0.84323040 0.87335092 0.92631579
0.83610451 0.86807388 0.89473684
0.82422803 0.85751979 0.89473684
0.81710214 0.84432718 0.91578947
0.80760095 0.83113456 0.90526316
0.78622328 0.82058047 0.91578947
0.77909739 0.81530343 0.91578947
0.76959620 0.81002639 0.92631579
0.75771971 0.80474934 0.90526316
0.74109264 0.79419525 0.92631579
0.73396675 0.78364116 0.88421053
0.72209026 0.77308707 0.88421053
0.70783848 0.75197889 0.88421053
0.69596200 0.74670185 0.86315789
0.68883610 0.74406332 0.86315789
0.67220903 0.73350923 0.86315789
0.66033254 0.71240106 0.84210526
0.63895487 0.69393140 0.85263158
0.62232779 0.67810026 0.83157895
0.60807601 0.67282322 0.80000000
0.59619952 0.66490765 0.81052632
0.58194774 0.64907652 0.78947368
0.57007126 0.62796834 0.76842105
0.54869359 0.60686016 0.82105263
0.54631829 0.59894459 0.75789474
0.52494062 0.58047493 0.73684211
0.51068884 0.57783641 0.71578947
0.49168646 0.55408971 0.72631579
0.47505938 0.54089710 0.69473684
0.45843230 0.51978892 0.67368421
0.44893112 0.51715040 0.65263158
0.43705463 0.50659631 0.65263158
0.42280285 0.49604222 0.61052632
0.40617577 0.47757256 0.60000000
0.39192399 0.45646438 0.58947368
0.37529691 0.44591029 0.56842105
0.36342043 0.43799472 0.54736842
0.35154394 0.41952507 0.53684211
0.34204276 0.39841689 0.53684211
0.32304038 0.37994723 0.52631579
0.31353919 0.37467018 0.51578947
0.30166271 0.36411609 0.50526316
0.29453682 0.34828496 0.48421053
0.28028504 0.32717678 0.51578947
0.26840855 0.31134565 0.49473684
0.25653207 0.30343008 0.49473684
0.24940618 0.29551451 0.46315789
0.23515439 0.28232190 0.45263158
0.22327791 0.26649077 0.42105263
0.21615202 0.26121372 0.44210526
0.20665083 0.25065963 0.41052632
0.19239905 0.24010554 0.40000000
0.18052257 0.22163588 0.38947368
0.17102138 0.21372032 0.40000000
0.16389549 0.19788918 0.38947368
0.15914489 0.18733509 0.37894737
0.14726841 0.17414248 0.35789474
0.14014252 0.16622691 0.35789474
0.12826603 0.16094987 0.35789474
0.11638955 0.15039578 0.35789474
0.11163895 0.13984169 0.31578947
0.10213777 0.12928760 0.33684211
0.09263658 0.12664908 0.31578947
0.08076010 0.11873351 0.30526316
0.07600950 0.10817942 0.28421053
0.06650831 0.10290237 0.27368421
0.05700713 0.09498681 0.22105263
0.04750594 0.07651715 0.22105263
0.04038005 0.06332454 0.20000000
0.03325416 0.05013193 0.18947368
0.02612827 0.03957784 0.16842105
0.01900238 0.02374670 0.14736842
0.00950119 0.01319261 0.12631579
0.01187648 0.00527704 0.13684211
0.01900238 0.01055409 0.08421053
0.00950119 0.00000000 0.07368421
0.00475059 0.00263852 0.05263158
0.00475059 0.00791557 0.06315789
0.00475059 0.01319261 0.05263158
0.00475059 0.02110818 0.04210526
0.00475059 0.02902375 0.03157895
0.00237530 0.03693931 0.04210526
0.00712589 0.05804749 0.04210526
0.00475059 0.06596306 0.01052632
0.00237530 0.08443272 0.00000000
0.00000000 0.10554090 0.04210526
0.00000000 0.12928760 0.03157895
