0.00000000 0.85000000 0.07142857
0.06666667 0.85000000 0.00000000
0.06666667 1.00000000 0.09523810
0.13333333 0.90000000 0.02380952
0.13333333 0.90000000 0.09523810
0.13333333 1.00000000 0.04761905
0.13333333 0.90000000 0.07142857
0.13333333 0.95000000 0.04761905
0.06666667 0.85000000 0.07142857
0.06666667 0.85000000 0.07142857
0.13333333 0.85000000 0.09523810
0.20000000 0.85000000 0.00000000
0.13333333 0.90000000 0.04761905
0.20000000 0.80000000 0.02380952
0.13333333 0.80000000 0.09523810
0.06666667 0.75000000 0.00000000
0.13333333 0.95000000 0.09523810
0.13333333 0.90000000 0.02380952
0.13333333 0.85000000 0.09523810
0.20000000 0.85000000 0.00000000
0.13333333 0.85000000 0.07142857
0.20000000 0.85000000 0.04761905
0.13333333 0.95000000 0.07142857
0.26666667 0.80000000 0.04761905
0.13333333 0.80000000 0.07142857
0.13333333 0.75000000 0.00000000
0.06666667 0.80000000 0.04761905
0.13333333 0.80000000 0.00000000
0.13333333 0.90000000 0.07142857
0.13333333 0.85000000 0.02380952
0.26666667 0.95000000 0.09523810
0.20000000 0.80000000 0.04761905
0.13333333 0.80000000 0.09523810
0.26666667 0.75000000 0.07142857
0.13333333 0.80000000 0.09523810
0.20000000 0.80000000 0.04761905
0.13333333 0.90000000 0.09523810
0.20000000 0.70000000 0.09523810
0.20000000 0.75000000 0.09523810
0.20000000 0.70000000 0.14285714
0.46666667 0.80000000 0.09523810
0.26666667 0.70000000 0.09523810
0.33333333 0.70000000 0.16666667
0.26666667 0.60000000 0.07142857
0.13333333 0.70000000 0.19047619
0.26666667 0.65000000 0.14285714
0.26666667 0.70000000 0.19047619
0.40000000 0.50000000 0.21428571
0.40000000 0.60000000 0.23809524
0.60000000 0.50000000 0.21428571
0.46666667 0.45000000 0.21428571
0.66666667 0.40000000 0.28571429
0.73333333 0.45000000 0.35714286
0.80000000 0.30000000 0.33333333
0.73333333 0.40000000 0.40476190
0.93333333 0.20000000 0.42857143
0.86666667 0.30000000 0.52380952
0.93333333 0.05000000 0.52380952
0.93333333 0.15000000 0.54761905
0.93333333 0.05000000 0.61904762
0.93333333 0.25000000 0.66666667
1.00000000 0.00000000 0.66666667
0.93333333 0.00000000 0.73809524
1.00000000 0.05000000 0.73809524
0.86666667 0.15000000 0.80952381
0.93333333 0.00000000 0.78571429
0.80000000 0.20000000 0.88095238
0.80000000 0.10000000 0.88095238
0.73333333 0.30000000 0.90476190
0.80000000 0.20000000 0.85714286
0.73333333 0.30000000 0.88095238
0.86666667 0.20000000 0.90476190
0.66666667 0.30000000 0.90476190
0.66666667 0.35000000 0.90476190
0.73333333 0.40000000 0.95238095
0.73333333 0.35000000 0.97619048
0.60000000 0.35000000 0.95238095
0.66666667 0.25000000 0.95238095
0.73333333 0.45000000 0.95238095
0.66666667 0.35000000 0.92857143
0.60000000 0.55000000 0.97619048
0.73333333 0.45000000 0.92857143
0.80000000 0.45000000 0.92857143
0.66666667 0.35000000 0.92857143
0.60000000 0.50000000 0.92857143
0.60000000 0.35000000 0.90476190
0.60000000 0.45000000 0.92857143
0.53333333 0.40000000 0.95238095
0.46666667 0.45000000 0.90476190
0.53333333 0.40000000 1.00000000
0.60000000 0.45000000 0.88095238
0.46666667 0.35000000 0.90476190
0.40000000 0.65000000 0.90476190
0.53333333 0.50000000 0.85714286
0.40000000 0.50000000 0.88095238
0.40000000 0.45000000 0.90476190
0.46666667 0.50000000 0.85714286
0.33333333 0.45000000 0.85714286
0.33333333 0.55000000 0.90476190
0.33333333 0.35000000 0.92857143
