0.29687500 0.99191375 0.53333333
0.27083333 0.99460916 0.60000000
0.28125000 1.00000000 0.56666667
0.26041667 0.99191375 0.56666667
0.27083333 0.99730458 0.56666667
0.25520833 0.98382749 0.53333333
0.26041667 0.98921833 0.56666667
0.22916667 0.98652291 0.63333333
0.24479167 0.98921833 0.56666667
0.22395833 0.98382749 0.56666667
0.23437500 0.99191375 0.60000000
0.21354167 0.99191375 0.56666667
0.22916667 0.97574124 0.50000000
0.20833333 0.98382749 0.60000000
0.21354167 0.98113208 0.60000000
0.20833333 0.98921833 0.60000000
0.20833333 0.98382749 0.56666667
0.18750000 0.98652291 0.60000000
0.19270833 0.97843666 0.56666667
0.16666667 0.97843666 0.56666667
0.18750000 0.97304582 0.60000000
0.15625000 0.97035040 0.60000000
0.17187500 0.97035040 0.60000000
0.14062500 0.96495957 0.70000000
0.14583333 0.95956873 0.56666667
0.11979167 0.95956873 0.63333333
0.14583333 0.95148248 0.70000000
0.13020833 0.95956873 0.76666667
0.16145833 0.95687332 0.66666667
0.14583333 0.95148248 0.93333333
0.18750000 0.95417790 0.80000000
0.14583333 0.94339623 0.73333333
0.15104167 0.93261456 0.80000000
0.13020833 0.93530997 0.73333333
0.13541667 0.92722372 0.76666667
0.11458333 0.92722372 0.83333333
0.13020833 0.92452830 0.83333333
0.10937500 0.92452830 0.80000000
0.11979167 0.91644205 0.83333333
0.10416667 0.91105121 0.86666667
0.10937500 0.91644205 0.80000000
0.08854167 0.90566038 0.86666667
0.10416667 0.91374663 0.80000000
0.08333333 0.90566038 0.90000000
0.09375000 0.90026954 0.83333333
0.07291667 0.90026954 0.83333333
0.08333333 0.88948787 0.90000000
0.05729167 0.88409704 0.83333333
0.05208333 0.88140162 0.80000000
0.04687500 0.87331536 0.83333333
0.05208333 0.86792453 0.93333333
0.03645833 0.87061995 0.86666667
0.03645833 0.87061995 0.90000000
0.02083333 0.87061995 0.86666667
0.02604167 0.85983827 0.90000000
0.02083333 0.85983827 0.86666667
0.01562500 0.85175202 0.83333333
0.00000000 0.83288410 0.93333333
0.02083333 0.83288410 0.90000000
0.01562500 0.81401617 1.00000000
0.02083333 0.80323450 0.93333333
0.02083333 0.78975741 0.93333333
0.03645833 0.77897574 1.00000000
0.03125000 0.76819407 0.93333333
0.03125000 0.75741240 0.86666667
0.03125000 0.73045822 0.93333333
0.02604167 0.72506739 0.90000000
0.03645833 0.70350404 0.93333333
0.03125000 0.68733154 0.83333333
0.04166667 0.67115903 0.93333333
0.05729167 0.65768194 0.80000000
0.06770833 0.63881402 0.86666667
0.08854167 0.62264151 0.86666667
0.08333333 0.60377358 0.83333333
0.10416667 0.58221024 0.83333333
0.12500000 0.56064690 0.73333333
0.15625000 0.53908356 0.70000000
0.17708333 0.50943396 0.76666667
0.20312500 0.49595687 0.63333333
0.21354167 0.46091644 0.86666667
0.25520833 0.44743935 0.60000000
0.26041667 0.41509434 0.66666667
0.29687500 0.39083558 0.50000000
0.31770833 0.36927224 0.50000000
0.34375000 0.34231806 0.43333333
0.37500000 0.32884097 0.36666667
0.40104167 0.29649596 0.30000000
0.42708333 0.28840970 0.36666667
0.45833333 0.26415094 0.20000000
0.50520833 0.24528302 0.26666667
0.54687500 0.22911051 0.16666667
0.59375000 0.19946092 0.20000000
0.63541667 0.18059299 0.20000000
0.68750000 0.14824798 0.16666667
0.72395833 0.13207547 0.06666667
0.78125000 0.11590296 0.06666667
0.83333333 0.08086253 0.03333333
0.90625000 0.05929919 0.03333333
0.93750000 0.02425876 0.00000000
1.00000000 0.00000000 0.03333333
