0.0000 -9.0097 0.7334
0.0018 -8.7913 0.7671
0.0062 -8.6893 0.7845
0.0085 -8.4029 0.8165
0.0134 -8.2913 0.8311
0.0193 -7.9175 0.8631
0.0257 -7.6699 0.8827
0.0337 -7.1796 0.9141
0.0458 -6.8544 0.9293
0.0604 -6.1699 0.9607
0.0789 -5.6505 0.9776
0.1005 -4.8544 0.9933
0.1301 -4.1505 1.0000
0.1661 -3.1311 0.9994
0.2114 -2.1505 0.9848
0.2674 -1.0631 0.9607
0.3376 -0.0000 0.9164
0.4194 1.0000 0.8547
0.5138 1.8883 0.7649
0.6166 2.4223 0.6554
0.7218 2.6893 0.5208
0.8246 2.1505 0.3810
0.9095 1.1699 0.2458
0.9769 -0.6311 0.1291
1.0000 -2.8350 0.0415
0.9851 -5.4126 0.0000
0.9303 -7.9320 0.0000
0.8460 -10.0631 0.0522
0.7475 -11.8010 0.1178
0.6390 -12.7524 0.2172
0.5405 -13.3592 0.2963
0.4423 -13.1748 0.3855
0.3564 -12.7961 0.4523
0.2823 -12.1214 0.5079
0.2250 -11.5146 0.5511
0.1767 -10.8058 0.5791
0.1365 -10.1311 0.6055
0.1059 -9.6117 0.6077
0.0802 -8.9175 0.6139
0.0589 -8.3447 0.6094
