0.0565 1.0000 0.9152
0.0410 0.9857 0.9315
0.0237 0.9447 0.9490
0.0115 0.9161 0.9709
0.0087 0.8677 0.9764
0.0000 0.8151 0.9996
0.0040 0.7653 0.9876
0.0156 0.6859 1.0000
0.0364 0.6180 0.9734
0.0629 0.5232 0.9593
0.1102 0.4427 0.9109
0.1754 0.3390 0.8570
0.2597 0.2507 0.7803
0.3589 0.1535 0.6861
0.4853 0.0822 0.5739
0.6180 0.0249 0.4475
0.7455 0.0000 0.3323
0.8586 0.0085 0.2047
0.9458 0.0471 0.1126
1.0000 0.1197 0.0343
0.9942 0.2040 0.0090
0.9625 0.3042 0.0000
0.8771 0.3871 0.0381
0.7790 0.4553 0.1011
0.6705 0.4952 0.1734
0.5713 0.5246 0.2445
0.4841 0.5283 0.3156
0.4068 0.5150 0.3897
0.3439 0.4874 0.4514
0.2983 0.4618 0.5006
0.2660 0.4301 0.5323
0.2452 0.3984 0.5640
0.2349 0.3690 0.5764
0.2308 0.3404 0.5931
0.2320 0.3203 0.5953
0.2366 0.2981 0.6047
0.2435 0.2899 0.5927
0.2504 0.2729 0.5987
0.2649 0.2684 0.5893
0.2718 0.2602 0.5914
