3731.0000 8437.0000 43043.0000
3679.0000 8372.0000 42991.0000
3705.0000 8281.0000 43004.0000
3640.0000 8268.0000 42952.0000
3679.0000 8242.0000 42939.0000
3653.0000 8190.0000 42913.0000
3718.0000 8112.0000 42913.0000
3666.0000 8034.0000 42900.0000
3692.0000 7956.0000 42887.0000
3679.0000 8047.0000 42822.0000
3692.0000 7982.0000 42835.0000
3705.0000 7891.0000 42822.0000
3692.0000 7826.0000 42835.0000
3653.0000 7735.0000 42809.0000
3718.0000 7722.0000 42822.0000
3718.0000 7748.0000 42770.0000
3731.0000 7657.0000 42757.0000
3692.0000 7553.0000 42718.0000
3679.0000 7436.0000 42744.0000
3640.0000 7436.0000 42692.0000
3679.0000 7449.0000 42705.0000
3653.0000 7384.0000 42679.0000
3666.0000 7254.0000 42666.0000
3588.0000 7150.0000 42653.0000
3588.0000 7098.0000 42653.0000
3588.0000 7085.0000 42627.0000
3588.0000 7033.0000 42627.0000
3549.0000 6877.0000 42601.0000
3536.0000 6669.0000 42614.0000
3484.0000 6591.0000 42575.0000
3549.0000 6630.0000 42575.0000
3549.0000 6552.0000 42536.0000
3601.0000 6448.0000 42523.0000
3510.0000 6201.0000 42549.0000
3562.0000 6032.0000 42497.0000
3484.0000 5967.0000 42484.0000
3523.0000 5902.0000 42471.0000
3497.0000 5824.0000 42419.0000
3484.0000 5642.0000 42393.0000
3432.0000 5460.0000 42406.0000
