-7592.0000 -7150.0000 31551.0000
-7566.0000 -7033.0000 31356.0000
-7787.0000 -6955.0000 31239.0000
-7787.0000 -6851.0000 31083.0000
-7969.0000 -6773.0000 30940.0000
-8047.0000 -6656.0000 30758.0000
-8229.0000 -6539.0000 30667.0000
-8203.0000 -6448.0000 30498.0000
-8398.0000 -6253.0000 30407.0000
-8411.0000 -6149.0000 30212.0000
-8580.0000 -5993.0000 30121.0000
-8593.0000 -5889.0000 29965.0000
-8762.0000 -5746.0000 29848.0000
-8723.0000 -5629.0000 29692.0000
-8892.0000 -5447.0000 29601.0000
-8905.0000 -5317.0000 29458.0000
-9126.0000 -5044.0000 29315.0000
-9139.0000 -4862.0000 29250.0000
-9282.0000 -4602.0000 29211.0000
-9204.0000 -4498.0000 29159.0000
-9373.0000 -4303.0000 29120.0000
-9373.0000 -4069.0000 29042.0000
-9594.0000 -3796.0000 28951.0000
-9529.0000 -3562.0000 28977.0000
-9620.0000 -3380.0000 28964.0000
-9607.0000 -3198.0000 28938.0000
-9737.0000 -2938.0000 28912.0000
-9789.0000 -2678.0000 28873.0000
-9932.0000 -2444.0000 28912.0000
-9828.0000 -2236.0000 28977.0000
-9893.0000 -2002.0000 29055.0000
-9802.0000 -1781.0000 29068.0000
-9997.0000 -1521.0000 29120.0000
-9932.0000 -1261.0000 29133.0000
-10049.0000 -1131.0000 29250.0000
-9919.0000 -910.0000 29315.0000
-9984.0000 -728.0000 29432.0000
-9958.0000 -494.0000 29471.0000
-10101.0000 -208.0000 29614.0000
-10036.0000 -65.0000 29705.0000
