-13312.0000 5616.0000 42835.0000
-13455.0000 5577.0000 42861.0000
-13455.0000 5590.0000 42913.0000
-13494.0000 5577.0000 42913.0000
-13494.0000 5629.0000 42965.0000
-13637.0000 5603.0000 42991.0000
-13598.0000 5616.0000 43030.0000
-13598.0000 5655.0000 43056.0000
-13676.0000 5629.0000 43069.0000
-13793.0000 5642.0000 43121.0000
-13806.0000 5681.0000 43121.0000
-13845.0000 5694.0000 43160.0000
-13884.0000 5759.0000 43212.0000
-14001.0000 5759.0000 43264.0000
-13975.0000 5772.0000 43316.0000
-14079.0000 5733.0000 43355.0000
-14196.0000 5772.0000 43368.0000
-14248.0000 5798.0000 43381.0000
-14287.0000 5863.0000 43446.0000
-14365.0000 5876.0000 43446.0000
-14404.0000 5928.0000 43498.0000
-14456.0000 6071.0000 43589.0000
-14456.0000 6084.0000 43654.0000
-14573.0000 6110.0000 43693.0000
-14612.0000 6214.0000 43732.0000
-14729.0000 6240.0000 43732.0000
-14820.0000 6292.0000 43810.0000
-14885.0000 6422.0000 43888.0000
-14937.0000 6591.0000 44005.0000
-15015.0000 6630.0000 44044.0000
-15080.0000 6695.0000 44122.0000
-15145.0000 6786.0000 44174.0000
-15197.0000 6955.0000 44239.0000
-15327.0000 6994.0000 44369.0000
-15366.0000 7202.0000 44356.0000
-15470.0000 7436.0000 44434.0000
-15509.0000 7566.0000 44512.0000
-15587.0000 7618.0000 44603.0000
-15613.0000 7800.0000 44681.0000
-15704.0000 8060.0000 44772.0000
