-16328.0000 -52.0000 60242.0000
-16380.0000 182.0000 60281.0000
-16575.0000 273.0000 60385.0000
-16614.0000 208.0000 60528.0000
-16809.0000 208.0000 60645.0000
-16861.0000 260.0000 60697.0000
-16965.0000 468.0000 60853.0000
-16952.0000 611.0000 60944.0000
-17147.0000 832.0000 61009.0000
-17303.0000 1014.0000 61087.0000
-17381.0000 988.0000 61191.0000
-17472.0000 1053.0000 61217.0000
-17602.0000 1274.0000 61334.0000
-17641.0000 1352.0000 61477.0000
-17810.0000 1651.0000 61516.0000
-18044.0000 1820.0000 61555.0000
-18200.0000 1872.0000 61659.0000
-18226.0000 1950.0000 61737.0000
-18382.0000 2132.0000 61828.0000
-18460.0000 2470.0000 61880.0000
-18577.0000 2561.0000 61958.0000
-18746.0000 2782.0000 61932.0000
-18941.0000 2925.0000 62010.0000
-19006.0000 2912.0000 62023.0000
-19188.0000 3055.0000 62127.0000
-19175.0000 3328.0000 62140.0000
-19331.0000 3523.0000 62270.0000
-19409.0000 3796.0000 62231.0000
-19695.0000 4030.0000 62244.0000
-19786.0000 4004.0000 62257.0000
-19942.0000 4108.0000 62283.0000
-20033.0000 4355.0000 62335.0000
-20228.0000 4563.0000 62335.0000
-20371.0000 4875.0000 62244.0000
-20631.0000 5109.0000 62205.0000
-20735.0000 4940.0000 62218.0000
-20904.0000 5018.0000 62166.0000
-21008.0000 5135.0000 62153.0000
-21203.0000 5343.0000 62153.0000
-21307.0000 5577.0000 62062.0000
