-12415.0000 4550.0000 41015.0000
-12376.0000 4550.0000 40950.0000
-12246.0000 4433.0000 40911.0000
-12207.0000 4342.0000 40794.0000
-12155.0000 4550.0000 40664.0000
-12155.0000 4485.0000 40560.0000
-11986.0000 4433.0000 40495.0000
-11934.0000 4212.0000 40469.0000
-11804.0000 4290.0000 40365.0000
-11817.0000 4264.0000 40274.0000
-11726.0000 4290.0000 40222.0000
-11713.0000 4082.0000 40183.0000
-11570.0000 4069.0000 40118.0000
-11557.0000 4173.0000 40001.0000
-11453.0000 4160.0000 39858.0000
-11453.0000 4108.0000 39780.0000
-11297.0000 3978.0000 39767.0000
-11284.0000 3822.0000 39689.0000
-11219.0000 3978.0000 39572.0000
-11271.0000 3835.0000 39520.0000
-11076.0000 3978.0000 39390.0000
-11115.0000 3640.0000 39390.0000
-10972.0000 3744.0000 39182.0000
-11050.0000 3588.0000 39169.0000
-10894.0000 3601.0000 38948.0000
-10946.0000 3380.0000 39039.0000
-10764.0000 3484.0000 38805.0000
-10855.0000 3328.0000 38896.0000
-10751.0000 3536.0000 38571.0000
-10764.0000 3302.0000 38714.0000
-10621.0000 3432.0000 38389.0000
-10634.0000 3263.0000 38545.0000
-10569.0000 3614.0000 38090.0000
-10608.0000 3380.0000 38363.0000
-10439.0000 3575.0000 37869.0000
-10491.0000 3250.0000 38194.0000
-10374.0000 3601.0000 37635.0000
-10452.0000 3588.0000 37921.0000
-10348.0000 3679.0000 37362.0000
-10296.0000 3640.0000 37635.0000
