-6292.0000 -16432.0000 51090.0000
-6305.0000 -16822.0000 51233.0000
-6279.0000 -17446.0000 51194.0000
-6292.0000 -17927.0000 51194.0000
-6240.0000 -18473.0000 51142.0000
-6162.0000 -19032.0000 51103.0000
-6175.0000 -19435.0000 51038.0000
-6123.0000 -20033.0000 50960.0000
-6123.0000 -20423.0000 50869.0000
-6071.0000 -20969.0000 50765.0000
-5967.0000 -21489.0000 50596.0000
-5889.0000 -22139.0000 50427.0000
-5954.0000 -22620.0000 50219.0000
-5941.0000 -22893.0000 50102.0000
-5876.0000 -23387.0000 49894.0000
-5720.0000 -23868.0000 49634.0000
-5733.0000 -24544.0000 49231.0000
-5785.0000 -24986.0000 48984.0000
-5759.0000 -25233.0000 48763.0000
-5733.0000 -25636.0000 48529.0000
-5681.0000 -26026.0000 48191.0000
-5707.0000 -26533.0000 47840.0000
-5720.0000 -27040.0000 47385.0000
-5707.0000 -27287.0000 47099.0000
-5668.0000 -27651.0000 46748.0000
-5577.0000 -28002.0000 46410.0000
-5603.0000 -28340.0000 45955.0000
-5681.0000 -28626.0000 45539.0000
-5694.0000 -28912.0000 45201.0000
-5655.0000 -29120.0000 44824.0000
-5642.0000 -29380.0000 44369.0000
-5707.0000 -29601.0000 43953.0000
-5772.0000 -29887.0000 43433.0000
-5863.0000 -30069.0000 43030.0000
-5876.0000 -30212.0000 42523.0000
-5915.0000 -30381.0000 42055.0000
-5967.0000 -30381.0000 41587.0000
-6032.0000 -30511.0000 41093.0000
-6110.0000 -30511.0000 40651.0000
-6188.0000 -30472.0000 40261.0000
