31070.0000 52351.0000 43407.0000
31148.0000 52182.0000 43537.0000
31109.0000 51974.0000 43628.0000
31174.0000 51831.0000 43732.0000
31135.0000 51753.0000 43758.0000
31161.0000 51701.0000 43810.0000
31161.0000 51597.0000 43849.0000
31148.0000 51428.0000 43953.0000
31109.0000 51142.0000 44096.0000
31226.0000 51064.0000 44096.0000
31135.0000 50908.0000 44174.0000
31252.0000 50830.0000 44213.0000
31213.0000 50674.0000 44213.0000
31278.0000 50531.0000 44291.0000
31252.0000 50206.0000 44408.0000
31317.0000 49972.0000 44499.0000
31304.0000 49855.0000 44525.0000
31330.0000 49790.0000 44499.0000
31317.0000 49777.0000 44473.0000
31343.0000 49582.0000 44538.0000
31278.0000 49374.0000 44590.0000
31330.0000 49127.0000 44694.0000
31304.0000 49010.0000 44694.0000
31382.0000 48893.0000 44694.0000
31408.0000 48802.0000 44668.0000
31447.0000 48568.0000 44707.0000
31395.0000 48295.0000 44798.0000
31460.0000 48022.0000 44889.0000
31421.0000 47853.0000 44863.0000
31499.0000 47788.0000 44811.0000
31525.0000 47814.0000 44811.0000
31642.0000 47619.0000 44850.0000
31616.0000 47450.0000 44902.0000
31655.0000 47164.0000 44954.0000
31668.0000 47034.0000 44876.0000
31733.0000 46904.0000 44889.0000
31772.0000 46800.0000 44837.0000
31798.0000 46670.0000 44850.0000
31798.0000 46436.0000 44850.0000
31850.0000 46137.0000 44954.0000
