37089.0000 33982.0000 39546.0000
37141.0000 33722.0000 39559.0000
37128.0000 33527.0000 39442.0000
37258.0000 33267.0000 39377.0000
37362.0000 32916.0000 39195.0000
37453.0000 32578.0000 39130.0000
37518.0000 32214.0000 38948.0000
37726.0000 31902.0000 38753.0000
37869.0000 31434.0000 38584.0000
38129.0000 31018.0000 38311.0000
38285.0000 30446.0000 38064.0000
38519.0000 29991.0000 37609.0000
38844.0000 29276.0000 37193.0000
39247.0000 28665.0000 36699.0000
39572.0000 27885.0000 36166.0000
40040.0000 27235.0000 35399.0000
40599.0000 26338.0000 34632.0000
41288.0000 25480.0000 33657.0000
41990.0000 24531.0000 32552.0000
42796.0000 23569.0000 31239.0000
43797.0000 22568.0000 29575.0000
44954.0000 21593.0000 27690.0000
46254.0000 20709.0000 25532.0000
47736.0000 19916.0000 22984.0000
49517.0000 19279.0000 19981.0000
51519.0000 19123.0000 16549.0000
53651.0000 19552.0000 12766.0000
55848.0000 21008.0000 8645.0000
58058.0000 23621.0000 4329.0000
60138.0000 27794.0000 130.0000
61724.0000 33813.0000 -3679.0000
62205.0000 42302.0000 -5863.0000
61191.0000 52754.0000 -6175.0000
58188.0000 64792.0000 -3328.0000
53040.0000 77233.0000 2652.0000
46098.0000 88530.0000 12207.0000
37713.0000 96928.0000 24336.0000
28990.0000 100480.0000 38389.0000
21307.0000 98488.0000 51857.0000
15522.0000 91988.0000 62998.0000
