34684.0000 67613.0000 31954.0000
34502.0000 67574.0000 33111.0000
34424.0000 68146.0000 33293.0000
34372.0000 67912.0000 34437.0000
34281.0000 68471.0000 34892.0000
34164.0000 68185.0000 35724.0000
34125.0000 68666.0000 36101.0000
34021.0000 68445.0000 36569.0000
33995.0000 68549.0000 37622.0000
33891.0000 68549.0000 37687.0000
33930.0000 68562.0000 38623.0000
33943.0000 68718.0000 38649.0000
33930.0000 68458.0000 39702.0000
33904.0000 68692.0000 39598.0000
33995.0000 68354.0000 40417.0000
33982.0000 68471.0000 40638.0000
34021.0000 68094.0000 41366.0000
34073.0000 68276.0000 41366.0000
34216.0000 68016.0000 41847.0000
34281.0000 67821.0000 42380.0000
34346.0000 67535.0000 42718.0000
34359.0000 67626.0000 42783.0000
34463.0000 67496.0000 42900.0000
34450.0000 67184.0000 43420.0000
34528.0000 67080.0000 43472.0000
34528.0000 67028.0000 43758.0000
34671.0000 66950.0000 43680.0000
34645.0000 66820.0000 43927.0000
34710.0000 66794.0000 43888.0000
34736.0000 66755.0000 44005.0000
34736.0000 66703.0000 43979.0000
34723.0000 66534.0000 44148.0000
34710.0000 66651.0000 44096.0000
34788.0000 66612.0000 44265.0000
34684.0000 66664.0000 44187.0000
34619.0000 66677.0000 44148.0000
34528.0000 66599.0000 44265.0000
34463.0000 66755.0000 44278.0000
34411.0000 66820.0000 44382.0000
34190.0000 66963.0000 44590.0000
