16250.0000 24063.0000 31655.0000
16302.0000 24206.0000 31551.0000
16458.0000 24258.0000 31486.0000
16510.0000 24310.0000 31421.0000
16718.0000 24349.0000 31421.0000
16705.0000 24479.0000 31317.0000
16913.0000 24453.0000 31291.0000
16939.0000 24609.0000 31239.0000
17082.0000 24648.0000 31187.0000
17173.0000 24739.0000 31109.0000
17316.0000 24843.0000 31122.0000
17381.0000 24908.0000 31031.0000
17524.0000 24921.0000 31018.0000
17576.0000 25077.0000 30953.0000
17797.0000 25129.0000 30901.0000
17901.0000 25220.0000 30914.0000
18109.0000 25311.0000 30914.0000
18200.0000 25454.0000 30875.0000
18382.0000 25428.0000 30901.0000
18434.0000 25584.0000 30849.0000
18655.0000 25649.0000 30875.0000
18746.0000 25740.0000 30823.0000
18902.0000 25779.0000 30823.0000
19019.0000 25896.0000 30823.0000
19214.0000 25974.0000 30849.0000
19357.0000 26091.0000 30810.0000
19539.0000 26169.0000 30849.0000
19682.0000 26273.0000 30901.0000
19903.0000 26273.0000 30901.0000
20007.0000 26403.0000 30966.0000
20267.0000 26468.0000 30966.0000
20358.0000 26624.0000 30953.0000
20514.0000 26663.0000 31044.0000
20618.0000 26754.0000 31057.0000
20865.0000 26676.0000 31096.0000
21008.0000 26858.0000 31135.0000
21177.0000 26884.0000 31187.0000
21359.0000 26988.0000 31122.0000
21541.0000 27092.0000 31265.0000
21736.0000 27209.0000 31252.0000
