-21268.0000 2834.0000 53144.0000
-21398.0000 2184.0000 53443.0000
-21606.0000 1521.0000 53690.0000
-21658.0000 1170.0000 53950.0000
-21749.0000 663.0000 54067.0000
-21814.0000 143.0000 54171.0000
-21918.0000 -429.0000 54171.0000
-21970.0000 -910.0000 54223.0000
-21996.0000 -1287.0000 54236.0000
-21983.0000 -1430.0000 54197.0000
-22061.0000 -1729.0000 54184.0000
-22061.0000 -2093.0000 54067.0000
-22048.0000 -2496.0000 53976.0000
-21996.0000 -2769.0000 53885.0000
-22022.0000 -2938.0000 53833.0000
-21879.0000 -3055.0000 53768.0000
-21944.0000 -3263.0000 53716.0000
-21905.0000 -3601.0000 53443.0000
-21892.0000 -3874.0000 53313.0000
-21801.0000 -4095.0000 53157.0000
-21801.0000 -4004.0000 53066.0000
-21710.0000 -4030.0000 52910.0000
-21749.0000 -4264.0000 52767.0000
-21645.0000 -4524.0000 52585.0000
-21580.0000 -4732.0000 52442.0000
-21502.0000 -4875.0000 52351.0000
-21476.0000 -4693.0000 52247.0000
-21385.0000 -4706.0000 52143.0000
-21359.0000 -4875.0000 51961.0000
-21320.0000 -5096.0000 51792.0000
-21307.0000 -5343.0000 51662.0000
-21203.0000 -5096.0000 51610.0000
-21112.0000 -5122.0000 51545.0000
-21099.0000 -5135.0000 51428.0000
-21073.0000 -5278.0000 51324.0000
-20956.0000 -5577.0000 51155.0000
-20943.0000 -5603.0000 51116.0000
-20813.0000 -5538.0000 51025.0000
-20774.0000 -5616.0000 50947.0000
-20709.0000 -5642.0000 50843.0000
