13364.0000 -22321.0000 12168.0000
11570.0000 -18668.0000 13520.0000
9750.0000 -15834.0000 15132.0000
8047.0000 -13754.0000 16887.0000
6396.0000 -12259.0000 18629.0000
4914.0000 -11232.0000 20332.0000
3692.0000 -10426.0000 21918.0000
2678.0000 -9854.0000 23426.0000
1768.0000 -9490.0000 24804.0000
962.0000 -9230.0000 26091.0000
377.0000 -9113.0000 27300.0000
-208.0000 -9321.0000 28340.0000
-702.0000 -9360.0000 29341.0000
-1079.0000 -9568.0000 30264.0000
-1443.0000 -9672.0000 31096.0000
-1651.0000 -9984.0000 31915.0000
-1885.0000 -10166.0000 32617.0000
-2067.0000 -10530.0000 33319.0000
-2171.0000 -10738.0000 33969.0000
-2210.0000 -11115.0000 34567.0000
-2262.0000 -11336.0000 35139.0000
-2366.0000 -11752.0000 35607.0000
-2405.0000 -12064.0000 36088.0000
-2418.0000 -12402.0000 36517.0000
-2457.0000 -12792.0000 36881.0000
-2483.0000 -13195.0000 37180.0000
-2535.0000 -13494.0000 37518.0000
-2522.0000 -13884.0000 37687.0000
-2561.0000 -14313.0000 37882.0000
-2535.0000 -14755.0000 37843.0000
-2639.0000 -15158.0000 37908.0000
-2678.0000 -15418.0000 37895.0000
-2730.0000 -15821.0000 37752.0000
-2782.0000 -16237.0000 37531.0000
-2860.0000 -16510.0000 37375.0000
-2860.0000 -16718.0000 37219.0000
-3016.0000 -16952.0000 36972.0000
-3081.0000 -17160.0000 36595.0000
-3211.0000 -17342.0000 36283.0000
-3315.0000 -17407.0000 36036.0000
