-6084.0000 -25727.0000 34632.0000
-6136.0000 -25493.0000 34554.0000
-6253.0000 -25337.0000 34398.0000
-6383.0000 -25207.0000 34242.0000
-6448.0000 -25025.0000 34151.0000
-6578.0000 -24791.0000 34060.0000
-6656.0000 -24622.0000 33956.0000
-6760.0000 -24362.0000 33904.0000
-6903.0000 -24180.0000 33787.0000
-7059.0000 -24089.0000 33683.0000
-7085.0000 -23946.0000 33592.0000
-7228.0000 -23738.0000 33553.0000
-7332.0000 -23543.0000 33488.0000
-7436.0000 -23296.0000 33488.0000
-7540.0000 -23114.0000 33436.0000
-7683.0000 -23101.0000 33345.0000
-7813.0000 -22906.0000 33254.0000
-7982.0000 -22685.0000 33241.0000
-8086.0000 -22542.0000 33150.0000
-8229.0000 -22256.0000 33189.0000
-8294.0000 -22074.0000 33150.0000
-8489.0000 -22048.0000 33072.0000
-8645.0000 -21983.0000 32942.0000
-8749.0000 -21775.0000 32942.0000
-8866.0000 -21502.0000 32916.0000
-9048.0000 -21333.0000 32916.0000
-9152.0000 -21216.0000 32864.0000
-9334.0000 -21073.0000 32838.0000
-9477.0000 -21034.0000 32747.0000
-9633.0000 -20852.0000 32734.0000
-9750.0000 -20670.0000 32708.0000
-9945.0000 -20488.0000 32721.0000
-10127.0000 -20306.0000 32708.0000
-10244.0000 -20176.0000 32721.0000
-10374.0000 -20033.0000 32682.0000
-10569.0000 -19916.0000 32721.0000
-10673.0000 -19799.0000 32695.0000
-10842.0000 -19591.0000 32773.0000
-11024.0000 -19513.0000 32812.0000
-11141.0000 -19318.0000 32825.0000
