37076.0000 45292.0000 31226.0000
37167.0000 45344.0000 31122.0000
37258.0000 45591.0000 31135.0000
37310.0000 45708.0000 31096.0000
37401.0000 45851.0000 31070.0000
37453.0000 46007.0000 31135.0000
37518.0000 46033.0000 31291.0000
37609.0000 46085.0000 31278.0000
37661.0000 46345.0000 31239.0000
37791.0000 46449.0000 31174.0000
37895.0000 46618.0000 31148.0000
37934.0000 46774.0000 31135.0000
37986.0000 46904.0000 31291.0000
38025.0000 46995.0000 31343.0000
38103.0000 47190.0000 31291.0000
38181.0000 47411.0000 31304.0000
38298.0000 47580.0000 31278.0000
38298.0000 47749.0000 31291.0000
38350.0000 47840.0000 31434.0000
38428.0000 47918.0000 31551.0000
38480.0000 48087.0000 31525.0000
38480.0000 48256.0000 31538.0000
38610.0000 48490.0000 31525.0000
38610.0000 48633.0000 31577.0000
38675.0000 48828.0000 31746.0000
38688.0000 48867.0000 31928.0000
38753.0000 49101.0000 31980.0000
38818.0000 49322.0000 32019.0000
38896.0000 49517.0000 31980.0000
38909.0000 49686.0000 32097.0000
38935.0000 49725.0000 32370.0000
39000.0000 49790.0000 32474.0000
39052.0000 50037.0000 32552.0000
39182.0000 50310.0000 32409.0000
39234.0000 50492.0000 32513.0000
39221.0000 50583.0000 32708.0000
39325.0000 50518.0000 33020.0000
39364.0000 50622.0000 33150.0000
39507.0000 50843.0000 33111.0000
39637.0000 50960.0000 33111.0000
