28379.0000 24843.0000 41171.0000
28678.0000 24674.0000 41327.0000
29003.0000 24648.0000 41340.0000
29250.0000 24648.0000 41470.0000
29484.0000 24570.0000 41509.0000
29770.0000 24479.0000 41717.0000
30043.0000 24245.0000 41808.0000
30459.0000 24089.0000 41899.0000
30680.0000 24037.0000 41990.0000
30992.0000 23907.0000 42055.0000
31239.0000 23738.0000 42146.0000
31707.0000 23348.0000 42276.0000
32058.0000 23114.0000 42328.0000
32383.0000 22711.0000 42471.0000
32682.0000 22503.0000 42471.0000
33007.0000 22204.0000 42575.0000
33332.0000 21775.0000 42562.0000
33657.0000 21320.0000 42640.0000
33878.0000 20748.0000 42653.0000
34216.0000 20475.0000 42588.0000
34359.0000 20046.0000 42484.0000
34684.0000 19617.0000 42380.0000
34918.0000 19032.0000 42263.0000
35087.0000 18473.0000 42107.0000
35204.0000 17966.0000 41938.0000
35321.0000 17485.0000 41717.0000
35438.0000 17017.0000 41457.0000
35594.0000 16497.0000 41197.0000
35555.0000 16016.0000 40911.0000
35594.0000 15509.0000 40612.0000
35568.0000 15041.0000 40248.0000
35607.0000 14625.0000 39910.0000
35594.0000 14248.0000 39533.0000
35555.0000 13884.0000 39208.0000
35438.0000 13481.0000 38805.0000
35347.0000 13169.0000 38402.0000
35230.0000 12870.0000 37999.0000
35178.0000 12532.0000 37583.0000
34970.0000 12246.0000 37167.0000
34918.0000 12025.0000 36816.0000
