20358.0000 18174.0000 45019.0000
20475.0000 18304.0000 44993.0000
20709.0000 18265.0000 44941.0000
20813.0000 18291.0000 44928.0000
20904.0000 18239.0000 44876.0000
20969.0000 18291.0000 44889.0000
21164.0000 18291.0000 44785.0000
21333.0000 18330.0000 44811.0000
21502.0000 18239.0000 44798.0000
21619.0000 18356.0000 44759.0000
21736.0000 18317.0000 44694.0000
21905.0000 18304.0000 44681.0000
22061.0000 18226.0000 44668.0000
22126.0000 18278.0000 44668.0000
22295.0000 18278.0000 44590.0000
22425.0000 18317.0000 44590.0000
22529.0000 18239.0000 44577.0000
22581.0000 18330.0000 44551.0000
22737.0000 18252.0000 44486.0000
22893.0000 18265.0000 44525.0000
23023.0000 18161.0000 44551.0000
23140.0000 18174.0000 44538.0000
23283.0000 18213.0000 44499.0000
23413.0000 18226.0000 44512.0000
23569.0000 18109.0000 44499.0000
23647.0000 18148.0000 44525.0000
23842.0000 18070.0000 44486.0000
23920.0000 18083.0000 44499.0000
23985.0000 17940.0000 44512.0000
24076.0000 17914.0000 44512.0000
24258.0000 17875.0000 44486.0000
24349.0000 17914.0000 44486.0000
24505.0000 17797.0000 44473.0000
24518.0000 17862.0000 44473.0000
24583.0000 17784.0000 44486.0000
24713.0000 17745.0000 44473.0000
24843.0000 17550.0000 44499.0000
24960.0000 17537.0000 44525.0000
25064.0000 17537.0000 44499.0000
25142.0000 17576.0000 44486.0000
