-13117.0000 8112.0000 40755.0000
-13052.0000 8125.0000 40729.0000
-13091.0000 8112.0000 40716.0000
-13078.0000 8099.0000 40729.0000
-13065.0000 8086.0000 40703.0000
-13013.0000 8086.0000 40716.0000
-13052.0000 8047.0000 40677.0000
-13013.0000 8021.0000 40664.0000
-13039.0000 7956.0000 40651.0000
-12987.0000 7956.0000 40612.0000
-13013.0000 7917.0000 40612.0000
-12948.0000 7917.0000 40599.0000
-12987.0000 7865.0000 40599.0000
-12948.0000 7891.0000 40573.0000
-12987.0000 7826.0000 40547.0000
-12909.0000 7826.0000 40547.0000
-12948.0000 7787.0000 40495.0000
-12909.0000 7800.0000 40469.0000
-12883.0000 7761.0000 40508.0000
-12818.0000 7787.0000 40443.0000
-12883.0000 7774.0000 40443.0000
-12844.0000 7761.0000 40417.0000
-12896.0000 7709.0000 40417.0000
-12870.0000 7761.0000 40391.0000
-12883.0000 7748.0000 40365.0000
-12857.0000 7774.0000 40378.0000
-12909.0000 7709.0000 40326.0000
-12870.0000 7761.0000 40352.0000
-12909.0000 7735.0000 40313.0000
-12857.0000 7709.0000 40326.0000
-12883.0000 7696.0000 40274.0000
-12818.0000 7722.0000 40287.0000
-12818.0000 7657.0000 40261.0000
-12779.0000 7644.0000 40274.0000
-12766.0000 7644.0000 40248.0000
-12727.0000 7644.0000 40209.0000
-12740.0000 7605.0000 40196.0000
-12675.0000 7618.0000 40183.0000
-12727.0000 7553.0000 40157.0000
-12688.0000 7592.0000 40183.0000
