-17511.0000 -24284.0000 39793.0000
-17498.0000 -24323.0000 39455.0000
-17602.0000 -24232.0000 39195.0000
-17615.0000 -24245.0000 38948.0000
-17693.0000 -24193.0000 38675.0000
-17745.0000 -24141.0000 38441.0000
-17810.0000 -24141.0000 38103.0000
-17823.0000 -24050.0000 37895.0000
-17797.0000 -23894.0000 37726.0000
-17732.0000 -23829.0000 37518.0000
-17797.0000 -23712.0000 37427.0000
-17706.0000 -23608.0000 37232.0000
-17706.0000 -23374.0000 37193.0000
-17602.0000 -23413.0000 36894.0000
-17589.0000 -23192.0000 36907.0000
-17381.0000 -23049.0000 36803.0000
-17316.0000 -22867.0000 36699.0000
-17095.0000 -22802.0000 36582.0000
-17004.0000 -22646.0000 36556.0000
-16796.0000 -22490.0000 36517.0000
-16640.0000 -22568.0000 36348.0000
-16510.0000 -22425.0000 36244.0000
-16367.0000 -22204.0000 36244.0000
-16159.0000 -22009.0000 36153.0000
-15990.0000 -22009.0000 36088.0000
-15795.0000 -21879.0000 35971.0000
-15639.0000 -21697.0000 35945.0000
-15444.0000 -21554.0000 35789.0000
-15275.0000 -21424.0000 35737.0000
-15054.0000 -21320.0000 35607.0000
-14872.0000 -21151.0000 35529.0000
-14677.0000 -21099.0000 35438.0000
-14482.0000 -20943.0000 35373.0000
-14352.0000 -20826.0000 35282.0000
-14170.0000 -20735.0000 35178.0000
-14014.0000 -20540.0000 35087.0000
-13871.0000 -20371.0000 35035.0000
-13663.0000 -20228.0000 34957.0000
-13507.0000 -20098.0000 34905.0000
-13273.0000 -20007.0000 34762.0000
