37856.0000 35685.0000 30901.0000
37830.0000 35711.0000 30784.0000
37843.0000 35737.0000 30810.0000
37830.0000 35776.0000 30719.0000
37856.0000 35815.0000 30771.0000
37817.0000 35776.0000 30771.0000
37804.0000 35802.0000 30693.0000
37726.0000 35893.0000 30602.0000
37700.0000 36023.0000 30576.0000
37674.0000 35997.0000 30589.0000
37648.0000 35958.0000 30576.0000
37609.0000 36023.0000 30511.0000
37583.0000 36140.0000 30485.0000
37505.0000 36114.0000 30446.0000
37466.0000 36075.0000 30446.0000
37440.0000 36114.0000 30446.0000
37440.0000 36309.0000 30355.0000
37336.0000 36283.0000 30303.0000
37349.0000 36192.0000 30290.0000
37297.0000 36153.0000 30225.0000
37232.0000 36270.0000 30160.0000
37102.0000 36244.0000 30160.0000
37024.0000 36192.0000 30173.0000
36959.0000 36205.0000 30147.0000
36907.0000 36283.0000 30095.0000
36855.0000 36348.0000 30004.0000
36764.0000 36296.0000 30030.0000
36764.0000 36309.0000 29952.0000
36647.0000 36335.0000 29926.0000
36517.0000 36322.0000 29913.0000
36439.0000 36296.0000 29978.0000
36413.0000 36348.0000 29848.0000
36387.0000 36374.0000 29783.0000
36283.0000 36387.0000 29744.0000
36231.0000 36335.0000 29757.0000
36166.0000 36387.0000 29679.0000
36088.0000 36387.0000 29627.0000
35958.0000 36348.0000 29627.0000
35867.0000 36374.0000 29627.0000
35763.0000 36400.0000 29575.0000
