28873.0000 43628.0000 55562.0000
29055.0000 43914.0000 55848.0000
29211.0000 43667.0000 56329.0000
29354.0000 43953.0000 56719.0000
29614.0000 43940.0000 56927.0000
29770.0000 43901.0000 57473.0000
30004.0000 44122.0000 57668.0000
30199.0000 43784.0000 58240.0000
30407.0000 43979.0000 58448.0000
30576.0000 43550.0000 59059.0000
30758.0000 43836.0000 59319.0000
31096.0000 43602.0000 59566.0000
31239.0000 43446.0000 60177.0000
31499.0000 43472.0000 60229.0000
31733.0000 42952.0000 60918.0000
31967.0000 43173.0000 61061.0000
32175.0000 42289.0000 61776.0000
32474.0000 42614.0000 61815.0000
32786.0000 41912.0000 62179.0000
32994.0000 41678.0000 62517.0000
33202.0000 40872.0000 62738.0000
33436.0000 40716.0000 62959.0000
33605.0000 40404.0000 62998.0000
33787.0000 39689.0000 63297.0000
34008.0000 39494.0000 63154.0000
34242.0000 38779.0000 63245.0000
34541.0000 38246.0000 63115.0000
34554.0000 37544.0000 63050.0000
34814.0000 37297.0000 62842.0000
34983.0000 36751.0000 62660.0000
35178.0000 36296.0000 62556.0000
35295.0000 35776.0000 62114.0000
35555.0000 35425.0000 61893.0000
35867.0000 35100.0000 61464.0000
36010.0000 34723.0000 61243.0000
36270.0000 34671.0000 60762.0000
36426.0000 34294.0000 60502.0000
36725.0000 33995.0000 60112.0000
36907.0000 33657.0000 59878.0000
37258.0000 33761.0000 59410.0000
