7345.0000 2561.0000 44915.0000
7358.0000 2379.0000 44850.0000
7358.0000 2366.0000 44811.0000
7371.0000 2327.0000 44746.0000
7371.0000 2340.0000 44720.0000
7397.0000 2262.0000 44642.0000
7436.0000 2262.0000 44616.0000
7371.0000 2210.0000 44499.0000
7371.0000 2210.0000 44525.0000
7423.0000 2158.0000 44421.0000
7436.0000 2158.0000 44434.0000
7449.0000 2119.0000 44330.0000
7475.0000 2093.0000 44330.0000
7488.0000 2041.0000 44265.0000
7540.0000 2002.0000 44265.0000
7566.0000 1989.0000 44200.0000
7618.0000 1924.0000 44213.0000
7618.0000 1846.0000 44122.0000
7683.0000 1794.0000 44161.0000
7683.0000 1833.0000 44083.0000
7748.0000 1768.0000 44070.0000
7748.0000 1651.0000 44018.0000
7748.0000 1560.0000 44005.0000
7787.0000 1521.0000 43966.0000
7852.0000 1469.0000 43914.0000
7813.0000 1339.0000 43862.0000
7878.0000 1326.0000 43862.0000
7865.0000 1352.0000 43823.0000
7930.0000 1313.0000 43771.0000
7917.0000 1209.0000 43758.0000
7956.0000 1144.0000 43797.0000
8008.0000 1131.0000 43732.0000
8060.0000 1209.0000 43758.0000
8086.0000 1027.0000 43667.0000
8112.0000 949.0000 43693.0000
8151.0000 936.0000 43615.0000
8203.0000 897.0000 43628.0000
8190.0000 806.0000 43589.0000
8268.0000 754.0000 43589.0000
8294.0000 754.0000 43524.0000
