-12740.0000 -14573.0000 47372.0000
-12701.0000 -14612.0000 47034.0000
-12675.0000 -14391.0000 46839.0000
-12571.0000 -14365.0000 46540.0000
-12519.0000 -14235.0000 46280.0000
-12454.0000 -14118.0000 46007.0000
-12337.0000 -13845.0000 45734.0000
-12285.0000 -13676.0000 45344.0000
-12207.0000 -13364.0000 45084.0000
-12142.0000 -13091.0000 44863.0000
-12038.0000 -12688.0000 44668.0000
-11960.0000 -12376.0000 44382.0000
-11921.0000 -12025.0000 44109.0000
-11843.0000 -11596.0000 43953.0000
-11765.0000 -11232.0000 43732.0000
-11635.0000 -10608.0000 43706.0000
-11700.0000 -10244.0000 43563.0000
-11583.0000 -9490.0000 43615.0000
-11596.0000 -8970.0000 43641.0000
-11544.0000 -8476.0000 43680.0000
-11648.0000 -7813.0000 43784.0000
-11661.0000 -6942.0000 44005.0000
-11804.0000 -6071.0000 44343.0000
-11986.0000 -5226.0000 44668.0000
-12272.0000 -4186.0000 45240.0000
-12506.0000 -3289.0000 45838.0000
-13000.0000 -2236.0000 46657.0000
-13507.0000 -1014.0000 47580.0000
-14300.0000 364.0000 48854.0000
-15106.0000 1859.0000 50401.0000
-16237.0000 2925.0000 52338.0000
-17706.0000 4628.0000 54730.0000
-19409.0000 5694.0000 57720.0000
-21554.0000 7124.0000 61269.0000
-23933.0000 7215.0000 65455.0000
-26858.0000 7189.0000 70395.0000
-29653.0000 5057.0000 75829.0000
-32565.0000 962.0000 81198.0000
-34814.0000 -5590.0000 86463.0000
-36023.0000 -15717.0000 89713.0000
