-8190.0000 -22139.0000 32474.0000
-8268.0000 -21983.0000 32370.0000
-8307.0000 -21710.0000 32318.0000
-8359.0000 -21320.0000 32344.0000
-8489.0000 -20995.0000 32318.0000
-8515.0000 -20618.0000 32357.0000
-8554.0000 -20345.0000 32344.0000
-8632.0000 -20254.0000 32318.0000
-8710.0000 -19955.0000 32318.0000
-8801.0000 -19539.0000 32370.0000
-8931.0000 -19175.0000 32396.0000
-9048.0000 -18889.0000 32409.0000
-9074.0000 -18642.0000 32435.0000
-9152.0000 -18304.0000 32461.0000
-9243.0000 -18070.0000 32461.0000
-9347.0000 -17719.0000 32474.0000
-9464.0000 -17329.0000 32474.0000
-9568.0000 -17017.0000 32526.0000
-9685.0000 -16744.0000 32526.0000
-9789.0000 -16419.0000 32565.0000
-9880.0000 -16081.0000 32578.0000
-9984.0000 -15691.0000 32643.0000
-10114.0000 -15392.0000 32695.0000
-10257.0000 -15015.0000 32695.0000
-10309.0000 -14742.0000 32747.0000
-10452.0000 -14378.0000 32838.0000
-10491.0000 -14014.0000 32838.0000
-10608.0000 -13611.0000 32903.0000
-10738.0000 -13273.0000 32994.0000
-10829.0000 -12909.0000 33020.0000
-10920.0000 -12558.0000 33111.0000
-11063.0000 -12181.0000 33163.0000
-11219.0000 -11856.0000 33215.0000
-11323.0000 -11479.0000 33306.0000
-11466.0000 -11050.0000 33384.0000
-11583.0000 -10738.0000 33449.0000
-11674.0000 -10413.0000 33579.0000
-11830.0000 -10036.0000 33631.0000
-11934.0000 -9659.0000 33735.0000
-12038.0000 -9256.0000 33839.0000
