-16731.0000 1170.0000 59501.0000
-16432.0000 949.0000 59514.0000
-16172.0000 871.0000 59449.0000
-15925.0000 676.0000 59423.0000
-15535.0000 585.0000 59397.0000
-15236.0000 364.0000 59332.0000
-14937.0000 364.0000 59267.0000
-14690.0000 325.0000 59228.0000
-14287.0000 182.0000 59176.0000
-13975.0000 169.0000 59098.0000
-13598.0000 -26.0000 58994.0000
-13325.0000 65.0000 58890.0000
-12974.0000 65.0000 58799.0000
-12623.0000 130.0000 58799.0000
-12246.0000 104.0000 58695.0000
-12012.0000 130.0000 58708.0000
-11700.0000 182.0000 58565.0000
-11479.0000 325.0000 58539.0000
-11128.0000 416.0000 58526.0000
-10829.0000 416.0000 58461.0000
-10595.0000 520.0000 58383.0000
-10426.0000 689.0000 58422.0000
-10075.0000 858.0000 58422.0000
-9906.0000 1027.0000 58539.0000
-9633.0000 1131.0000 58565.0000
-9490.0000 1248.0000 58695.0000
-9217.0000 1508.0000 58773.0000
-9048.0000 1768.0000 58955.0000
-8775.0000 1742.0000 59059.0000
-8671.0000 1807.0000 59267.0000
-8528.0000 2002.0000 59449.0000
-8333.0000 2301.0000 59722.0000
-8099.0000 2444.0000 59969.0000
-7995.0000 2431.0000 60294.0000
-7878.0000 2444.0000 60528.0000
-7813.0000 2470.0000 60840.0000
-7618.0000 2639.0000 61113.0000
-7514.0000 2652.0000 61503.0000
-7358.0000 2535.0000 61802.0000
-7371.0000 2340.0000 62140.0000
