24401.0000 25363.0000 40703.0000
24232.0000 25389.0000 40703.0000
24167.0000 25428.0000 40573.0000
24011.0000 25311.0000 40651.0000
23959.0000 25298.0000 40560.0000
23803.0000 25259.0000 40638.0000
23738.0000 25337.0000 40521.0000
23543.0000 25285.0000 40534.0000
23426.0000 25155.0000 40560.0000
23257.0000 25051.0000 40586.0000
23166.0000 25194.0000 40508.0000
22958.0000 25129.0000 40482.0000
22815.0000 25168.0000 40430.0000
22646.0000 25077.0000 40521.0000
22529.0000 25012.0000 40547.0000
22386.0000 25051.0000 40534.0000
22282.0000 25038.0000 40482.0000
22152.0000 25077.0000 40521.0000
22074.0000 25090.0000 40469.0000
21866.0000 24986.0000 40599.0000
21736.0000 24973.0000 40560.0000
21606.0000 25038.0000 40547.0000
21489.0000 25090.0000 40482.0000
21346.0000 25194.0000 40456.0000
21216.0000 25194.0000 40469.0000
21073.0000 25116.0000 40599.0000
21021.0000 25142.0000 40534.0000
20904.0000 25181.0000 40573.0000
20813.0000 25363.0000 40469.0000
20709.0000 25467.0000 40482.0000
20618.0000 25506.0000 40508.0000
20462.0000 25402.0000 40612.0000
20358.0000 25402.0000 40560.0000
20228.0000 25493.0000 40586.0000
20150.0000 25649.0000 40508.0000
20046.0000 25792.0000 40534.0000
19981.0000 25844.0000 40560.0000
19851.0000 25766.0000 40651.0000
19799.0000 25792.0000 40677.0000
19708.0000 25805.0000 40716.0000
