-13507.0000 3224.0000 32682.0000
-13663.0000 3341.0000 32747.0000
-13533.0000 3341.0000 32721.0000
-13689.0000 3497.0000 32799.0000
-13546.0000 3445.0000 32799.0000
-13663.0000 3575.0000 32903.0000
-13520.0000 3627.0000 32890.0000
-13637.0000 3731.0000 32981.0000
-13468.0000 3718.0000 32981.0000
-13611.0000 3822.0000 33046.0000
-13468.0000 3835.0000 33020.0000
-13611.0000 3913.0000 33124.0000
-13455.0000 3900.0000 33124.0000
-13611.0000 3978.0000 33150.0000
-13442.0000 3991.0000 33163.0000
-13559.0000 4056.0000 33267.0000
-13416.0000 4043.0000 33215.0000
-13546.0000 4121.0000 33345.0000
-13403.0000 4108.0000 33319.0000
-13507.0000 4212.0000 33423.0000
-13364.0000 4238.0000 33410.0000
-13533.0000 4303.0000 33540.0000
-13390.0000 4316.0000 33514.0000
-13494.0000 4394.0000 33631.0000
-13377.0000 4355.0000 33605.0000
-13507.0000 4459.0000 33722.0000
-13351.0000 4459.0000 33683.0000
-13455.0000 4446.0000 33813.0000
-13312.0000 4472.0000 33800.0000
-13377.0000 4576.0000 33930.0000
-13247.0000 4511.0000 33904.0000
-13325.0000 4628.0000 34021.0000
-13182.0000 4576.0000 34008.0000
-13286.0000 4602.0000 34138.0000
-13117.0000 4628.0000 34073.0000
-13221.0000 4654.0000 34216.0000
-13065.0000 4576.0000 34164.0000
-13182.0000 4628.0000 34346.0000
-13000.0000 4615.0000 34294.0000
-13104.0000 4706.0000 34489.0000
