29367.0000 48087.0000 26117.0000
29367.0000 48087.0000 26104.0000
29393.0000 48100.0000 26130.0000
29367.0000 48087.0000 26117.0000
29419.0000 48087.0000 26117.0000
29406.0000 48074.0000 26091.0000
29445.0000 48100.0000 26156.0000
29419.0000 48061.0000 26117.0000
29419.0000 48100.0000 26130.0000
29419.0000 48113.0000 26091.0000
29380.0000 48087.0000 26117.0000
29406.0000 48139.0000 26104.0000
29406.0000 48113.0000 26104.0000
29406.0000 48100.0000 26104.0000
29432.0000 48074.0000 26104.0000
29419.0000 48087.0000 26130.0000
29484.0000 48113.0000 26091.0000
29406.0000 48087.0000 26078.0000
29432.0000 48126.0000 26104.0000
29406.0000 48100.0000 26065.0000
29406.0000 48087.0000 26117.0000
29393.0000 48126.0000 26078.0000
29406.0000 48100.0000 26104.0000
29393.0000 48100.0000 26078.0000
29406.0000 48126.0000 26104.0000
29406.0000 48074.0000 26104.0000
29406.0000 48100.0000 26130.0000
29380.0000 48074.0000 26091.0000
29406.0000 48087.0000 26104.0000
29406.0000 48087.0000 26117.0000
29419.0000 48074.0000 26091.0000
29393.0000 48100.0000 26065.0000
29432.0000 48113.0000 26104.0000
29380.0000 48113.0000 26091.0000
29432.0000 48087.0000 26117.0000
29393.0000 48087.0000 26078.0000
29419.0000 48087.0000 26117.0000
29380.0000 48113.0000 26065.0000
29419.0000 48100.0000 26104.0000
29406.0000 48113.0000 26065.0000
