36192.0000 51324.0000 42796.0000
36270.0000 51233.0000 42861.0000
36270.0000 51155.0000 42965.0000
36309.0000 51025.0000 43043.0000
36296.0000 50895.0000 43121.0000
36270.0000 50791.0000 43199.0000
36218.0000 50700.0000 43238.0000
36231.0000 50622.0000 43316.0000
36218.0000 50544.0000 43368.0000
36179.0000 50453.0000 43446.0000
36166.0000 50349.0000 43511.0000
36166.0000 50206.0000 43602.0000
36127.0000 50102.0000 43628.0000
36179.0000 49998.0000 43706.0000
36114.0000 49855.0000 43771.0000
36205.0000 49699.0000 43875.0000
36205.0000 49582.0000 43927.0000
36322.0000 49439.0000 44005.0000
36309.0000 49374.0000 44018.0000
36374.0000 49192.0000 44148.0000
36374.0000 49075.0000 44161.0000
36387.0000 48958.0000 44239.0000
36361.0000 48854.0000 44252.0000
36348.0000 48763.0000 44265.0000
36348.0000 48659.0000 44369.0000
36387.0000 48503.0000 44408.0000
36348.0000 48399.0000 44408.0000
36413.0000 48243.0000 44473.0000
36400.0000 48165.0000 44512.0000
36439.0000 48009.0000 44577.0000
36387.0000 47827.0000 44603.0000
36413.0000 47684.0000 44681.0000
36439.0000 47580.0000 44707.0000
36491.0000 47463.0000 44733.0000
36530.0000 47346.0000 44733.0000
36582.0000 47242.0000 44733.0000
36582.0000 47138.0000 44772.0000
36634.0000 46982.0000 44785.0000
36569.0000 46826.0000 44785.0000
36608.0000 46735.0000 44850.0000
