26221.0000 35425.0000 21281.0000
25948.0000 36595.0000 20527.0000
25857.0000 37544.0000 20371.0000
25649.0000 38727.0000 19916.0000
25545.0000 39676.0000 19890.0000
25415.0000 40794.0000 19526.0000
25337.0000 41795.0000 19344.0000
25233.0000 42861.0000 19461.0000
25207.0000 43875.0000 19461.0000
25194.0000 44863.0000 19604.0000
25272.0000 45799.0000 19526.0000
25259.0000 46722.0000 19981.0000
25285.0000 47593.0000 20072.0000
25350.0000 48399.0000 20397.0000
25441.0000 49205.0000 20527.0000
25506.0000 49972.0000 21008.0000
25610.0000 50713.0000 21268.0000
25844.0000 51324.0000 21697.0000
25948.0000 52091.0000 21996.0000
26169.0000 52611.0000 22373.0000
26403.0000 53235.0000 22737.0000
26650.0000 53768.0000 23114.0000
26949.0000 54392.0000 23504.0000
27235.0000 54795.0000 23959.0000
27638.0000 55302.0000 24297.0000
28028.0000 55757.0000 24609.0000
28379.0000 56160.0000 25181.0000
28730.0000 56576.0000 25428.0000
29211.0000 56784.0000 25974.0000
29588.0000 57304.0000 26208.0000
30056.0000 57603.0000 26572.0000
30511.0000 57902.0000 26962.0000
31057.0000 58214.0000 27118.0000
31486.0000 58487.0000 27534.0000
31902.0000 58773.0000 27781.0000
32370.0000 58929.0000 28106.0000
32877.0000 59215.0000 28119.0000
33345.0000 59345.0000 28574.0000
33787.0000 59540.0000 28678.0000
34294.0000 59644.0000 28808.0000
