-13429.0000 3380.0000 43407.0000
-13455.0000 3380.0000 43433.0000
-13416.0000 3328.0000 43394.0000
-13481.0000 3315.0000 43394.0000
-13403.0000 3315.0000 43407.0000
-13442.0000 3380.0000 43459.0000
-13312.0000 3354.0000 43368.0000
-13442.0000 3315.0000 43368.0000
-13364.0000 3263.0000 43355.0000
-13390.0000 3328.0000 43355.0000
-13312.0000 3328.0000 43329.0000
-13377.0000 3315.0000 43303.0000
-13325.0000 3250.0000 43290.0000
-13338.0000 3328.0000 43277.0000
-13260.0000 3315.0000 43251.0000
-13286.0000 3276.0000 43264.0000
-13260.0000 3237.0000 43238.0000
-13299.0000 3302.0000 43251.0000
-13195.0000 3328.0000 43212.0000
-13234.0000 3315.0000 43251.0000
-13182.0000 3276.0000 43199.0000
-13234.0000 3276.0000 43186.0000
-13130.0000 3315.0000 43173.0000
-13143.0000 3315.0000 43186.0000
-13104.0000 3250.0000 43147.0000
-13104.0000 3302.0000 43160.0000
-13026.0000 3315.0000 43121.0000
-13039.0000 3315.0000 43121.0000
-12987.0000 3263.0000 43069.0000
-13000.0000 3211.0000 43095.0000
-12948.0000 3250.0000 43056.0000
-13000.0000 3263.0000 43069.0000
-12935.0000 3211.0000 43017.0000
-12974.0000 3198.0000 43043.0000
-12961.0000 3224.0000 43017.0000
-12948.0000 3211.0000 42991.0000
-12922.0000 3120.0000 42965.0000
-12909.0000 3211.0000 42978.0000
-12909.0000 3198.0000 42900.0000
-12896.0000 3211.0000 42913.0000
