-234.0000 -42445.0000 62673.0000
-598.0000 -42419.0000 62075.0000
-923.0000 -42380.0000 61607.0000
-1274.0000 -42653.0000 60840.0000
-1664.0000 -42406.0000 60450.0000
-1950.0000 -42380.0000 59813.0000
-2301.0000 -42081.0000 59306.0000
-2600.0000 -42250.0000 58669.0000
-2977.0000 -41860.0000 58292.0000
-3198.0000 -41808.0000 57798.0000
-3549.0000 -41613.0000 57226.0000
-3822.0000 -41418.0000 56784.0000
-4069.0000 -41288.0000 56199.0000
-4290.0000 -41054.0000 55861.0000
-4667.0000 -40833.0000 55380.0000
-4927.0000 -40443.0000 55198.0000
-5135.0000 -40495.0000 54600.0000
-5395.0000 -39858.0000 54522.0000
-5525.0000 -40261.0000 53872.0000
-5837.0000 -39507.0000 53898.0000
-5954.0000 -39689.0000 53482.0000
-6162.0000 -38974.0000 53456.0000
-6305.0000 -39169.0000 53131.0000
-6513.0000 -38662.0000 53001.0000
-6578.0000 -38779.0000 52845.0000
-6617.0000 -38480.0000 52637.0000
-6812.0000 -38454.0000 52559.0000
-6955.0000 -38142.0000 52494.0000
-6955.0000 -38103.0000 52533.0000
-7072.0000 -38337.0000 52221.0000
-7111.0000 -38168.0000 52351.0000
-7202.0000 -38311.0000 52117.0000
-7202.0000 -38103.0000 52299.0000
-7241.0000 -38441.0000 52052.0000
-7306.0000 -38298.0000 52182.0000
-7332.0000 -38597.0000 51961.0000
-7358.0000 -38389.0000 52065.0000
-7397.0000 -38961.0000 51818.0000
-7462.0000 -39026.0000 51675.0000
-7384.0000 -39403.0000 51402.0000
