28392.0000 45071.0000 28704.0000
28353.0000 45149.0000 28639.0000
28236.0000 45149.0000 28587.0000
28158.0000 45188.0000 28509.0000
28015.0000 45136.0000 28470.0000
27924.0000 45149.0000 28405.0000
27820.0000 45201.0000 28366.0000
27755.0000 45227.0000 28327.0000
27638.0000 45266.0000 28275.0000
27560.0000 45253.0000 28171.0000
27417.0000 45344.0000 28145.0000
27326.0000 45292.0000 28119.0000
27235.0000 45344.0000 28067.0000
27170.0000 45383.0000 28015.0000
27092.0000 45461.0000 27963.0000
27040.0000 45474.0000 27859.0000
26923.0000 45513.0000 27820.0000
26819.0000 45526.0000 27729.0000
26689.0000 45526.0000 27716.0000
26598.0000 45565.0000 27716.0000
26468.0000 45617.0000 27690.0000
26416.0000 45708.0000 27586.0000
26325.0000 45669.0000 27547.0000
26247.0000 45773.0000 27547.0000
26117.0000 45773.0000 27443.0000
26000.0000 45812.0000 27417.0000
25909.0000 45799.0000 27404.0000
25844.0000 45929.0000 27339.0000
25779.0000 45942.0000 27300.0000
25714.0000 46033.0000 27222.0000
25662.0000 46033.0000 27170.0000
25545.0000 46137.0000 27118.0000
25480.0000 46176.0000 27105.0000
25363.0000 46254.0000 27053.0000
25311.0000 46254.0000 26988.0000
25207.0000 46358.0000 26910.0000
25142.0000 46384.0000 26871.0000
25051.0000 46423.0000 26819.0000
24895.0000 46527.0000 26806.0000
24830.0000 46605.0000 26780.0000
