-8359.0000 -9022.0000 41288.0000
-8281.0000 -9087.0000 41275.0000
-8333.0000 -9113.0000 41340.0000
-8255.0000 -9048.0000 41405.0000
-8333.0000 -9139.0000 41392.0000
-8268.0000 -9126.0000 41392.0000
-8307.0000 -9061.0000 41509.0000
-8268.0000 -9035.0000 41509.0000
-8281.0000 -9061.0000 41574.0000
-8216.0000 -9139.0000 41613.0000
-8216.0000 -9048.0000 41691.0000
-8151.0000 -9048.0000 41730.0000
-8138.0000 -8983.0000 41769.0000
-8073.0000 -9191.0000 41808.0000
-8151.0000 -8996.0000 41938.0000
-8086.0000 -9100.0000 41990.0000
-8099.0000 -9087.0000 42081.0000
-8021.0000 -9165.0000 42146.0000
-8047.0000 -9126.0000 42328.0000
-7982.0000 -9139.0000 42367.0000
-8047.0000 -9165.0000 42497.0000
-7982.0000 -9334.0000 42575.0000
-8151.0000 -9308.0000 42718.0000
-8073.0000 -9295.0000 42822.0000
-8138.0000 -9334.0000 42965.0000
-8151.0000 -9386.0000 43030.0000
-8268.0000 -9620.0000 43160.0000
-8190.0000 -9594.0000 43238.0000
-8333.0000 -9685.0000 43342.0000
-8346.0000 -9659.0000 43420.0000
-8437.0000 -9789.0000 43537.0000
-8463.0000 -9841.0000 43576.0000
-8554.0000 -9893.0000 43667.0000
-8515.0000 -9997.0000 43771.0000
-8528.0000 -9984.0000 43862.0000
-8593.0000 -10140.0000 43862.0000
-8671.0000 -10062.0000 43966.0000
-8684.0000 -10166.0000 43979.0000
-8684.0000 -10283.0000 44057.0000
-8697.0000 -10387.0000 44044.0000
