-12402.0000 -19981.0000 33904.0000
-12467.0000 -20072.0000 33904.0000
-12506.0000 -20189.0000 33917.0000
-12493.0000 -20254.0000 33930.0000
-12532.0000 -20397.0000 33982.0000
-12506.0000 -20592.0000 33930.0000
-12415.0000 -20839.0000 33956.0000
-12389.0000 -21047.0000 33904.0000
-12311.0000 -21281.0000 33995.0000
-12207.0000 -21489.0000 33956.0000
-12103.0000 -21749.0000 33956.0000
-11986.0000 -22009.0000 33930.0000
-11895.0000 -22269.0000 33943.0000
-11752.0000 -22542.0000 33904.0000
-11622.0000 -22750.0000 33930.0000
-11505.0000 -23049.0000 33904.0000
-11375.0000 -23270.0000 33943.0000
-11245.0000 -23530.0000 33878.0000
-11089.0000 -23829.0000 33943.0000
-10946.0000 -24141.0000 33904.0000
-10829.0000 -24388.0000 33930.0000
-10647.0000 -24609.0000 33891.0000
-10465.0000 -24882.0000 33904.0000
-10309.0000 -25194.0000 33852.0000
-10192.0000 -25467.0000 33839.0000
-10036.0000 -25701.0000 33787.0000
-9867.0000 -25922.0000 33813.0000
-9711.0000 -26195.0000 33748.0000
-9581.0000 -26494.0000 33735.0000
-9477.0000 -26767.0000 33670.0000
-9373.0000 -26949.0000 33696.0000
-9256.0000 -27157.0000 33631.0000
-9152.0000 -27430.0000 33605.0000
-9009.0000 -27755.0000 33592.0000
-8879.0000 -27950.0000 33527.0000
-8736.0000 -28119.0000 33527.0000
-8645.0000 -28314.0000 33540.0000
-8515.0000 -28587.0000 33462.0000
-8385.0000 -28821.0000 33449.0000
-8242.0000 -28977.0000 33345.0000
