40547.0000 52494.0000 37596.0000
40573.0000 52533.0000 37622.0000
40547.0000 52507.0000 37609.0000
40547.0000 52533.0000 37596.0000
40560.0000 52507.0000 37609.0000
40534.0000 52533.0000 37609.0000
40534.0000 52520.0000 37583.0000
40534.0000 52546.0000 37622.0000
40521.0000 52520.0000 37622.0000
40547.0000 52520.0000 37635.0000
40521.0000 52546.0000 37648.0000
40534.0000 52520.0000 37687.0000
40534.0000 52559.0000 37661.0000
40560.0000 52546.0000 37700.0000
40560.0000 52559.0000 37700.0000
40586.0000 52585.0000 37674.0000
40586.0000 52585.0000 37674.0000
40599.0000 52611.0000 37687.0000
40599.0000 52611.0000 37700.0000
40612.0000 52598.0000 37739.0000
40599.0000 52598.0000 37700.0000
40599.0000 52598.0000 37726.0000
40586.0000 52624.0000 37739.0000
40573.0000 52650.0000 37778.0000
40573.0000 52637.0000 37765.0000
40534.0000 52689.0000 37817.0000
40508.0000 52650.0000 37804.0000
40482.0000 52689.0000 37817.0000
40469.0000 52676.0000 37817.0000
40456.0000 52663.0000 37856.0000
40482.0000 52650.0000 37778.0000
40430.0000 52676.0000 37804.0000
40404.0000 52689.0000 37752.0000
40378.0000 52702.0000 37778.0000
40378.0000 52715.0000 37739.0000
40378.0000 52741.0000 37752.0000
40365.0000 52741.0000 37739.0000
40365.0000 52754.0000 37739.0000
40352.0000 52728.0000 37700.0000
40326.0000 52728.0000 37739.0000
