35737.0000 37206.0000 32214.0000
35737.0000 37219.0000 32123.0000
35750.0000 37245.0000 32123.0000
35750.0000 37271.0000 32110.0000
35672.0000 37297.0000 32071.0000
35659.0000 37323.0000 32058.0000
35685.0000 37297.0000 31993.0000
35672.0000 37310.0000 31941.0000
35698.0000 37310.0000 31980.0000
35672.0000 37362.0000 31941.0000
35724.0000 37349.0000 31902.0000
35646.0000 37375.0000 31811.0000
35659.0000 37414.0000 31785.0000
35659.0000 37479.0000 31759.0000
35633.0000 37466.0000 31798.0000
35568.0000 37414.0000 31720.0000
35607.0000 37427.0000 31681.0000
35620.0000 37479.0000 31642.0000
35659.0000 37440.0000 31655.0000
35685.0000 37466.0000 31694.0000
35737.0000 37492.0000 31538.0000
35620.0000 37570.0000 31460.0000
35672.0000 37583.0000 31421.0000
35620.0000 37596.0000 31434.0000
35620.0000 37570.0000 31408.0000
35568.0000 37518.0000 31382.0000
35607.0000 37570.0000 31382.0000
35607.0000 37570.0000 31291.0000
35633.0000 37570.0000 31304.0000
35581.0000 37570.0000 31226.0000
35568.0000 37531.0000 31226.0000
35581.0000 37596.0000 31161.0000
35594.0000 37596.0000 31135.0000
35607.0000 37570.0000 31044.0000
35594.0000 37622.0000 31044.0000
35555.0000 37583.0000 31044.0000
35594.0000 37557.0000 31018.0000
35607.0000 37518.0000 30953.0000
35646.0000 37492.0000 30927.0000
35581.0000 37518.0000 30875.0000
