37505.0000 35737.0000 31785.0000
37427.0000 35724.0000 31772.0000
37388.0000 35763.0000 31746.0000
37362.0000 35802.0000 31772.0000
37336.0000 35828.0000 31694.0000
37297.0000 35841.0000 31746.0000
37271.0000 35841.0000 31681.0000
37245.0000 35880.0000 31681.0000
37206.0000 35880.0000 31629.0000
37193.0000 35906.0000 31642.0000
37141.0000 35971.0000 31590.0000
37167.0000 35984.0000 31590.0000
37115.0000 35958.0000 31564.0000
37089.0000 35997.0000 31577.0000
37050.0000 35984.0000 31538.0000
37063.0000 36010.0000 31525.0000
36985.0000 36049.0000 31486.0000
36972.0000 36075.0000 31499.0000
36920.0000 36075.0000 31447.0000
36933.0000 36127.0000 31460.0000
36894.0000 36140.0000 31395.0000
36894.0000 36153.0000 31421.0000
36842.0000 36153.0000 31395.0000
36842.0000 36179.0000 31395.0000
36816.0000 36127.0000 31343.0000
36816.0000 36205.0000 31356.0000
36777.0000 36205.0000 31356.0000
36803.0000 36244.0000 31304.0000
36751.0000 36296.0000 31252.0000
36790.0000 36283.0000 31239.0000
36725.0000 36296.0000 31200.0000
36751.0000 36335.0000 31200.0000
36673.0000 36348.0000 31135.0000
36673.0000 36387.0000 31135.0000
36660.0000 36413.0000 31057.0000
36621.0000 36439.0000 31070.0000
36569.0000 36426.0000 30979.0000
36582.0000 36478.0000 30979.0000
36530.0000 36465.0000 30927.0000
36517.0000 36530.0000 30927.0000
