-14729.0000 -39598.0000 49413.0000
-11063.0000 -38623.0000 45396.0000
-7813.0000 -36686.0000 41691.0000
-5226.0000 -33787.0000 38571.0000
-3471.0000 -30160.0000 36049.0000
-2470.0000 -26208.0000 34125.0000
-1755.0000 -22165.0000 32734.0000
-1326.0000 -18148.0000 31759.0000
-1417.0000 -14235.0000 31239.0000
-1872.0000 -10530.0000 31265.0000
-2691.0000 -7085.0000 31798.0000
-3848.0000 -4264.0000 32604.0000
-5070.0000 -1781.0000 33566.0000
-6292.0000 312.0000 34632.0000
-7462.0000 2249.0000 35763.0000
-8762.0000 3640.0000 36985.0000
-9919.0000 4810.0000 38350.0000
-11102.0000 5681.0000 39598.0000
-12285.0000 6058.0000 40872.0000
-13403.0000 6422.0000 42133.0000
-14235.0000 6695.0000 43186.0000
-15223.0000 6890.0000 44252.0000
-16016.0000 6968.0000 45292.0000
-16757.0000 6825.0000 46254.0000
-17459.0000 6578.0000 47086.0000
-18148.0000 6071.0000 47892.0000
-18681.0000 5720.0000 48542.0000
-19188.0000 5460.0000 49218.0000
-19695.0000 5083.0000 49790.0000
-20072.0000 4667.0000 50310.0000
-20397.0000 4173.0000 50752.0000
-20774.0000 3601.0000 51129.0000
-21034.0000 3133.0000 51415.0000
-21320.0000 2561.0000 51727.0000
-21593.0000 2197.0000 52000.0000
-21814.0000 1833.0000 52247.0000
-21931.0000 1352.0000 52429.0000
-22113.0000 767.0000 52546.0000
-22295.0000 156.0000 52624.0000
-22360.0000 -299.0000 52702.0000
