51363.0000 25545.0000 29796.0000
51389.0000 25610.0000 29848.0000
51389.0000 25701.0000 29848.0000
51415.0000 25675.0000 29887.0000
51467.0000 25792.0000 29913.0000
51467.0000 25844.0000 29913.0000
51480.0000 25883.0000 29913.0000
51532.0000 26000.0000 29900.0000
51610.0000 26065.0000 29874.0000
51649.0000 26065.0000 29939.0000
51727.0000 26169.0000 29913.0000
51740.0000 26169.0000 29900.0000
51753.0000 26286.0000 29913.0000
51779.0000 26325.0000 29926.0000
51844.0000 26416.0000 29939.0000
51844.0000 26455.0000 29952.0000
51870.0000 26559.0000 29939.0000
51961.0000 26624.0000 29952.0000
52013.0000 26689.0000 29965.0000
52026.0000 26767.0000 29978.0000
52065.0000 26780.0000 30056.0000
52078.0000 26858.0000 30056.0000
52130.0000 26962.0000 30095.0000
52104.0000 26949.0000 30095.0000
52156.0000 27066.0000 30121.0000
52208.0000 27144.0000 30082.0000
52247.0000 27144.0000 30134.0000
52312.0000 27261.0000 30108.0000
52351.0000 27326.0000 30160.0000
52377.0000 27326.0000 30147.0000
52429.0000 27469.0000 30186.0000
52429.0000 27508.0000 30199.0000
52455.0000 27612.0000 30264.0000
52520.0000 27716.0000 30238.0000
52559.0000 27781.0000 30277.0000
52611.0000 27898.0000 30277.0000
52650.0000 28028.0000 30303.0000
52650.0000 28080.0000 30342.0000
52650.0000 28249.0000 30407.0000
52689.0000 28327.0000 30394.0000
