34047.0000 38103.0000 28613.0000
33982.0000 38259.0000 28535.0000
33800.0000 38376.0000 28457.0000
33644.0000 38519.0000 28418.0000
33527.0000 38558.0000 28457.0000
33449.0000 38584.0000 28548.0000
33332.0000 38701.0000 28509.0000
33228.0000 38831.0000 28431.0000
33124.0000 38974.0000 28418.0000
32968.0000 39117.0000 28444.0000
32838.0000 39169.0000 28405.0000
32786.0000 39221.0000 28509.0000
32734.0000 39195.0000 28600.0000
32591.0000 39299.0000 28587.0000
32435.0000 39481.0000 28509.0000
32383.0000 39624.0000 28587.0000
32279.0000 39663.0000 28626.0000
32110.0000 39767.0000 28730.0000
32045.0000 39793.0000 28808.0000
31967.0000 39793.0000 28925.0000
31863.0000 39845.0000 28938.0000
31733.0000 39923.0000 28925.0000
31616.0000 39923.0000 29042.0000
31551.0000 39858.0000 29094.0000
31395.0000 39910.0000 29159.0000
31343.0000 39923.0000 29211.0000
31200.0000 39806.0000 29315.0000
31135.0000 39780.0000 29406.0000
30992.0000 39793.0000 29445.0000
30940.0000 39663.0000 29549.0000
30888.0000 39598.0000 29562.0000
30836.0000 39533.0000 29614.0000
30706.0000 39364.0000 29640.0000
30667.0000 39156.0000 29718.0000
30667.0000 39026.0000 29679.0000
30615.0000 38909.0000 29692.0000
30615.0000 38675.0000 29718.0000
30706.0000 38441.0000 29679.0000
30680.0000 38233.0000 29692.0000
30706.0000 38064.0000 29692.0000
