39442.0000 39988.0000 51805.0000
39377.0000 39195.0000 51584.0000
39208.0000 38311.0000 51428.0000
38974.0000 37440.0000 51142.0000
38805.0000 36634.0000 50648.0000
38623.0000 35997.0000 50076.0000
38311.0000 35074.0000 49504.0000
37999.0000 34346.0000 48776.0000
37726.0000 33462.0000 48009.0000
37414.0000 32890.0000 47151.0000
36998.0000 32019.0000 46332.0000
36582.0000 31538.0000 45305.0000
36244.0000 30940.0000 44226.0000
35802.0000 30589.0000 43082.0000
35425.0000 30147.0000 42094.0000
34931.0000 29783.0000 40976.0000
34528.0000 29510.0000 39936.0000
34099.0000 29484.0000 38688.0000
33644.0000 29341.0000 37505.0000
33098.0000 29276.0000 36400.0000
32708.0000 29289.0000 35217.0000
32136.0000 29471.0000 34047.0000
31681.0000 29627.0000 32838.0000
31148.0000 29913.0000 31720.0000
30693.0000 30147.0000 30589.0000
30147.0000 30563.0000 29536.0000
29653.0000 31057.0000 28470.0000
29172.0000 31590.0000 27456.0000
28730.0000 32214.0000 26520.0000
28275.0000 32890.0000 25623.0000
27768.0000 33657.0000 24856.0000
27391.0000 34424.0000 24154.0000
26923.0000 35334.0000 23400.0000
26559.0000 36179.0000 22867.0000
26195.0000 37102.0000 22399.0000
25883.0000 38103.0000 21944.0000
25623.0000 39091.0000 21736.0000
25324.0000 40092.0000 21489.0000
25116.0000 41028.0000 21372.0000
24908.0000 42107.0000 21216.0000
