34749.0000 68354.0000 41262.0000
34736.0000 68328.0000 41431.0000
34749.0000 68250.0000 41795.0000
34762.0000 68003.0000 42211.0000
34658.0000 67769.0000 42744.0000
34788.0000 67704.0000 42731.0000
34684.0000 67665.0000 42887.0000
34749.0000 67444.0000 43082.0000
34671.0000 67275.0000 43277.0000
34827.0000 67171.0000 43407.0000
34671.0000 67132.0000 43602.0000
34684.0000 66989.0000 43784.0000
34632.0000 66807.0000 43823.0000
34723.0000 66833.0000 43706.0000
34645.0000 66859.0000 43784.0000
34567.0000 66807.0000 44044.0000
34476.0000 66716.0000 44057.0000
34515.0000 66859.0000 44044.0000
34398.0000 66859.0000 44096.0000
34294.0000 66989.0000 44174.0000
34073.0000 67054.0000 44122.0000
34047.0000 67093.0000 44200.0000
33865.0000 67236.0000 44252.0000
33683.0000 67288.0000 44447.0000
33501.0000 67548.0000 44356.0000
33293.0000 67561.0000 44577.0000
33059.0000 67665.0000 44668.0000
32799.0000 67717.0000 44850.0000
32539.0000 67925.0000 44876.0000
32305.0000 68003.0000 45214.0000
32006.0000 68250.0000 45292.0000
31616.0000 68302.0000 45669.0000
31356.0000 68536.0000 45851.0000
30927.0000 68562.0000 46163.0000
30498.0000 68783.0000 46449.0000
30147.0000 68978.0000 46501.0000
29770.0000 69160.0000 46982.0000
29484.0000 69251.0000 47333.0000
28860.0000 69355.0000 47931.0000
28574.0000 69654.0000 48035.0000
