41951.0000 23855.0000 41288.0000
41782.0000 23790.0000 41041.0000
41847.0000 23699.0000 41145.0000
41743.0000 23946.0000 40755.0000
41769.0000 24024.0000 40703.0000
41561.0000 24089.0000 40508.0000
41470.0000 24037.0000 40495.0000
41288.0000 24284.0000 40222.0000
41236.0000 24440.0000 40183.0000
40976.0000 24596.0000 40014.0000
40833.0000 24609.0000 39988.0000
40508.0000 24726.0000 39832.0000
40378.0000 24869.0000 39728.0000
40040.0000 25064.0000 39585.0000
39832.0000 25129.0000 39520.0000
39416.0000 25259.0000 39442.0000
39169.0000 25337.0000 39377.0000
38740.0000 25480.0000 39273.0000
38428.0000 25480.0000 39247.0000
38012.0000 25597.0000 39182.0000
37713.0000 25636.0000 39078.0000
37297.0000 25779.0000 39143.0000
36985.0000 25909.0000 39039.0000
36452.0000 26013.0000 39052.0000
36101.0000 26078.0000 39052.0000
35646.0000 26260.0000 39104.0000
35334.0000 26338.0000 39065.0000
34853.0000 26416.0000 39104.0000
34450.0000 26481.0000 39143.0000
34060.0000 26702.0000 39195.0000
33696.0000 26767.0000 39286.0000
33306.0000 26897.0000 39390.0000
32916.0000 27014.0000 39494.0000
32539.0000 27144.0000 39572.0000
32227.0000 27209.0000 39741.0000
31811.0000 27261.0000 39858.0000
31421.0000 27235.0000 40027.0000
31161.0000 27352.0000 40092.0000
30849.0000 27404.0000 40287.0000
30550.0000 27469.0000 40430.0000
