-260.0000 -1521.0000 42237.0000
-169.0000 -1651.0000 42224.0000
-130.0000 -1742.0000 42237.0000
-52.0000 -1820.0000 42224.0000
-13.0000 -1846.0000 42250.0000
65.0000 -1950.0000 42250.0000
65.0000 -2028.0000 42224.0000
104.0000 -2080.0000 42224.0000
104.0000 -2093.0000 42250.0000
130.0000 -2041.0000 42250.0000
130.0000 -2067.0000 42250.0000
130.0000 -2054.0000 42250.0000
104.0000 -2028.0000 42263.0000
117.0000 -2015.0000 42237.0000
91.0000 -2028.0000 42276.0000
65.0000 -1963.0000 42237.0000
78.0000 -1950.0000 42263.0000
65.0000 -1963.0000 42198.0000
65.0000 -1963.0000 42250.0000
65.0000 -1950.0000 42276.0000
65.0000 -1976.0000 42289.0000
65.0000 -1976.0000 42250.0000
65.0000 -2015.0000 42250.0000
91.0000 -2015.0000 42224.0000
78.0000 -1989.0000 42263.0000
65.0000 -1989.0000 42224.0000
65.0000 -2028.0000 42263.0000
39.0000 -2002.0000 42224.0000
39.0000 -2028.0000 42276.0000
26.0000 -1937.0000 42224.0000
13.0000 -1976.0000 42237.0000
0.0000 -1950.0000 42302.0000
13.0000 -2015.0000 42263.0000
-13.0000 -2041.0000 42224.0000
-13.0000 -2015.0000 42250.0000
-39.0000 -2041.0000 42211.0000
-26.0000 -2106.0000 42263.0000
-39.0000 -2080.0000 42224.0000
-65.0000 -2119.0000 42250.0000
-52.0000 -2067.0000 42211.0000
