36478.0000 45409.0000 29497.0000
36608.0000 45305.0000 29627.0000
36712.0000 45279.0000 29640.0000
36855.0000 45188.0000 29692.0000
36933.0000 45136.0000 29718.0000
37024.0000 45084.0000 29757.0000
37180.0000 44967.0000 29757.0000
37245.0000 44915.0000 29861.0000
37297.0000 44915.0000 29887.0000
37427.0000 44876.0000 29874.0000
37518.0000 44837.0000 29887.0000
37596.0000 44850.0000 29991.0000
37661.0000 44824.0000 29965.0000
37804.0000 44668.0000 30004.0000
37817.0000 44681.0000 30056.0000
37921.0000 44668.0000 30043.0000
37999.0000 44629.0000 29978.0000
38064.0000 44642.0000 30173.0000
38090.0000 44577.0000 30160.0000
38220.0000 44473.0000 30199.0000
38259.0000 44499.0000 30225.0000
38324.0000 44551.0000 30212.0000
38441.0000 44512.0000 30186.0000
38480.0000 44564.0000 30290.0000
38519.0000 44616.0000 30316.0000
38649.0000 44590.0000 30355.0000
38688.0000 44603.0000 30446.0000
38779.0000 44668.0000 30420.0000
38805.0000 44707.0000 30368.0000
38896.0000 44772.0000 30394.0000
38883.0000 44876.0000 30329.0000
39000.0000 44850.0000 30407.0000
39039.0000 44889.0000 30485.0000
39078.0000 44980.0000 30524.0000
39130.0000 45110.0000 30407.0000
39247.0000 45214.0000 30472.0000
39351.0000 45357.0000 30498.0000
39416.0000 45383.0000 30602.0000
39546.0000 45435.0000 30693.0000
39533.0000 45526.0000 30732.0000
