-14352.0000 -7527.0000 44629.0000
-14768.0000 -7696.0000 45188.0000
-15158.0000 -8177.0000 45604.0000
-15483.0000 -8398.0000 46072.0000
-15717.0000 -9009.0000 46410.0000
-15912.0000 -9243.0000 46839.0000
-16094.0000 -9763.0000 47112.0000
-16263.0000 -10270.0000 47333.0000
-16380.0000 -10660.0000 47554.0000
-16315.0000 -11128.0000 47710.0000
-16367.0000 -11492.0000 47827.0000
-16445.0000 -11921.0000 47944.0000
-16367.0000 -12311.0000 48035.0000
-16380.0000 -12623.0000 48113.0000
-16276.0000 -13026.0000 48126.0000
-16224.0000 -13442.0000 48009.0000
-16146.0000 -13728.0000 48074.0000
-16029.0000 -13871.0000 48087.0000
-15925.0000 -14170.0000 48048.0000
-15860.0000 -14313.0000 48139.0000
-15574.0000 -14521.0000 48087.0000
-15509.0000 -14794.0000 48022.0000
-15379.0000 -14976.0000 47905.0000
-15158.0000 -15028.0000 47918.0000
-14989.0000 -14989.0000 47944.0000
-14781.0000 -15080.0000 48009.0000
-14651.0000 -15197.0000 47996.0000
-14326.0000 -15249.0000 48022.0000
-14157.0000 -15197.0000 48022.0000
-13897.0000 -15223.0000 48048.0000
-13689.0000 -15093.0000 48152.0000
-13312.0000 -14911.0000 48295.0000
-13052.0000 -14963.0000 48347.0000
-12857.0000 -15028.0000 48412.0000
-12519.0000 -14937.0000 48581.0000
-12298.0000 -14755.0000 48698.0000
-11934.0000 -14885.0000 48737.0000
-11739.0000 -14924.0000 48880.0000
-11453.0000 -14820.0000 49023.0000
-11219.0000 -14859.0000 49153.0000
