24713.0000 50011.0000 25857.0000
24557.0000 49985.0000 25844.0000
24388.0000 49959.0000 25779.0000
24258.0000 49985.0000 25779.0000
24115.0000 49959.0000 25766.0000
23985.0000 49933.0000 25766.0000
23894.0000 49907.0000 25753.0000
23855.0000 49920.0000 25766.0000
23803.0000 49894.0000 25740.0000
23803.0000 49920.0000 25727.0000
23790.0000 49894.0000 25740.0000
23790.0000 49881.0000 25779.0000
23816.0000 49907.0000 25753.0000
23842.0000 49881.0000 25766.0000
23855.0000 49868.0000 25792.0000
23881.0000 49894.0000 25779.0000
23894.0000 49868.0000 25805.0000
23920.0000 49855.0000 25779.0000
23933.0000 49868.0000 25805.0000
23946.0000 49855.0000 25792.0000
23946.0000 49868.0000 25792.0000
23920.0000 49855.0000 25792.0000
23946.0000 49894.0000 25792.0000
23933.0000 49881.0000 25766.0000
23933.0000 49855.0000 25766.0000
23933.0000 49842.0000 25779.0000
23933.0000 49894.0000 25766.0000
23933.0000 49881.0000 25766.0000
23933.0000 49907.0000 25779.0000
23933.0000 49933.0000 25779.0000
23920.0000 49933.0000 25753.0000
23933.0000 49907.0000 25792.0000
23907.0000 49933.0000 25779.0000
23907.0000 49933.0000 25779.0000
23894.0000 49946.0000 25792.0000
23894.0000 49933.0000 25779.0000
23894.0000 49920.0000 25766.0000
23907.0000 49933.0000 25805.0000
23920.0000 49959.0000 25753.0000
23920.0000 49946.0000 25779.0000
