-21567.0000 -494.0000 47138.0000
-21762.0000 -312.0000 47359.0000
-21918.0000 -130.0000 47515.0000
-22074.0000 -52.0000 47658.0000
-22256.0000 78.0000 47827.0000
-22451.0000 338.0000 47970.0000
-22607.0000 585.0000 48152.0000
-22828.0000 806.0000 48373.0000
-22958.0000 923.0000 48581.0000
-23101.0000 1053.0000 48789.0000
-23218.0000 1053.0000 49049.0000
-23387.0000 1313.0000 49218.0000
-23556.0000 1534.0000 49452.0000
-23764.0000 1690.0000 49699.0000
-23920.0000 1820.0000 49933.0000
-24011.0000 1937.0000 50232.0000
-24063.0000 1872.0000 50505.0000
-24219.0000 2002.0000 50765.0000
-24297.0000 2275.0000 51038.0000
-24466.0000 2379.0000 51324.0000
-24570.0000 2405.0000 51597.0000
-24622.0000 2392.0000 51909.0000
-24661.0000 2301.0000 52169.0000
-24752.0000 2119.0000 52390.0000
-24791.0000 2275.0000 52676.0000
-24882.0000 2366.0000 52884.0000
-24960.0000 2353.0000 53105.0000
-25025.0000 2353.0000 53313.0000
-24973.0000 2171.0000 53586.0000
-25051.0000 1950.0000 53768.0000
-25025.0000 1950.0000 53976.0000
-25116.0000 1963.0000 54197.0000
-25168.0000 1911.0000 54288.0000
-25233.0000 1885.0000 54444.0000
-25129.0000 1586.0000 54613.0000
-25129.0000 1508.0000 54652.0000
-25194.0000 1430.0000 54704.0000
-25259.0000 1443.0000 54782.0000
-25298.0000 1495.0000 54847.0000
-25298.0000 1417.0000 54912.0000
