-5083.0000 -42211.0000 48139.0000
-4888.0000 -42380.0000 47671.0000
-4758.0000 -42562.0000 47242.0000
-4641.0000 -42588.0000 46761.0000
-4485.0000 -42731.0000 46228.0000
-4368.0000 -42874.0000 45643.0000
-4251.0000 -42900.0000 45097.0000
-4134.0000 -42900.0000 44590.0000
-4043.0000 -42913.0000 44005.0000
-3939.0000 -42939.0000 43342.0000
-3874.0000 -42861.0000 42731.0000
-3731.0000 -43043.0000 41938.0000
-3679.0000 -42809.0000 41301.0000
-3588.0000 -42627.0000 40651.0000
-3471.0000 -42393.0000 40040.0000
-3471.0000 -42107.0000 39377.0000
-3393.0000 -41769.0000 38818.0000
-3328.0000 -41509.0000 38142.0000
-3198.0000 -41067.0000 37661.0000
-3120.0000 -40599.0000 37089.0000
-2977.0000 -40092.0000 36712.0000
-2873.0000 -39624.0000 36231.0000
-2717.0000 -39039.0000 35997.0000
-2535.0000 -38480.0000 35698.0000
-2379.0000 -37986.0000 35594.0000
-2184.0000 -37414.0000 35360.0000
-2054.0000 -36920.0000 35269.0000
-1794.0000 -36374.0000 35191.0000
-1612.0000 -35997.0000 35191.0000
-1404.0000 -35516.0000 35191.0000
-1209.0000 -35100.0000 35321.0000
-1001.0000 -34697.0000 35399.0000
-832.0000 -34502.0000 35425.0000
-624.0000 -34099.0000 35529.0000
-468.0000 -33969.0000 35516.0000
-247.0000 -33683.0000 35594.0000
-52.0000 -33514.0000 35568.0000
117.0000 -33150.0000 35698.0000
260.0000 -33033.0000 35672.0000
468.0000 -32799.0000 35776.0000
