35685.0000 66859.0000 44382.0000
35620.0000 66599.0000 44642.0000
35711.0000 66716.0000 44655.0000
35633.0000 66547.0000 44642.0000
35594.0000 66495.0000 44941.0000
35581.0000 66534.0000 44668.0000
35516.0000 66495.0000 45032.0000
35347.0000 66599.0000 44785.0000
35269.0000 66482.0000 45227.0000
35204.0000 66768.0000 44785.0000
35061.0000 66625.0000 45136.0000
34840.0000 66833.0000 45071.0000
34684.0000 66638.0000 45526.0000
34437.0000 67132.0000 45084.0000
34281.0000 67054.0000 45344.0000
33995.0000 67223.0000 45500.0000
33800.0000 67132.0000 45617.0000
33579.0000 67509.0000 45604.0000
33384.0000 67639.0000 45695.0000
32968.0000 67743.0000 46124.0000
32734.0000 67899.0000 45942.0000
32422.0000 68211.0000 46319.0000
32149.0000 68484.0000 46137.0000
31811.0000 68393.0000 46943.0000
31499.0000 68601.0000 46592.0000
31174.0000 68718.0000 47190.0000
30849.0000 69030.0000 47177.0000
30433.0000 68952.0000 47736.0000
30134.0000 69264.0000 47684.0000
29757.0000 69030.0000 48503.0000
29367.0000 69563.0000 48438.0000
28899.0000 69277.0000 49062.0000
28470.0000 69602.0000 49205.0000
28002.0000 69199.0000 49868.0000
27469.0000 69511.0000 50193.0000
26949.0000 69472.0000 50310.0000
26520.0000 69511.0000 50999.0000
26000.0000 69368.0000 51207.0000
25493.0000 69316.0000 51688.0000
24895.0000 69511.0000 51740.0000
