1625.0000 -17641.0000 31837.0000
1196.0000 -17043.0000 31850.0000
806.0000 -16328.0000 31928.0000
221.0000 -15730.0000 32032.0000
-182.0000 -14976.0000 32201.0000
-754.0000 -14352.0000 32396.0000
-1352.0000 -13689.0000 32656.0000
-1976.0000 -13208.0000 32942.0000
-2470.0000 -12558.0000 33228.0000
-3159.0000 -11921.0000 33670.0000
-3809.0000 -11492.0000 34034.0000
-4459.0000 -11089.0000 34515.0000
-5148.0000 -10686.0000 34957.0000
-5850.0000 -10400.0000 35503.0000
-6578.0000 -10179.0000 36049.0000
-7293.0000 -9971.0000 36595.0000
-7943.0000 -9516.0000 37206.0000
-8645.0000 -9477.0000 37804.0000
-9373.0000 -9321.0000 38428.0000
-9984.0000 -9334.0000 39026.0000
-10751.0000 -9204.0000 39624.0000
-11453.0000 -9269.0000 40274.0000
-11999.0000 -9360.0000 40859.0000
-12623.0000 -9386.0000 41470.0000
-13143.0000 -9646.0000 42081.0000
-13728.0000 -9880.0000 42575.0000
-14196.0000 -10010.0000 43108.0000
-14755.0000 -10296.0000 43602.0000
-15158.0000 -10504.0000 44018.0000
-15509.0000 -10855.0000 44525.0000
-15782.0000 -11063.0000 44876.0000
-16055.0000 -11453.0000 45253.0000
-16315.0000 -11817.0000 45474.0000
-16523.0000 -11843.0000 45851.0000
-16614.0000 -12259.0000 46020.0000
-16757.0000 -12493.0000 46241.0000
-16731.0000 -13065.0000 46384.0000
-16770.0000 -12961.0000 46631.0000
-16770.0000 -13273.0000 46748.0000
-16796.0000 -13533.0000 46813.0000
