47866.0000 35334.0000 50895.0000
47710.0000 35737.0000 51064.0000
47671.0000 35633.0000 51402.0000
47567.0000 36049.0000 51454.0000
47437.0000 35932.0000 51779.0000
47294.0000 36218.0000 51935.0000
47320.0000 35971.0000 52104.0000
47177.0000 36114.0000 52351.0000
47021.0000 36127.0000 52390.0000
46982.0000 36101.0000 52663.0000
46956.0000 36257.0000 52598.0000
46826.0000 36127.0000 52949.0000
46696.0000 36309.0000 52858.0000
46748.0000 36166.0000 53092.0000
46748.0000 36426.0000 53014.0000
46683.0000 36218.0000 53209.0000
46579.0000 36517.0000 53183.0000
46618.0000 36335.0000 53300.0000
46488.0000 36465.0000 53456.0000
46358.0000 36387.0000 53573.0000
46384.0000 36413.0000 53651.0000
46319.0000 36491.0000 53625.0000
46241.0000 36413.0000 53911.0000
46098.0000 36660.0000 53924.0000
46046.0000 36673.0000 54132.0000
45929.0000 36855.0000 54236.0000
45812.0000 36530.0000 54613.0000
45604.0000 36881.0000 54639.0000
45617.0000 36764.0000 54886.0000
45487.0000 36959.0000 55159.0000
45357.0000 36725.0000 55497.0000
45175.0000 36920.0000 55731.0000
45136.0000 36829.0000 55991.0000
45019.0000 36816.0000 56342.0000
44889.0000 36855.0000 56628.0000
44694.0000 36868.0000 56914.0000
44616.0000 36673.0000 57200.0000
44434.0000 36413.0000 57707.0000
44213.0000 36426.0000 57915.0000
43992.0000 36218.0000 58279.0000
