-7761.0000 7306.0000 39377.0000
-7904.0000 7397.0000 39299.0000
-8047.0000 7410.0000 39286.0000
-8086.0000 7371.0000 39247.0000
-8151.0000 7293.0000 39182.0000
-8229.0000 7280.0000 39130.0000
-8294.0000 7436.0000 39065.0000
-8359.0000 7397.0000 39000.0000
-8437.0000 7397.0000 38948.0000
-8463.0000 7228.0000 38896.0000
-8541.0000 7137.0000 38857.0000
-8593.0000 7111.0000 38779.0000
-8697.0000 7111.0000 38714.0000
-8762.0000 7046.0000 38636.0000
-8801.0000 6942.0000 38610.0000
-8840.0000 6760.0000 38545.0000
-8892.0000 6669.0000 38519.0000
-8931.0000 6578.0000 38441.0000
-8996.0000 6500.0000 38376.0000
-9048.0000 6344.0000 38324.0000
-9126.0000 6214.0000 38259.0000
-9152.0000 6032.0000 38207.0000
-9204.0000 5954.0000 38181.0000
-9230.0000 5785.0000 38103.0000
-9256.0000 5642.0000 38025.0000
-9334.0000 5434.0000 37921.0000
-9373.0000 5265.0000 37895.0000
-9438.0000 5044.0000 37791.0000
-9503.0000 4914.0000 37700.0000
-9490.0000 4706.0000 37661.0000
-9542.0000 4537.0000 37557.0000
-9568.0000 4277.0000 37505.0000
-9607.0000 4147.0000 37401.0000
-9672.0000 3900.0000 37310.0000
-9698.0000 3770.0000 37193.0000
-9711.0000 3484.0000 37102.0000
-9750.0000 3302.0000 37024.0000
-9802.0000 3042.0000 36881.0000
-9828.0000 2808.0000 36764.0000
-9854.0000 2600.0000 36673.0000
