-35841.0000 1716.0000 53261.0000
-36049.0000 1378.0000 53690.0000
-36283.0000 923.0000 54145.0000
-36465.0000 572.0000 54600.0000
-36569.0000 156.0000 55107.0000
-36686.0000 -260.0000 55471.0000
-36842.0000 -767.0000 55874.0000
-36972.0000 -1196.0000 56199.0000
-37089.0000 -1690.0000 56524.0000
-37128.0000 -2275.0000 56758.0000
-37258.0000 -2847.0000 57083.0000
-37284.0000 -3445.0000 57304.0000
-37336.0000 -4017.0000 57577.0000
-37310.0000 -4667.0000 57707.0000
-37349.0000 -5135.0000 57954.0000
-37336.0000 -5707.0000 58032.0000
-37375.0000 -6422.0000 58019.0000
-37310.0000 -7124.0000 57954.0000
-37271.0000 -7774.0000 57967.0000
-37154.0000 -8372.0000 57915.0000
-37128.0000 -8970.0000 57889.0000
-37050.0000 -9438.0000 57824.0000
-36985.0000 -10166.0000 57668.0000
-36855.0000 -10855.0000 57512.0000
-36738.0000 -11505.0000 57408.0000
-36556.0000 -12090.0000 57278.0000
-36400.0000 -12753.0000 57083.0000
-36244.0000 -13351.0000 56849.0000
-36010.0000 -14001.0000 56680.0000
-35763.0000 -14599.0000 56420.0000
-35581.0000 -15262.0000 56199.0000
-35347.0000 -15769.0000 55991.0000
-35178.0000 -16289.0000 55783.0000
-34892.0000 -16848.0000 55510.0000
-34736.0000 -17433.0000 55315.0000
-34489.0000 -17901.0000 55068.0000
-34242.0000 -18447.0000 54847.0000
-33982.0000 -19045.0000 54587.0000
-33735.0000 -19526.0000 54327.0000
-33423.0000 -20020.0000 54106.0000
