29783.0000 40495.0000 29718.0000
29679.0000 40508.0000 29601.0000
29627.0000 40547.0000 29588.0000
29614.0000 40573.0000 29497.0000
29536.0000 40677.0000 29484.0000
29471.0000 40703.0000 29393.0000
29432.0000 40768.0000 29315.0000
29380.0000 40846.0000 29159.0000
29341.0000 40976.0000 29120.0000
29250.0000 41002.0000 29081.0000
29237.0000 41028.0000 29029.0000
29133.0000 41054.0000 28925.0000
29133.0000 41093.0000 28873.0000
29094.0000 41197.0000 28717.0000
29068.0000 41275.0000 28704.0000
29042.0000 41327.0000 28587.0000
29003.0000 41340.0000 28548.0000
28951.0000 41431.0000 28483.0000
28964.0000 41470.0000 28405.0000
28925.0000 41587.0000 28314.0000
28912.0000 41678.0000 28275.0000
28873.0000 41717.0000 28158.0000
28873.0000 41834.0000 28184.0000
28899.0000 41925.0000 28028.0000
28938.0000 42055.0000 27963.0000
28938.0000 42120.0000 27872.0000
28977.0000 42211.0000 27807.0000
28925.0000 42328.0000 27742.0000
29055.0000 42380.0000 27729.0000
29081.0000 42523.0000 27625.0000
29146.0000 42575.0000 27560.0000
29198.0000 42692.0000 27469.0000
29341.0000 42757.0000 27443.0000
29406.0000 42835.0000 27378.0000
29588.0000 42913.0000 27378.0000
29679.0000 42991.0000 27313.0000
29848.0000 42991.0000 27274.0000
29978.0000 43069.0000 27183.0000
30160.0000 43121.0000 27248.0000
30329.0000 43134.0000 27274.0000
