-13572.0000 -18538.0000 45136.0000
-13702.0000 -18850.0000 45136.0000
-13754.0000 -19097.0000 45045.0000
-13780.0000 -19526.0000 45006.0000
-13871.0000 -19526.0000 44980.0000
-13910.0000 -19890.0000 44902.0000
-13988.0000 -20046.0000 44889.0000
-14079.0000 -20358.0000 44850.0000
-14144.0000 -20540.0000 44824.0000
-14170.0000 -20709.0000 44824.0000
-14222.0000 -20878.0000 44811.0000
-14235.0000 -21047.0000 44811.0000
-14287.0000 -21294.0000 44720.0000
-14339.0000 -21320.0000 44785.0000
-14365.0000 -21801.0000 44655.0000
-14443.0000 -21762.0000 44733.0000
-14365.0000 -22282.0000 44551.0000
-14495.0000 -22308.0000 44538.0000
-14495.0000 -22711.0000 44395.0000
-14638.0000 -22776.0000 44317.0000
-14638.0000 -23101.0000 44252.0000
-14755.0000 -23426.0000 44044.0000
-14807.0000 -23608.0000 44044.0000
-14898.0000 -24050.0000 43706.0000
-14976.0000 -24050.0000 43589.0000
-15041.0000 -24505.0000 43277.0000
-15171.0000 -24362.0000 43160.0000
-15262.0000 -24726.0000 42939.0000
-15340.0000 -24882.0000 42653.0000
-15431.0000 -25155.0000 42458.0000
-15548.0000 -25246.0000 42107.0000
-15652.0000 -25168.0000 41977.0000
-15717.0000 -25441.0000 41561.0000
-15821.0000 -25259.0000 41457.0000
-15912.0000 -25636.0000 41002.0000
-16081.0000 -25350.0000 40807.0000
-16120.0000 -25792.0000 40313.0000
-16276.0000 -25441.0000 40196.0000
-16250.0000 -25597.0000 39845.0000
-16432.0000 -25506.0000 39611.0000
