-30953.0000 -22100.0000 41561.0000
-30745.0000 -22503.0000 41483.0000
-30563.0000 -23010.0000 41236.0000
-30381.0000 -23556.0000 41002.0000
-30160.0000 -24050.0000 40768.0000
-29874.0000 -24622.0000 40586.0000
-29640.0000 -25168.0000 40300.0000
-29380.0000 -25662.0000 40053.0000
-29081.0000 -26065.0000 39806.0000
-28808.0000 -26728.0000 39481.0000
-28522.0000 -27300.0000 39169.0000
-28223.0000 -27755.0000 38818.0000
-27885.0000 -28288.0000 38480.0000
-27534.0000 -28808.0000 38129.0000
-27196.0000 -29302.0000 37765.0000
-26780.0000 -29809.0000 37427.0000
-26416.0000 -30368.0000 37037.0000
-26026.0000 -30901.0000 36673.0000
-25584.0000 -31382.0000 36218.0000
-25077.0000 -31889.0000 35854.0000
-24648.0000 -32396.0000 35360.0000
-24167.0000 -32890.0000 34957.0000
-23621.0000 -33332.0000 34515.0000
-23153.0000 -33878.0000 34112.0000
-22620.0000 -34346.0000 33657.0000
-22074.0000 -34788.0000 33228.0000
-21515.0000 -35243.0000 32799.0000
-20995.0000 -35685.0000 32409.0000
-20423.0000 -36036.0000 31967.0000
-19825.0000 -36452.0000 31655.0000
-19240.0000 -36829.0000 31187.0000
-18681.0000 -37245.0000 30823.0000
-18070.0000 -37583.0000 30381.0000
-17498.0000 -37934.0000 30069.0000
-16913.0000 -38298.0000 29653.0000
-16289.0000 -38610.0000 29302.0000
-15665.0000 -38948.0000 28860.0000
-15054.0000 -39260.0000 28548.0000
-14469.0000 -39572.0000 28171.0000
-13871.0000 -39767.0000 27859.0000
