34580.0000 42094.0000 31837.0000
34515.0000 42068.0000 31798.0000
34502.0000 42081.0000 31811.0000
34424.0000 42068.0000 31785.0000
34398.0000 42107.0000 31811.0000
34320.0000 42094.0000 31772.0000
34333.0000 42081.0000 31772.0000
34242.0000 42029.0000 31720.0000
34203.0000 42016.0000 31759.0000
34164.0000 42029.0000 31720.0000
34112.0000 42055.0000 31733.0000
34047.0000 42068.0000 31668.0000
34021.0000 42094.0000 31694.0000
33917.0000 42107.0000 31629.0000
33930.0000 42107.0000 31668.0000
33839.0000 42107.0000 31642.0000
33813.0000 42120.0000 31629.0000
33761.0000 42172.0000 31603.0000
33722.0000 42159.0000 31629.0000
33657.0000 42146.0000 31642.0000
33670.0000 42146.0000 31616.0000
33592.0000 42133.0000 31577.0000
33566.0000 42133.0000 31577.0000
33566.0000 42133.0000 31538.0000
33540.0000 42159.0000 31577.0000
33462.0000 42120.0000 31525.0000
33449.0000 42107.0000 31564.0000
33397.0000 42120.0000 31499.0000
33371.0000 42120.0000 31525.0000
33332.0000 42133.0000 31486.0000
33293.0000 42133.0000 31551.0000
33228.0000 42107.0000 31473.0000
33215.0000 42120.0000 31460.0000
33111.0000 42146.0000 31434.0000
33137.0000 42172.0000 31408.0000
33059.0000 42211.0000 31330.0000
33033.0000 42172.0000 31330.0000
32955.0000 42120.0000 31304.0000
32916.0000 42120.0000 31278.0000
32825.0000 42159.0000 31213.0000
