32188.0000 46553.0000 45019.0000
32344.0000 46839.0000 45292.0000
32565.0000 46930.0000 45669.0000
32747.0000 46969.0000 46085.0000
32864.0000 47021.0000 46501.0000
33059.0000 47255.0000 46735.0000
33319.0000 47398.0000 47086.0000
33527.0000 47320.0000 47554.0000
33657.0000 47385.0000 47983.0000
33878.0000 47437.0000 48282.0000
34138.0000 47398.0000 48776.0000
34255.0000 47424.0000 49101.0000
34398.0000 47450.0000 49491.0000
34528.0000 47411.0000 49790.0000
34710.0000 47385.0000 50193.0000
34879.0000 47242.0000 50609.0000
34918.0000 47099.0000 51064.0000
35048.0000 47190.0000 51259.0000
35256.0000 47008.0000 51688.0000
35360.0000 46761.0000 52065.0000
35399.0000 46410.0000 52520.0000
35451.0000 46215.0000 52806.0000
35633.0000 45864.0000 53131.0000
35711.0000 45552.0000 53482.0000
35711.0000 45058.0000 53833.0000
35789.0000 44616.0000 54041.0000
35867.0000 44057.0000 54275.0000
35906.0000 43329.0000 54535.0000
35867.0000 42588.0000 54782.0000
35880.0000 41977.0000 54847.0000
35971.0000 41340.0000 54912.0000
35997.0000 40339.0000 54964.0000
35854.0000 39377.0000 54951.0000
35893.0000 38428.0000 54821.0000
35802.0000 37596.0000 54444.0000
35802.0000 36426.0000 54067.0000
35555.0000 35373.0000 53651.0000
35516.0000 34372.0000 53027.0000
35347.0000 33371.0000 52403.0000
35282.0000 32331.0000 51688.0000
