31720.0000 56199.0000 27079.0000
32136.0000 56433.0000 27209.0000
32539.0000 56706.0000 27391.0000
32942.0000 56914.0000 27573.0000
33280.0000 57083.0000 27768.0000
33722.0000 57330.0000 27794.0000
33995.0000 57564.0000 27976.0000
34424.0000 57746.0000 28002.0000
34723.0000 57980.0000 28080.0000
35178.0000 58214.0000 28028.0000
35477.0000 58461.0000 28197.0000
35841.0000 58747.0000 28093.0000
36101.0000 59059.0000 28132.0000
36413.0000 59358.0000 28106.0000
36595.0000 59813.0000 28197.0000
36855.0000 60294.0000 28249.0000
37037.0000 60788.0000 28158.0000
37219.0000 61373.0000 28418.0000
37310.0000 61880.0000 28561.0000
37349.0000 62439.0000 28860.0000
37453.0000 63063.0000 29003.0000
37414.0000 63791.0000 29328.0000
37414.0000 64389.0000 29757.0000
37414.0000 64909.0000 30147.0000
37388.0000 65442.0000 30667.0000
37284.0000 65975.0000 31135.0000
37102.0000 66495.0000 31707.0000
37102.0000 66911.0000 32227.0000
36920.0000 67353.0000 32825.0000
36907.0000 67626.0000 33488.0000
36738.0000 67847.0000 34073.0000
36803.0000 68146.0000 34619.0000
36660.0000 68367.0000 35321.0000
36621.0000 68536.0000 35880.0000
36504.0000 68614.0000 36478.0000
36530.0000 68653.0000 36972.0000
36491.0000 68809.0000 37635.0000
36387.0000 68757.0000 38168.0000
36413.0000 68705.0000 38662.0000
36387.0000 68718.0000 39078.0000
