45214.0000 43914.0000 28015.0000
45240.0000 43940.0000 28067.0000
45292.0000 43953.0000 28015.0000
45240.0000 43953.0000 28028.0000
45188.0000 43940.0000 28028.0000
45227.0000 43927.0000 28041.0000
45175.0000 43914.0000 28028.0000
45175.0000 43940.0000 28015.0000
45149.0000 43940.0000 28041.0000
45149.0000 43927.0000 28054.0000
45149.0000 43927.0000 28041.0000
45175.0000 43927.0000 28054.0000
45162.0000 43940.0000 28041.0000
45175.0000 43901.0000 28041.0000
45149.0000 43901.0000 28028.0000
45149.0000 43914.0000 28041.0000
45162.0000 43901.0000 28054.0000
45214.0000 43901.0000 28015.0000
45149.0000 43927.0000 28028.0000
45175.0000 43927.0000 28041.0000
45110.0000 43901.0000 28015.0000
45162.0000 43862.0000 28041.0000
45123.0000 43875.0000 28002.0000
45123.0000 43862.0000 28028.0000
45123.0000 43862.0000 28067.0000
45110.0000 43823.0000 28067.0000
45136.0000 43914.0000 28041.0000
45110.0000 43901.0000 28041.0000
45084.0000 43875.0000 28054.0000
45097.0000 43901.0000 28041.0000
45084.0000 43914.0000 28054.0000
45097.0000 43888.0000 28041.0000
45058.0000 43940.0000 28041.0000
45071.0000 43927.0000 28067.0000
45058.0000 43940.0000 28015.0000
45032.0000 43914.0000 28028.0000
45032.0000 43927.0000 28054.0000
45006.0000 43888.0000 28041.0000
45006.0000 43901.0000 28054.0000
44954.0000 43927.0000 28041.0000
