38181.0000 46852.0000 27508.0000
38090.0000 46891.0000 27521.0000
38025.0000 46865.0000 27521.0000
37947.0000 46930.0000 27508.0000
37908.0000 46982.0000 27560.0000
37817.0000 47008.0000 27534.0000
37739.0000 47047.0000 27560.0000
37674.0000 47125.0000 27547.0000
37583.0000 47151.0000 27599.0000
37531.0000 47164.0000 27560.0000
37492.0000 47268.0000 27547.0000
37414.0000 47281.0000 27547.0000
37349.0000 47307.0000 27573.0000
37297.0000 47398.0000 27521.0000
37258.0000 47385.0000 27560.0000
37141.0000 47424.0000 27508.0000
37141.0000 47528.0000 27560.0000
37102.0000 47593.0000 27495.0000
37076.0000 47554.0000 27521.0000
37050.0000 47671.0000 27495.0000
36998.0000 47684.0000 27495.0000
36894.0000 47671.0000 27508.0000
36842.0000 47749.0000 27521.0000
36790.0000 47814.0000 27508.0000
36712.0000 47827.0000 27521.0000
36582.0000 47944.0000 27508.0000
36543.0000 47996.0000 27495.0000
36439.0000 48035.0000 27508.0000
36400.0000 48074.0000 27560.0000
36348.0000 48113.0000 27534.0000
36270.0000 48165.0000 27521.0000
36205.0000 48243.0000 27534.0000
36179.0000 48282.0000 27586.0000
36075.0000 48308.0000 27599.0000
36062.0000 48412.0000 27586.0000
35971.0000 48451.0000 27586.0000
35958.0000 48490.0000 27586.0000
35919.0000 48555.0000 27599.0000
35893.0000 48529.0000 27573.0000
35815.0000 48633.0000 27586.0000
