-416.0000 -44499.0000 62036.0000
-741.0000 -44564.0000 61399.0000
-1118.0000 -44330.0000 60827.0000
-1469.0000 -44291.0000 60203.0000
-1820.0000 -44070.0000 59644.0000
-2067.0000 -43979.0000 59085.0000
-2418.0000 -43745.0000 58552.0000
-2691.0000 -43524.0000 58071.0000
-3042.0000 -43290.0000 57551.0000
-3315.0000 -43173.0000 57031.0000
-3653.0000 -42900.0000 56576.0000
-3913.0000 -42601.0000 56147.0000
-4147.0000 -42354.0000 55705.0000
-4355.0000 -42159.0000 55250.0000
-4680.0000 -41860.0000 54873.0000
-4888.0000 -41561.0000 54522.0000
-5122.0000 -41314.0000 54132.0000
-5330.0000 -41080.0000 53846.0000
-5642.0000 -40677.0000 53612.0000
-5772.0000 -40352.0000 53391.0000
-5980.0000 -40183.0000 53118.0000
-6071.0000 -39975.0000 52884.0000
-6383.0000 -39689.0000 52728.0000
-6500.0000 -39390.0000 52624.0000
-6682.0000 -39247.0000 52416.0000
-6760.0000 -39143.0000 52273.0000
-6929.0000 -38922.0000 52195.0000
-6955.0000 -38727.0000 52104.0000
-7085.0000 -38714.0000 51935.0000
-7072.0000 -38636.0000 51831.0000
-7163.0000 -38610.0000 51779.0000
-7254.0000 -38389.0000 51727.0000
-7280.0000 -38428.0000 51701.0000
-7202.0000 -38519.0000 51558.0000
-7202.0000 -38597.0000 51519.0000
-7176.0000 -38597.0000 51415.0000
-7176.0000 -38662.0000 51298.0000
-7085.0000 -38818.0000 51155.0000
-7098.0000 -39026.0000 51064.0000
-7020.0000 -39169.0000 50856.0000
