-6630.0000 -10803.0000 48737.0000
-6552.0000 -11128.0000 49010.0000
-6487.0000 -11349.0000 49244.0000
-6448.0000 -11674.0000 49465.0000
-6357.0000 -12025.0000 49595.0000
-6318.0000 -12363.0000 49777.0000
-6266.0000 -12792.0000 49972.0000
-6214.0000 -13052.0000 50167.0000
-6227.0000 -13312.0000 50362.0000
-6227.0000 -13663.0000 50479.0000
-6227.0000 -14131.0000 50570.0000
-6162.0000 -14703.0000 50674.0000
-6084.0000 -14937.0000 50830.0000
-6123.0000 -15119.0000 51038.0000
-6097.0000 -15509.0000 51090.0000
-5993.0000 -16081.0000 51051.0000
-6006.0000 -16653.0000 51051.0000
-5941.0000 -17056.0000 51116.0000
-5967.0000 -17212.0000 51285.0000
-5980.0000 -17511.0000 51337.0000
-5967.0000 -17927.0000 51298.0000
-5889.0000 -18590.0000 51220.0000
-5876.0000 -19097.0000 51168.0000
-5850.0000 -19383.0000 51259.0000
-5824.0000 -19604.0000 51311.0000
-5837.0000 -20046.0000 51220.0000
-5824.0000 -20592.0000 51051.0000
-5824.0000 -21242.0000 50882.0000
-5850.0000 -21710.0000 50752.0000
-5850.0000 -21970.0000 50726.0000
-5876.0000 -22204.0000 50713.0000
-5941.0000 -22646.0000 50544.0000
-5915.0000 -23166.0000 50310.0000
-5941.0000 -23816.0000 50024.0000
-5993.0000 -24128.0000 49933.0000
-5928.0000 -24401.0000 49790.0000
-5941.0000 -24687.0000 49686.0000
-5980.0000 -25129.0000 49413.0000
-5967.0000 -25597.0000 49114.0000
-5993.0000 -26104.0000 48828.0000
