24349.0000 -35035.0000 33631.0000
24804.0000 -34957.0000 33735.0000
25363.0000 -34723.0000 33670.0000
25805.0000 -34619.0000 33696.0000
26286.0000 -34515.0000 33592.0000
26767.0000 -34476.0000 33566.0000
27235.0000 -34320.0000 33527.0000
27716.0000 -34164.0000 33592.0000
28184.0000 -33995.0000 33592.0000
28652.0000 -33878.0000 33592.0000
29159.0000 -33761.0000 33475.0000
29601.0000 -33579.0000 33501.0000
30121.0000 -33384.0000 33488.0000
30576.0000 -33189.0000 33527.0000
31057.0000 -33007.0000 33462.0000
31525.0000 -32799.0000 33514.0000
32045.0000 -32578.0000 33449.0000
32500.0000 -32474.0000 33462.0000
32968.0000 -32266.0000 33423.0000
33436.0000 -32084.0000 33462.0000
33956.0000 -31798.0000 33488.0000
34424.0000 -31564.0000 33527.0000
34892.0000 -31408.0000 33449.0000
35321.0000 -31226.0000 33501.0000
35802.0000 -30927.0000 33462.0000
36244.0000 -30693.0000 33514.0000
36725.0000 -30485.0000 33488.0000
37154.0000 -30212.0000 33566.0000
37674.0000 -29900.0000 33501.0000
38142.0000 -29666.0000 33527.0000
38584.0000 -29432.0000 33527.0000
39039.0000 -29146.0000 33579.0000
39468.0000 -28899.0000 33566.0000
39910.0000 -28600.0000 33618.0000
40378.0000 -28353.0000 33605.0000
40781.0000 -27950.0000 33657.0000
41262.0000 -27651.0000 33644.0000
41665.0000 -27326.0000 33709.0000
42094.0000 -27014.0000 33709.0000
42484.0000 -26741.0000 33800.0000
