34840.0000 37128.0000 33345.0000
34827.0000 37154.0000 33332.0000
34827.0000 37037.0000 33397.0000
34827.0000 37089.0000 33254.0000
34840.0000 37232.0000 33111.0000
34840.0000 37297.0000 33020.0000
34866.0000 37349.0000 33020.0000
34879.0000 37271.0000 32994.0000
34892.0000 37323.0000 32981.0000
34892.0000 37427.0000 32838.0000
34905.0000 37544.0000 32799.0000
34853.0000 37596.0000 32747.0000
34814.0000 37531.0000 32838.0000
34801.0000 37440.0000 32825.0000
34853.0000 37544.0000 32747.0000
34853.0000 37700.0000 32617.0000
34866.0000 37752.0000 32552.0000
34944.0000 37791.0000 32565.0000
34905.0000 37687.0000 32565.0000
34918.0000 37700.0000 32539.0000
34957.0000 37804.0000 32448.0000
34957.0000 37869.0000 32409.0000
35022.0000 37856.0000 32344.0000
34957.0000 37752.0000 32435.0000
34996.0000 37674.0000 32448.0000
35035.0000 37778.0000 32396.0000
35022.0000 37908.0000 32201.0000
35061.0000 37947.0000 32162.0000
35061.0000 37895.0000 32175.0000
35087.0000 37830.0000 32253.0000
35139.0000 37882.0000 32227.0000
35126.0000 38012.0000 32058.0000
35152.0000 38064.0000 32032.0000
35126.0000 37999.0000 32045.0000
35126.0000 37947.0000 32162.0000
35126.0000 37921.0000 32136.0000
35126.0000 37986.0000 32071.0000
35152.0000 38116.0000 31889.0000
35165.0000 38077.0000 31889.0000
35178.0000 38051.0000 31928.0000
