33956.0000 13390.0000 36790.0000
33904.0000 13169.0000 36569.0000
33800.0000 12948.0000 36465.0000
33709.0000 12714.0000 36322.0000
33618.0000 12428.0000 36153.0000
33527.0000 12246.0000 36036.0000
33410.0000 12064.0000 35906.0000
33332.0000 11856.0000 35763.0000
33215.0000 11700.0000 35659.0000
33124.0000 11505.0000 35555.0000
33007.0000 11310.0000 35425.0000
32955.0000 11102.0000 35295.0000
32851.0000 11050.0000 35230.0000
32773.0000 10855.0000 35152.0000
32669.0000 10712.0000 35113.0000
32604.0000 10569.0000 35009.0000
32487.0000 10413.0000 34957.0000
32422.0000 10270.0000 34892.0000
32331.0000 10075.0000 34801.0000
32292.0000 9997.0000 34814.0000
32227.0000 9867.0000 34762.0000
32149.0000 9711.0000 34736.0000
32071.0000 9594.0000 34684.0000
32032.0000 9490.0000 34645.0000
31928.0000 9386.0000 34645.0000
31954.0000 9217.0000 34632.0000
31863.0000 9100.0000 34606.0000
31863.0000 8983.0000 34632.0000
31759.0000 8840.0000 34567.0000
31759.0000 8788.0000 34580.0000
31707.0000 8671.0000 34593.0000
31655.0000 8554.0000 34606.0000
31590.0000 8463.0000 34632.0000
31551.0000 8320.0000 34619.0000
31499.0000 8281.0000 34606.0000
31512.0000 8099.0000 34658.0000
31434.0000 7995.0000 34619.0000
31421.0000 7839.0000 34645.0000
31330.0000 7722.0000 34645.0000
31317.0000 7605.0000 34684.0000
