-5044.0000 -1066.0000 39624.0000
-5018.0000 -1092.0000 39637.0000
-4927.0000 -1105.0000 39598.0000
-4953.0000 -1157.0000 39585.0000
-4979.0000 -1183.0000 39611.0000
-4940.0000 -1196.0000 39598.0000
-4953.0000 -1222.0000 39624.0000
-4914.0000 -1248.0000 39572.0000
-4953.0000 -1209.0000 39624.0000
-4927.0000 -1209.0000 39598.0000
-4992.0000 -1209.0000 39611.0000
-4966.0000 -1196.0000 39572.0000
-5018.0000 -1170.0000 39598.0000
-4979.0000 -1157.0000 39572.0000
-5044.0000 -1209.0000 39598.0000
-5018.0000 -1196.0000 39559.0000
-5070.0000 -1222.0000 39572.0000
-5018.0000 -1248.0000 39546.0000
-5057.0000 -1274.0000 39572.0000
-5031.0000 -1274.0000 39546.0000
-5057.0000 -1274.0000 39559.0000
-5018.0000 -1274.0000 39533.0000
-5031.0000 -1274.0000 39559.0000
-5018.0000 -1274.0000 39533.0000
-5057.0000 -1261.0000 39546.0000
-4992.0000 -1248.0000 39546.0000
-5044.0000 -1274.0000 39585.0000
-5018.0000 -1274.0000 39533.0000
-5057.0000 -1248.0000 39572.0000
-5005.0000 -1287.0000 39546.0000
-5070.0000 -1274.0000 39559.0000
-5031.0000 -1287.0000 39520.0000
-5096.0000 -1339.0000 39533.0000
-5031.0000 -1365.0000 39546.0000
-5070.0000 -1352.0000 39533.0000
-5044.0000 -1339.0000 39507.0000
-5109.0000 -1339.0000 39559.0000
-5031.0000 -1365.0000 39533.0000
-5096.0000 -1339.0000 39520.0000
-5070.0000 -1391.0000 39507.0000
