-13650.0000 3497.0000 41652.0000
-13663.0000 3510.0000 41626.0000
-13637.0000 3510.0000 41665.0000
-13650.0000 3510.0000 41626.0000
-13650.0000 3510.0000 41652.0000
-13650.0000 3497.0000 41626.0000
-13650.0000 3471.0000 41652.0000
-13663.0000 3471.0000 41626.0000
-13663.0000 3458.0000 41652.0000
-13663.0000 3471.0000 41626.0000
-13637.0000 3484.0000 41665.0000
-13637.0000 3549.0000 41652.0000
-13611.0000 3588.0000 41678.0000
-13637.0000 3575.0000 41652.0000
-13611.0000 3614.0000 41665.0000
-13650.0000 3614.0000 41652.0000
-13611.0000 3614.0000 41691.0000
-13637.0000 3640.0000 41652.0000
-13650.0000 3627.0000 41691.0000
-13637.0000 3653.0000 41678.0000
-13650.0000 3640.0000 41678.0000
-13650.0000 3679.0000 41678.0000
-13611.0000 3718.0000 41717.0000
-13676.0000 3718.0000 41678.0000
-13663.0000 3783.0000 41691.0000
-13767.0000 3731.0000 41652.0000
-13702.0000 3731.0000 41704.0000
-13741.0000 3757.0000 41626.0000
-13728.0000 3718.0000 41691.0000
-13754.0000 3705.0000 41639.0000
-13715.0000 3679.0000 41678.0000
-13754.0000 3679.0000 41691.0000
-13676.0000 3744.0000 41704.0000
-13702.0000 3757.0000 41678.0000
-13689.0000 3783.0000 41665.0000
-13715.0000 3770.0000 41652.0000
-13702.0000 3770.0000 41691.0000
-13715.0000 3731.0000 41652.0000
-13702.0000 3718.0000 41665.0000
-13741.0000 3692.0000 41613.0000
