-13091.0000 3055.0000 41158.0000
-13104.0000 3068.0000 41132.0000
-13039.0000 3094.0000 41158.0000
-13065.0000 3042.0000 41106.0000
-13026.0000 3016.0000 41106.0000
-13039.0000 3055.0000 41054.0000
-13013.0000 3042.0000 41080.0000
-13013.0000 2990.0000 41093.0000
-13026.0000 2990.0000 41067.0000
-13026.0000 2977.0000 41015.0000
-12987.0000 3003.0000 41041.0000
-13000.0000 2951.0000 40976.0000
-12987.0000 2925.0000 41002.0000
-12987.0000 2886.0000 40963.0000
-12922.0000 2899.0000 40963.0000
-12935.0000 2886.0000 40963.0000
-12896.0000 2886.0000 40950.0000
-12935.0000 2860.0000 40924.0000
-12857.0000 2899.0000 40898.0000
-12883.0000 2899.0000 40885.0000
-12844.0000 2886.0000 40911.0000
-12831.0000 2860.0000 40937.0000
-12753.0000 2938.0000 40911.0000
-12779.0000 2925.0000 40885.0000
-12727.0000 2886.0000 40872.0000
-12727.0000 2873.0000 40846.0000
-12675.0000 2886.0000 40898.0000
-12662.0000 2899.0000 40859.0000
-12610.0000 2847.0000 40872.0000
-12584.0000 2808.0000 40846.0000
-12558.0000 2847.0000 40833.0000
-12584.0000 2808.0000 40820.0000
-12532.0000 2782.0000 40807.0000
-12571.0000 2795.0000 40768.0000
-12532.0000 2834.0000 40794.0000
-12545.0000 2795.0000 40755.0000
-12519.0000 2769.0000 40755.0000
-12532.0000 2782.0000 40729.0000
-12467.0000 2834.0000 40729.0000
-12480.0000 2743.0000 40651.0000
