35620.0000 49140.0000 27508.0000
35594.0000 49205.0000 27534.0000
35568.0000 49335.0000 27547.0000
35568.0000 49426.0000 27573.0000
35516.0000 49530.0000 27638.0000
35490.0000 49660.0000 27703.0000
35477.0000 49764.0000 27781.0000
35477.0000 49855.0000 27846.0000
35451.0000 49920.0000 27911.0000
35438.0000 50037.0000 27924.0000
35399.0000 50141.0000 27963.0000
35399.0000 50258.0000 28041.0000
35295.0000 50375.0000 28054.0000
35308.0000 50518.0000 28145.0000
35204.0000 50596.0000 28184.0000
35243.0000 50739.0000 28275.0000
35139.0000 50778.0000 28262.0000
35139.0000 50830.0000 28288.0000
35074.0000 50934.0000 28327.0000
35074.0000 51012.0000 28418.0000
35048.0000 51207.0000 28470.0000
34983.0000 51246.0000 28561.0000
34996.0000 51363.0000 28665.0000
34996.0000 51402.0000 28756.0000
34918.0000 51493.0000 28821.0000
34918.0000 51610.0000 28886.0000
34853.0000 51675.0000 28938.0000
34827.0000 51844.0000 29055.0000
34775.0000 51922.0000 29120.0000
34775.0000 52052.0000 29263.0000
34710.0000 52156.0000 29315.0000
34697.0000 52195.0000 29432.0000
34632.0000 52338.0000 29510.0000
34658.0000 52416.0000 29601.0000
34580.0000 52546.0000 29679.0000
34580.0000 52663.0000 29783.0000
34528.0000 52780.0000 29822.0000
34554.0000 52884.0000 29978.0000
34476.0000 52936.0000 30069.0000
34476.0000 52988.0000 30264.0000
