40443.0000 46683.0000 31174.0000
40534.0000 46852.0000 31239.0000
40677.0000 47112.0000 31161.0000
40755.0000 47229.0000 31291.0000
40820.0000 47229.0000 31499.0000
40924.0000 47281.0000 31642.0000
41041.0000 47528.0000 31707.0000
41145.0000 47762.0000 31603.0000
41249.0000 47866.0000 31746.0000
41379.0000 47983.0000 31993.0000
41444.0000 47970.0000 32305.0000
41561.0000 48100.0000 32370.0000
41652.0000 48282.0000 32448.0000
41834.0000 48464.0000 32461.0000
41951.0000 48594.0000 32565.0000
42094.0000 48607.0000 32864.0000
42198.0000 48607.0000 32994.0000
42341.0000 48776.0000 33137.0000
42458.0000 48919.0000 33085.0000
42588.0000 49088.0000 33254.0000
42731.0000 49218.0000 33358.0000
42770.0000 49153.0000 33670.0000
42848.0000 49218.0000 33709.0000
42952.0000 49257.0000 33930.0000
42978.0000 49465.0000 33852.0000
43134.0000 49621.0000 33956.0000
43186.0000 49595.0000 34177.0000
43251.0000 49608.0000 34411.0000
43251.0000 49712.0000 34489.0000
43316.0000 49816.0000 34619.0000
43381.0000 49907.0000 34658.0000
43472.0000 49959.0000 34853.0000
43472.0000 50050.0000 34970.0000
43576.0000 50154.0000 34970.0000
43628.0000 50141.0000 35178.0000
43667.0000 50232.0000 35308.0000
43732.0000 50297.0000 35386.0000
43797.0000 50427.0000 35490.0000
43836.0000 50505.0000 35594.0000
43823.0000 50635.0000 35802.0000
