41522.0000 23322.0000 42289.0000
41236.0000 23335.0000 42120.0000
41483.0000 23231.0000 42250.0000
41262.0000 23322.0000 42081.0000
41574.0000 23348.0000 42120.0000
41340.0000 23491.0000 41938.0000
41496.0000 23413.0000 42016.0000
41288.0000 23517.0000 41860.0000
41431.0000 23452.0000 41860.0000
41262.0000 23647.0000 41678.0000
41353.0000 23647.0000 41626.0000
41093.0000 23738.0000 41522.0000
41119.0000 23673.0000 41470.0000
40898.0000 23933.0000 41327.0000
40989.0000 23972.0000 41288.0000
40625.0000 24180.0000 41158.0000
40534.0000 24141.0000 41197.0000
40183.0000 24271.0000 41067.0000
40105.0000 24219.0000 41028.0000
39780.0000 24479.0000 40846.0000
39650.0000 24583.0000 40781.0000
39260.0000 24726.0000 40716.0000
39052.0000 24765.0000 40651.0000
38675.0000 24908.0000 40599.0000
38519.0000 24986.0000 40534.0000
38103.0000 25168.0000 40456.0000
37856.0000 25259.0000 40404.0000
37492.0000 25402.0000 40274.0000
37271.0000 25363.0000 40274.0000
36894.0000 25558.0000 40157.0000
36699.0000 25649.0000 40131.0000
36270.0000 25870.0000 40040.0000
36101.0000 25974.0000 40001.0000
35685.0000 26104.0000 39975.0000
35438.0000 26286.0000 39962.0000
35087.0000 26364.0000 39949.0000
34814.0000 26377.0000 39962.0000
34502.0000 26442.0000 39923.0000
34190.0000 26663.0000 39923.0000
33878.0000 26871.0000 39910.0000
