-8723.0000 3926.0000 35256.0000
-8632.0000 3939.0000 35009.0000
-8736.0000 3991.0000 35217.0000
-8658.0000 4017.0000 34957.0000
-8775.0000 4004.0000 35139.0000
-8697.0000 4017.0000 34918.0000
-8801.0000 3978.0000 35087.0000
-8684.0000 4004.0000 34866.0000
-8801.0000 3991.0000 35009.0000
-8723.0000 4030.0000 34801.0000
-8827.0000 3965.0000 34957.0000
-8710.0000 3991.0000 34736.0000
-8814.0000 3926.0000 34918.0000
-8697.0000 4004.0000 34697.0000
-8801.0000 3965.0000 34892.0000
-8723.0000 4043.0000 34645.0000
-8801.0000 3991.0000 34801.0000
-8723.0000 4017.0000 34593.0000
-8827.0000 3978.0000 34762.0000
-8697.0000 4043.0000 34606.0000
-8814.0000 4056.0000 34710.0000
-8749.0000 4095.0000 34489.0000
-8879.0000 4030.0000 34619.0000
-8749.0000 4082.0000 34450.0000
-8866.0000 3991.0000 34580.0000
-8723.0000 4108.0000 34385.0000
-8892.0000 4043.0000 34515.0000
-8749.0000 4095.0000 34320.0000
-8918.0000 3965.0000 34437.0000
-8762.0000 4082.0000 34255.0000
-8905.0000 3991.0000 34372.0000
-8762.0000 4108.0000 34216.0000
-8905.0000 4004.0000 34307.0000
-8788.0000 4121.0000 34151.0000
-8944.0000 4043.0000 34229.0000
-8788.0000 4160.0000 34086.0000
-8931.0000 4082.0000 34164.0000
-8814.0000 4199.0000 33995.0000
-8996.0000 4108.0000 34073.0000
-8827.0000 4238.0000 33943.0000
