-3315.0000 10179.0000 33943.0000
-3328.0000 10140.0000 33969.0000
-3315.0000 10127.0000 33956.0000
-3302.0000 10153.0000 34008.0000
-3289.0000 10127.0000 34008.0000
-3263.0000 10205.0000 34047.0000
-3263.0000 10114.0000 34034.0000
-3276.0000 10153.0000 34060.0000
-3237.0000 10153.0000 34034.0000
-3211.0000 10231.0000 34099.0000
-3185.0000 10231.0000 34060.0000
-3198.0000 10244.0000 34099.0000
-3172.0000 10218.0000 34073.0000
-3185.0000 10283.0000 34125.0000
-3146.0000 10296.0000 34086.0000
-3146.0000 10322.0000 34151.0000
-3120.0000 10257.0000 34125.0000
-3133.0000 10387.0000 34151.0000
-3107.0000 10374.0000 34151.0000
-3120.0000 10374.0000 34190.0000
-3094.0000 10335.0000 34164.0000
-3094.0000 10413.0000 34190.0000
-3081.0000 10426.0000 34203.0000
-3042.0000 10452.0000 34216.0000
-3003.0000 10387.0000 34216.0000
-3016.0000 10452.0000 34229.0000
-2964.0000 10465.0000 34216.0000
-2951.0000 10517.0000 34281.0000
-2899.0000 10465.0000 34281.0000
-2938.0000 10569.0000 34294.0000
-2886.0000 10569.0000 34294.0000
-2886.0000 10608.0000 34307.0000
-2886.0000 10556.0000 34320.0000
-2912.0000 10647.0000 34320.0000
-2860.0000 10660.0000 34294.0000
-2886.0000 10686.0000 34320.0000
-2873.0000 10608.0000 34281.0000
-2899.0000 10673.0000 34320.0000
-2847.0000 10673.0000 34333.0000
-2886.0000 10712.0000 34346.0000
