10283.0000 -43940.0000 77584.0000
9685.0000 -44226.0000 76713.0000
9139.0000 -44434.0000 75712.0000
8567.0000 -44681.0000 74971.0000
7995.0000 -44863.0000 73996.0000
7423.0000 -44876.0000 73359.0000
6942.0000 -45370.0000 72319.0000
6448.0000 -45110.0000 71773.0000
5954.0000 -45526.0000 70850.0000
5473.0000 -45123.0000 70421.0000
5057.0000 -45630.0000 69485.0000
4628.0000 -45591.0000 68757.0000
4173.0000 -46046.0000 67808.0000
3744.0000 -45747.0000 67236.0000
3380.0000 -45851.0000 66547.0000
2964.0000 -45877.0000 65819.0000
2626.0000 -45994.0000 65143.0000
2210.0000 -45955.0000 64441.0000
1872.0000 -45903.0000 63739.0000
1417.0000 -45955.0000 62972.0000
1105.0000 -45786.0000 62439.0000
689.0000 -45773.0000 61646.0000
403.0000 -45656.0000 60996.0000
-52.0000 -45604.0000 60320.0000
-351.0000 -45240.0000 59774.0000
-650.0000 -45305.0000 59046.0000
-923.0000 -45045.0000 58435.0000
-1300.0000 -44967.0000 57850.0000
-1599.0000 -44642.0000 57187.0000
-1898.0000 -44486.0000 56641.0000
-2119.0000 -44174.0000 56069.0000
-2509.0000 -44018.0000 55601.0000
-2808.0000 -43602.0000 55016.0000
-3055.0000 -43420.0000 54587.0000
-3250.0000 -43186.0000 54002.0000
-3445.0000 -42666.0000 53833.0000
-3731.0000 -42510.0000 53287.0000
-3926.0000 -42107.0000 53105.0000
-4121.0000 -41964.0000 52624.0000
-4342.0000 -41483.0000 52598.0000
