-8359.0000 -11479.0000 34190.0000
-8359.0000 -11505.0000 34268.0000
-8424.0000 -11427.0000 34372.0000
-8476.0000 -11128.0000 34541.0000
-8502.0000 -11011.0000 34671.0000
-8502.0000 -10998.0000 34840.0000
-8554.0000 -10868.0000 34931.0000
-8632.0000 -10855.0000 35113.0000
-8645.0000 -10712.0000 35217.0000
-8684.0000 -10582.0000 35386.0000
-8710.0000 -10452.0000 35529.0000
-8801.0000 -10387.0000 35737.0000
-8814.0000 -10192.0000 35906.0000
-8866.0000 -10166.0000 36127.0000
-8905.0000 -9997.0000 36335.0000
-8970.0000 -9854.0000 36556.0000
-9009.0000 -9633.0000 36751.0000
-9061.0000 -9555.0000 36946.0000
-9048.0000 -9412.0000 37167.0000
-9048.0000 -9256.0000 37453.0000
-9074.0000 -9074.0000 37713.0000
-9087.0000 -8840.0000 38038.0000
-9061.0000 -8736.0000 38285.0000
-9061.0000 -8684.0000 38584.0000
-8996.0000 -8658.0000 38831.0000
-8983.0000 -8411.0000 39156.0000
-8892.0000 -8333.0000 39455.0000
-8866.0000 -8281.0000 39806.0000
-8762.0000 -8177.0000 40105.0000
-8736.0000 -8164.0000 40560.0000
-8593.0000 -8099.0000 40807.0000
-8619.0000 -7956.0000 41197.0000
-8489.0000 -8073.0000 41509.0000
-8502.0000 -7982.0000 41821.0000
-8385.0000 -7839.0000 42146.0000
-8346.0000 -7774.0000 42523.0000
-8216.0000 -7735.0000 42861.0000
-8216.0000 -7800.0000 43238.0000
-8099.0000 -7852.0000 43550.0000
-8021.0000 -7878.0000 43927.0000
