9451.0000 4628.0000 44200.0000
9503.0000 4628.0000 44213.0000
9412.0000 4693.0000 44226.0000
9451.0000 4693.0000 44213.0000
9360.0000 4732.0000 44278.0000
9464.0000 4693.0000 44239.0000
9399.0000 4706.0000 44265.0000
9425.0000 4706.0000 44291.0000
9334.0000 4706.0000 44291.0000
9399.0000 4732.0000 44304.0000
9347.0000 4706.0000 44304.0000
9412.0000 4706.0000 44343.0000
9308.0000 4719.0000 44356.0000
9412.0000 4706.0000 44369.0000
9347.0000 4732.0000 44356.0000
9386.0000 4706.0000 44343.0000
9308.0000 4732.0000 44382.0000
9386.0000 4732.0000 44382.0000
9321.0000 4732.0000 44421.0000
9399.0000 4719.0000 44434.0000
9295.0000 4706.0000 44382.0000
9347.0000 4693.0000 44434.0000
9282.0000 4667.0000 44460.0000
9334.0000 4654.0000 44486.0000
9243.0000 4719.0000 44486.0000
9334.0000 4654.0000 44486.0000
9243.0000 4680.0000 44512.0000
9321.0000 4654.0000 44512.0000
9217.0000 4693.0000 44538.0000
9295.0000 4628.0000 44512.0000
9230.0000 4654.0000 44577.0000
9295.0000 4602.0000 44525.0000
9204.0000 4615.0000 44577.0000
9269.0000 4602.0000 44564.0000
9191.0000 4628.0000 44590.0000
9256.0000 4589.0000 44616.0000
9191.0000 4615.0000 44616.0000
9243.0000 4628.0000 44629.0000
9165.0000 4602.0000 44655.0000
9217.0000 4615.0000 44642.0000
