7072.0000 -2223.0000 41691.0000
6981.0000 -2262.0000 41678.0000
7059.0000 -2275.0000 41678.0000
6994.0000 -2236.0000 41665.0000
7033.0000 -2197.0000 41678.0000
6968.0000 -2184.0000 41678.0000
7046.0000 -2184.0000 41652.0000
6994.0000 -2210.0000 41652.0000
7072.0000 -2158.0000 41626.0000
7033.0000 -2184.0000 41678.0000
7111.0000 -2197.0000 41639.0000
7059.0000 -2262.0000 41639.0000
7111.0000 -2223.0000 41639.0000
7020.0000 -2197.0000 41639.0000
7124.0000 -2210.0000 41639.0000
7046.0000 -2249.0000 41613.0000
7098.0000 -2249.0000 41626.0000
7033.0000 -2249.0000 41626.0000
7098.0000 -2275.0000 41626.0000
7007.0000 -2288.0000 41626.0000
7046.0000 -2275.0000 41587.0000
6994.0000 -2262.0000 41665.0000
7098.0000 -2275.0000 41587.0000
6981.0000 -2262.0000 41626.0000
7020.0000 -2262.0000 41574.0000
6942.0000 -2223.0000 41626.0000
6968.0000 -2249.0000 41626.0000
6916.0000 -2275.0000 41613.0000
6955.0000 -2223.0000 41574.0000
6903.0000 -2288.0000 41626.0000
6903.0000 -2223.0000 41574.0000
6877.0000 -2223.0000 41600.0000
6903.0000 -2236.0000 41587.0000
6825.0000 -2249.0000 41587.0000
6877.0000 -2171.0000 41587.0000
6812.0000 -2210.0000 41574.0000
6825.0000 -2158.0000 41561.0000
6799.0000 -2158.0000 41587.0000
6825.0000 -2158.0000 41535.0000
6786.0000 -2132.0000 41548.0000
