-30940.0000 -12090.0000 54691.0000
-30524.0000 -11869.0000 54574.0000
-30082.0000 -11583.0000 54457.0000
-29744.0000 -11362.0000 54379.0000
-29354.0000 -11245.0000 54223.0000
-29042.0000 -11050.0000 54171.0000
-28717.0000 -10751.0000 54041.0000
-28483.0000 -10673.0000 53911.0000
-28197.0000 -10465.0000 53794.0000
-27937.0000 -10296.0000 53677.0000
-27612.0000 -10166.0000 53560.0000
-27365.0000 -10140.0000 53430.0000
-27118.0000 -10062.0000 53300.0000
-26897.0000 -9789.0000 53209.0000
-26702.0000 -9659.0000 53079.0000
-26546.0000 -9568.0000 52962.0000
-26299.0000 -9360.0000 52871.0000
-26117.0000 -9321.0000 52780.0000
-25883.0000 -9295.0000 52624.0000
-25753.0000 -9256.0000 52546.0000
-25532.0000 -9009.0000 52416.0000
-25441.0000 -8931.0000 52299.0000
-25233.0000 -8840.0000 52182.0000
-25090.0000 -8788.0000 52078.0000
-24882.0000 -8554.0000 51974.0000
-24713.0000 -8528.0000 51883.0000
-24505.0000 -8541.0000 51740.0000
-24362.0000 -8567.0000 51623.0000
-24206.0000 -8320.0000 51545.0000
-24141.0000 -8190.0000 51441.0000
-23972.0000 -8086.0000 51376.0000
-23868.0000 -7956.0000 51298.0000
-23699.0000 -7969.0000 51233.0000
-23582.0000 -8034.0000 51129.0000
-23400.0000 -7956.0000 51025.0000
-23309.0000 -7761.0000 50973.0000
-23205.0000 -7670.0000 50882.0000
-23127.0000 -7579.0000 50778.0000
-22984.0000 -7475.0000 50726.0000
-22893.0000 -7488.0000 50687.0000
