-2483.0000 -44447.0000 54223.0000
-2613.0000 -44291.0000 53924.0000
-2769.0000 -44213.0000 53573.0000
-2925.0000 -44018.0000 53326.0000
-2964.0000 -43758.0000 53053.0000
-3146.0000 -43303.0000 52962.0000
-3250.0000 -43108.0000 52754.0000
-3328.0000 -42991.0000 52520.0000
-3341.0000 -42861.0000 52247.0000
-3471.0000 -42692.0000 52104.0000
-3575.0000 -42354.0000 51935.0000
-3796.0000 -41938.0000 51922.0000
-3848.0000 -41795.0000 51753.0000
-3926.0000 -41691.0000 51558.0000
-3926.0000 -41639.0000 51389.0000
-4095.0000 -41444.0000 51350.0000
-4160.0000 -41210.0000 51207.0000
-4303.0000 -40807.0000 51259.0000
-4329.0000 -40729.0000 51129.0000
-4407.0000 -40690.0000 50986.0000
-4420.0000 -40690.0000 50817.0000
-4550.0000 -40417.0000 50843.0000
-4576.0000 -40235.0000 50778.0000
-4732.0000 -39923.0000 50856.0000
-4732.0000 -39884.0000 50752.0000
-4797.0000 -39858.0000 50674.0000
-4849.0000 -39884.0000 50570.0000
-4927.0000 -39754.0000 50518.0000
-4849.0000 -39728.0000 50388.0000
-4966.0000 -39598.0000 50414.0000
-4927.0000 -39546.0000 50323.0000
-4940.0000 -39494.0000 50206.0000
-5005.0000 -39598.0000 50076.0000
-5070.0000 -39559.0000 50024.0000
-4992.0000 -39520.0000 49933.0000
-5005.0000 -39533.0000 49829.0000
-4940.0000 -39572.0000 49712.0000
-4979.0000 -39572.0000 49660.0000
-4914.0000 -39650.0000 49517.0000
-4875.0000 -39650.0000 49400.0000
