-17914.0000 -12337.0000 45669.0000
-17849.0000 -12545.0000 45682.0000
-17875.0000 -12714.0000 45760.0000
-17849.0000 -12701.0000 45799.0000
-17849.0000 -12870.0000 45864.0000
-17745.0000 -12987.0000 45877.0000
-17706.0000 -13117.0000 45942.0000
-17563.0000 -13273.0000 45968.0000
-17485.0000 -13416.0000 46033.0000
-17433.0000 -13403.0000 46059.0000
-17485.0000 -13507.0000 46072.0000
-17329.0000 -13611.0000 46150.0000
-17199.0000 -13572.0000 46163.0000
-17095.0000 -13689.0000 46137.0000
-17043.0000 -13702.0000 46215.0000
-16952.0000 -13689.0000 46267.0000
-16861.0000 -13728.0000 46306.0000
-16666.0000 -13728.0000 46371.0000
-16588.0000 -13715.0000 46449.0000
-16471.0000 -13780.0000 46475.0000
-16354.0000 -13767.0000 46553.0000
-16159.0000 -13741.0000 46592.0000
-16094.0000 -13728.0000 46657.0000
-15912.0000 -13559.0000 46722.0000
-15795.0000 -13572.0000 46826.0000
-15574.0000 -13624.0000 46865.0000
-15444.0000 -13520.0000 47021.0000
-15236.0000 -13559.0000 47073.0000
-15145.0000 -13468.0000 47216.0000
-14937.0000 -13312.0000 47346.0000
-14807.0000 -13403.0000 47437.0000
-14599.0000 -13572.0000 47450.0000
-14508.0000 -13585.0000 47567.0000
-14326.0000 -13585.0000 47632.0000
-14222.0000 -13442.0000 47827.0000
-13988.0000 -13351.0000 47931.0000
-13910.0000 -13429.0000 48022.0000
-13728.0000 -13689.0000 48048.0000
-13624.0000 -13650.0000 48191.0000
-13416.0000 -13715.0000 48308.0000
