34333.0000 42211.0000 40222.0000
34372.0000 42393.0000 40339.0000
34320.0000 42614.0000 40495.0000
34346.0000 42770.0000 40729.0000
34346.0000 42835.0000 40859.0000
34307.0000 42926.0000 41145.0000
34242.0000 42952.0000 41314.0000
34281.0000 43056.0000 41496.0000
34190.0000 43251.0000 41652.0000
34216.0000 43355.0000 41808.0000
34229.0000 43381.0000 41886.0000
34229.0000 43355.0000 42159.0000
34151.0000 43381.0000 42172.0000
34216.0000 43420.0000 42367.0000
34164.0000 43524.0000 42419.0000
34203.0000 43628.0000 42562.0000
34203.0000 43667.0000 42601.0000
34190.0000 43758.0000 42757.0000
34086.0000 43771.0000 42848.0000
34164.0000 43745.0000 43030.0000
34099.0000 43875.0000 42991.0000
34177.0000 43966.0000 43069.0000
34138.0000 43992.0000 43095.0000
34151.0000 44057.0000 43251.0000
34125.0000 44122.0000 43342.0000
34177.0000 44161.0000 43459.0000
34216.0000 44369.0000 43472.0000
34294.0000 44512.0000 43615.0000
34294.0000 44668.0000 43641.0000
34346.0000 44759.0000 43810.0000
34333.0000 44733.0000 44070.0000
34476.0000 44993.0000 44057.0000
34567.0000 45162.0000 44070.0000
34723.0000 45266.0000 44226.0000
34749.0000 45370.0000 44343.0000
34853.0000 45409.0000 44603.0000
34931.0000 45565.0000 44629.0000
35139.0000 45682.0000 44798.0000
35269.0000 45747.0000 44993.0000
35464.0000 45799.0000 45227.0000
