10101.0000 21567.0000 36088.0000
10179.0000 21593.0000 36036.0000
10283.0000 21710.0000 35932.0000
10270.0000 21762.0000 35867.0000
10361.0000 21866.0000 35841.0000
10478.0000 21931.0000 35763.0000
10556.0000 22022.0000 35672.0000
10686.0000 22100.0000 35555.0000
10738.0000 22139.0000 35529.0000
10842.0000 22165.0000 35438.0000
10933.0000 22204.0000 35412.0000
11089.0000 22308.0000 35282.0000
11154.0000 22373.0000 35230.0000
11284.0000 22438.0000 35152.0000
11362.0000 22477.0000 35126.0000
11505.0000 22464.0000 35074.0000
11609.0000 22516.0000 35009.0000
11739.0000 22529.0000 34879.0000
11817.0000 22633.0000 34866.0000
11934.0000 22568.0000 34749.0000
11986.0000 22633.0000 34749.0000
12129.0000 22646.0000 34632.0000
12233.0000 22685.0000 34593.0000
12363.0000 22815.0000 34476.0000
12415.0000 22789.0000 34463.0000
12532.0000 22789.0000 34372.0000
12558.0000 22737.0000 34359.0000
12727.0000 22802.0000 34229.0000
12831.0000 22880.0000 34216.0000
12922.0000 22971.0000 34112.0000
12948.0000 22958.0000 34112.0000
13065.0000 22945.0000 34047.0000
13104.0000 22971.0000 34008.0000
13234.0000 22984.0000 33891.0000
13273.0000 23114.0000 33839.0000
13377.0000 23101.0000 33800.0000
13416.0000 23127.0000 33761.0000
13520.0000 23114.0000 33696.0000
13611.0000 23166.0000 33644.0000
13728.0000 23218.0000 33527.0000
