9269.0000 3042.0000 46293.0000
9243.0000 3042.0000 46241.0000
9269.0000 2964.0000 46267.0000
9243.0000 2977.0000 46241.0000
9256.0000 2964.0000 46241.0000
9204.0000 2977.0000 46254.0000
9256.0000 2951.0000 46254.0000
9230.0000 2951.0000 46254.0000
9243.0000 2977.0000 46267.0000
9204.0000 3029.0000 46267.0000
9256.0000 2964.0000 46267.0000
9191.0000 2990.0000 46254.0000
9230.0000 2938.0000 46241.0000
9191.0000 2951.0000 46254.0000
9217.0000 2951.0000 46241.0000
9217.0000 2912.0000 46254.0000
9282.0000 2964.0000 46267.0000
9230.0000 2938.0000 46254.0000
9269.0000 2912.0000 46267.0000
9217.0000 2899.0000 46241.0000
9269.0000 2886.0000 46254.0000
9243.0000 2886.0000 46254.0000
9269.0000 2860.0000 46228.0000
9230.0000 2834.0000 46241.0000
9282.0000 2847.0000 46241.0000
9243.0000 2808.0000 46241.0000
9308.0000 2834.0000 46267.0000
9282.0000 2847.0000 46228.0000
9334.0000 2808.0000 46267.0000
9295.0000 2834.0000 46241.0000
9347.0000 2821.0000 46254.0000
9295.0000 2847.0000 46254.0000
9347.0000 2847.0000 46228.0000
9295.0000 2795.0000 46228.0000
9360.0000 2782.0000 46215.0000
9321.0000 2808.0000 46202.0000
9360.0000 2769.0000 46202.0000
9308.0000 2769.0000 46189.0000
9347.0000 2730.0000 46189.0000
9334.0000 2717.0000 46215.0000
