-15691.0000 -14755.0000 43524.0000
-15912.0000 -14742.0000 43771.0000
-15938.0000 -15145.0000 43862.0000
-16120.0000 -15392.0000 43979.0000
-16146.0000 -15795.0000 43992.0000
-16315.0000 -15704.0000 44070.0000
-16302.0000 -15938.0000 44135.0000
-16354.0000 -15938.0000 44213.0000
-16354.0000 -16146.0000 44291.0000
-16367.0000 -16159.0000 44343.0000
-16315.0000 -16224.0000 44382.0000
-16354.0000 -16276.0000 44343.0000
-16276.0000 -16146.0000 44434.0000
-16237.0000 -16185.0000 44499.0000
-16107.0000 -16068.0000 44551.0000
-16042.0000 -16146.0000 44603.0000
-15912.0000 -15899.0000 44759.0000
-15873.0000 -15899.0000 44837.0000
-15730.0000 -15743.0000 44980.0000
-15613.0000 -15847.0000 45045.0000
-15535.0000 -15470.0000 45279.0000
-15444.0000 -15444.0000 45487.0000
-15236.0000 -15314.0000 45617.0000
-15184.0000 -15353.0000 45786.0000
-15028.0000 -15119.0000 46033.0000
-14989.0000 -15002.0000 46306.0000
-14872.0000 -14989.0000 46449.0000
-14833.0000 -15015.0000 46683.0000
-14729.0000 -14924.0000 46956.0000
-14638.0000 -14924.0000 47203.0000
-14547.0000 -14950.0000 47411.0000
-14573.0000 -15041.0000 47619.0000
-14482.0000 -15288.0000 47736.0000
-14495.0000 -15431.0000 47775.0000
-14534.0000 -15704.0000 47879.0000
-14560.0000 -15899.0000 47866.0000
-14547.0000 -16042.0000 47957.0000
-14651.0000 -16224.0000 47866.0000
-14703.0000 -13.0000 47749.0000
-14755.0000 -16744.0000 47528.0000
