31824.0000 47983.0000 44707.0000
31785.0000 47775.0000 44772.0000
31876.0000 47567.0000 44798.0000
31863.0000 47606.0000 44668.0000
31928.0000 47424.0000 44681.0000
31954.0000 47307.0000 44616.0000
32032.0000 46982.0000 44694.0000
32032.0000 46787.0000 44746.0000
32136.0000 46618.0000 44694.0000
32071.0000 46670.0000 44564.0000
32162.0000 46436.0000 44590.0000
32058.0000 46228.0000 44525.0000
32214.0000 45916.0000 44681.0000
32136.0000 45747.0000 44590.0000
32266.0000 45682.0000 44551.0000
32214.0000 45682.0000 44382.0000
32344.0000 45539.0000 44408.0000
32292.0000 45383.0000 44369.0000
32448.0000 45019.0000 44408.0000
32357.0000 44889.0000 44317.0000
32461.0000 44681.0000 44200.0000
32370.0000 44733.0000 44135.0000
32435.0000 44629.0000 44135.0000
32318.0000 44525.0000 44070.0000
32396.0000 44304.0000 44109.0000
32331.0000 44174.0000 44057.0000
32461.0000 44070.0000 44070.0000
32396.0000 44005.0000 43953.0000
32474.0000 43888.0000 43914.0000
32370.0000 43784.0000 43836.0000
32513.0000 43654.0000 43823.0000
32422.0000 43550.0000 43797.0000
32565.0000 43368.0000 43758.0000
32513.0000 43329.0000 43680.0000
32565.0000 43121.0000 43680.0000
32500.0000 43095.0000 43628.0000
32552.0000 42991.0000 43641.0000
32474.0000 42913.0000 43524.0000
32591.0000 42900.0000 43537.0000
32461.0000 42757.0000 43420.0000
