38402.0000 42523.0000 28730.0000
38493.0000 42601.0000 28769.0000
38532.0000 42601.0000 28795.0000
38584.0000 42679.0000 28847.0000
38662.0000 42757.0000 28847.0000
38714.0000 42861.0000 28821.0000
38779.0000 42952.0000 28847.0000
38818.0000 43017.0000 28938.0000
38896.0000 43056.0000 28964.0000
38961.0000 43069.0000 28925.0000
39065.0000 43108.0000 28977.0000
39104.0000 43147.0000 29042.0000
39182.0000 43186.0000 29068.0000
39260.0000 43264.0000 29055.0000
39312.0000 43355.0000 29094.0000
39377.0000 43381.0000 29120.0000
39481.0000 43368.0000 29107.0000
39507.0000 43407.0000 29133.0000
39559.0000 43459.0000 29237.0000
39572.0000 43498.0000 29302.0000
39650.0000 43524.0000 29237.0000
39728.0000 43667.0000 29250.0000
39741.0000 43745.0000 29328.0000
39832.0000 43745.0000 29315.0000
39884.0000 43784.0000 29380.0000
39923.0000 43849.0000 29471.0000
39962.0000 43862.0000 29653.0000
40066.0000 43940.0000 29549.0000
40105.0000 44096.0000 29523.0000
40118.0000 44187.0000 29575.0000
40131.0000 44213.0000 29588.0000
40196.0000 44291.0000 29614.0000
40209.0000 44395.0000 29653.0000
40222.0000 44460.0000 29692.0000
40261.0000 44525.0000 29744.0000
40300.0000 44733.0000 29666.0000
40339.0000 44798.0000 29705.0000
40391.0000 44928.0000 29731.0000
40456.0000 45058.0000 29809.0000
40521.0000 45175.0000 29848.0000
