28613.0000 13468.0000 33657.0000
28613.0000 13260.0000 33748.0000
28548.0000 13078.0000 33787.0000
28483.0000 12870.0000 33891.0000
28444.0000 12779.0000 33891.0000
28405.0000 12493.0000 33995.0000
28366.0000 12454.0000 34047.0000
28340.0000 12220.0000 34164.0000
28288.0000 12064.0000 34164.0000
28262.0000 11895.0000 34268.0000
28210.0000 11791.0000 34320.0000
28158.0000 11609.0000 34437.0000
28132.0000 11505.0000 34528.0000
28080.0000 11219.0000 34645.0000
28041.0000 11128.0000 34723.0000
28002.0000 10959.0000 34814.0000
27937.0000 10803.0000 34879.0000
27859.0000 10608.0000 34970.0000
27781.0000 10504.0000 35061.0000
27755.0000 10244.0000 35152.0000
27716.0000 10205.0000 35243.0000
27703.0000 9932.0000 35373.0000
27638.0000 9802.0000 35425.0000
27612.0000 9633.0000 35529.0000
27560.0000 9490.0000 35568.0000
27508.0000 9308.0000 35672.0000
27482.0000 9230.0000 35737.0000
27404.0000 8983.0000 35854.0000
27352.0000 8892.0000 35945.0000
27326.0000 8632.0000 36036.0000
27235.0000 8502.0000 36127.0000
27209.0000 8255.0000 36192.0000
27131.0000 8138.0000 36244.0000
27092.0000 7891.0000 36322.0000
27040.0000 7787.0000 36400.0000
26975.0000 7514.0000 36517.0000
26949.0000 7397.0000 36569.0000
26923.0000 7150.0000 36660.0000
26858.0000 6968.0000 36699.0000
26845.0000 6734.0000 36816.0000
