-7943.0000 -10426.0000 42328.0000
-7956.0000 -10192.0000 42484.0000
-7891.0000 -10192.0000 42614.0000
-7930.0000 -10296.0000 42679.0000
-7969.0000 -10257.0000 42887.0000
-7904.0000 -10231.0000 42926.0000
-8021.0000 -10101.0000 43108.0000
-7995.0000 -10309.0000 43121.0000
-8060.0000 -10049.0000 43303.0000
-7995.0000 -10374.0000 43342.0000
-8047.0000 -10361.0000 43407.0000
-8060.0000 -10569.0000 43420.0000
-8164.0000 -10257.0000 43615.0000
-8164.0000 -10296.0000 43667.0000
-8125.0000 -10517.0000 43693.0000
-8008.0000 -10712.0000 43693.0000
-8164.0000 -10738.0000 43732.0000
-8125.0000 -10556.0000 43797.0000
-8177.0000 -10868.0000 43784.0000
-8216.0000 -10855.0000 43797.0000
-8203.0000 -10985.0000 43823.0000
-8242.0000 -11037.0000 43784.0000
-8268.0000 -11258.0000 43836.0000
-8281.0000 -11284.0000 43797.0000
-8320.0000 -11362.0000 43771.0000
-8424.0000 -11440.0000 43693.0000
-8463.0000 -11596.0000 43693.0000
-8554.0000 -11570.0000 43641.0000
-8567.0000 -11869.0000 43550.0000
-8632.0000 -11947.0000 43420.0000
-8710.0000 -12207.0000 43342.0000
-8762.0000 -12116.0000 43212.0000
-8801.0000 -12363.0000 43069.0000
-8840.0000 -12519.0000 42939.0000
-8853.0000 -12649.0000 42809.0000
-8879.0000 -12766.0000 42692.0000
-8996.0000 -12740.0000 42614.0000
-9022.0000 -12974.0000 42406.0000
-9126.0000 -12779.0000 42341.0000
-9113.0000 -13065.0000 42068.0000
