19240.0000 50258.0000 25415.0000
19292.0000 50297.0000 25376.0000
19448.0000 50349.0000 25467.0000
19461.0000 50349.0000 25441.0000
19604.0000 50466.0000 25441.0000
19669.0000 50544.0000 25389.0000
19838.0000 50661.0000 25467.0000
19903.0000 50700.0000 25454.0000
20007.0000 50687.0000 25532.0000
20098.0000 50739.0000 25506.0000
20202.0000 50804.0000 25506.0000
20319.0000 50921.0000 25454.0000
20436.0000 50999.0000 25506.0000
20540.0000 51103.0000 25506.0000
20696.0000 51103.0000 25558.0000
20839.0000 51194.0000 25584.0000
21034.0000 51272.0000 25558.0000
21151.0000 51350.0000 25571.0000
21372.0000 51428.0000 25597.0000
21476.0000 51467.0000 25649.0000
21658.0000 51480.0000 25714.0000
21788.0000 51545.0000 25701.0000
22022.0000 51584.0000 25727.0000
22204.0000 51701.0000 25688.0000
22399.0000 51779.0000 25805.0000
22568.0000 51805.0000 25831.0000
22750.0000 51831.0000 25870.0000
22919.0000 51870.0000 25844.0000
23153.0000 51961.0000 25883.0000
23361.0000 52000.0000 25909.0000
23569.0000 52091.0000 25987.0000
23725.0000 52091.0000 25974.0000
23985.0000 52156.0000 26013.0000
24115.0000 52195.0000 26013.0000
24401.0000 52286.0000 26104.0000
24583.0000 52312.0000 26078.0000
24804.0000 52390.0000 26156.0000
24973.0000 52390.0000 26156.0000
25233.0000 52442.0000 26260.0000
25415.0000 52455.0000 26260.0000
