33163.0000 30706.0000 49335.0000
32994.0000 29965.0000 48386.0000
32786.0000 29250.0000 47216.0000
32500.0000 28626.0000 46098.0000
32253.0000 27937.0000 44850.0000
31928.0000 27482.0000 43615.0000
31668.0000 27079.0000 42263.0000
31395.0000 26741.0000 40976.0000
31122.0000 26442.0000 39650.0000
30875.0000 26351.0000 38337.0000
30576.0000 26351.0000 36907.0000
30303.0000 26403.0000 35581.0000
29978.0000 26572.0000 34255.0000
29705.0000 26689.0000 33150.0000
29393.0000 27170.0000 31746.0000
29159.0000 27508.0000 30576.0000
28925.0000 28080.0000 29367.0000
28639.0000 28561.0000 28340.0000
28327.0000 29302.0000 27274.0000
28054.0000 29939.0000 26260.0000
27690.0000 30823.0000 25220.0000
27534.0000 31655.0000 24349.0000
27274.0000 32539.0000 23569.0000
27040.0000 33397.0000 22828.0000
26754.0000 34424.0000 22178.0000
26585.0000 35386.0000 21515.0000
26312.0000 36374.0000 21151.0000
26156.0000 37453.0000 20488.0000
25857.0000 38558.0000 20215.0000
25753.0000 39572.0000 19799.0000
25532.0000 40599.0000 19799.0000
25467.0000 41665.0000 19487.0000
25259.0000 42666.0000 19565.0000
25233.0000 43758.0000 19474.0000
25129.0000 44733.0000 19539.0000
25077.0000 45786.0000 19617.0000
25103.0000 46631.0000 19734.0000
25155.0000 47580.0000 20072.0000
25272.0000 48412.0000 20137.0000
25285.0000 49244.0000 20566.0000
