-572.0000 -11349.0000 33904.0000
-663.0000 -11362.0000 33917.0000
-585.0000 -11388.0000 33904.0000
-676.0000 -11362.0000 33917.0000
-572.0000 -11388.0000 33930.0000
-624.0000 -11323.0000 33917.0000
-572.0000 -11310.0000 33878.0000
-676.0000 -11310.0000 33878.0000
-598.0000 -11349.0000 33878.0000
-702.0000 -11362.0000 33865.0000
-637.0000 -11336.0000 33865.0000
-754.0000 -11323.0000 33826.0000
-689.0000 -11310.0000 33839.0000
-767.0000 -11323.0000 33839.0000
-689.0000 -11310.0000 33826.0000
-793.0000 -11297.0000 33839.0000
-689.0000 -11323.0000 33826.0000
-780.0000 -11310.0000 33852.0000
-689.0000 -11310.0000 33826.0000
-780.0000 -11310.0000 33852.0000
-676.0000 -11284.0000 33839.0000
-767.0000 -11349.0000 33826.0000
-702.0000 -11362.0000 33813.0000
-780.0000 -11349.0000 33813.0000
-689.0000 -11375.0000 33826.0000
-793.0000 -11336.0000 33839.0000
-702.0000 -11323.0000 33813.0000
-793.0000 -11323.0000 33826.0000
-715.0000 -11258.0000 33787.0000
-793.0000 -11271.0000 33839.0000
-728.0000 -11258.0000 33813.0000
-806.0000 -11258.0000 33878.0000
-728.0000 -11232.0000 33826.0000
-832.0000 -11271.0000 33865.0000
-780.0000 -11206.0000 33852.0000
-871.0000 -11206.0000 33865.0000
-845.0000 -11180.0000 33852.0000
-949.0000 -11128.0000 33878.0000
-949.0000 -11128.0000 33865.0000
-1053.0000 -11011.0000 33930.0000
