-12701.0000 3965.0000 33046.0000
-12662.0000 3939.0000 33007.0000
-12792.0000 4030.0000 32968.0000
-12766.0000 4108.0000 32968.0000
-12909.0000 4225.0000 32994.0000
-12818.0000 4225.0000 32955.0000
-13013.0000 4329.0000 32942.0000
-12948.0000 4394.0000 32916.0000
-13091.0000 4498.0000 32916.0000
-13026.0000 4511.0000 32890.0000
-13169.0000 4628.0000 32877.0000
-13130.0000 4654.0000 32838.0000
-13234.0000 4797.0000 32825.0000
-13208.0000 4771.0000 32799.0000
-13286.0000 4940.0000 32799.0000
-13247.0000 4953.0000 32786.0000
-13416.0000 5057.0000 32760.0000
-13338.0000 5083.0000 32773.0000
-13416.0000 5265.0000 32760.0000
-13364.0000 5317.0000 32747.0000
-13455.0000 5408.0000 32760.0000
-13429.0000 5408.0000 32760.0000
-13533.0000 5525.0000 32773.0000
-13507.0000 5551.0000 32747.0000
-13598.0000 5681.0000 32747.0000
-13533.0000 5694.0000 32734.0000
-13663.0000 5811.0000 32747.0000
-13572.0000 5811.0000 32734.0000
-13715.0000 5941.0000 32747.0000
-13624.0000 5967.0000 32734.0000
-13715.0000 6071.0000 32734.0000
-13689.0000 6071.0000 32708.0000
-13780.0000 6162.0000 32721.0000
-13728.0000 6110.0000 32708.0000
-13871.0000 6188.0000 32695.0000
-13741.0000 6227.0000 32669.0000
-13832.0000 6318.0000 32669.0000
-13741.0000 6344.0000 32669.0000
-13832.0000 6435.0000 32669.0000
-13793.0000 6409.0000 32643.0000
