-13169.0000 4628.0000 32877.0000
-13130.0000 4654.0000 32838.0000
-13234.0000 4797.0000 32825.0000
-13208.0000 4771.0000 32799.0000
-13286.0000 4940.0000 32799.0000
-13247.0000 4953.0000 32786.0000
-13416.0000 5057.0000 32760.0000
-13338.0000 5083.0000 32773.0000
-13416.0000 5265.0000 32760.0000
-13364.0000 5317.0000 32747.0000
-13455.0000 5408.0000 32760.0000
-13429.0000 5408.0000 32760.0000
-13533.0000 5525.0000 32773.0000
-13507.0000 5551.0000 32747.0000
-13598.0000 5681.0000 32747.0000
-13533.0000 5694.0000 32734.0000
-13663.0000 5811.0000 32747.0000
-13572.0000 5811.0000 32734.0000
-13715.0000 5941.0000 32747.0000
-13624.0000 5967.0000 32734.0000
-13715.0000 6071.0000 32734.0000
-13689.0000 6071.0000 32708.0000
-13780.0000 6162.0000 32721.0000
-13728.0000 6110.0000 32708.0000
-13871.0000 6188.0000 32695.0000
-13741.0000 6227.0000 32669.0000
-13832.0000 6318.0000 32669.0000
-13741.0000 6344.0000 32669.0000
-13832.0000 6435.0000 32669.0000
-13793.0000 6409.0000 32643.0000
-13923.0000 6578.0000 32643.0000
-13871.0000 6539.0000 32630.0000
-13975.0000 6747.0000 32643.0000
-13910.0000 6812.0000 32643.0000
-14014.0000 6916.0000 32656.0000
-14001.0000 6968.0000 32617.0000
-14105.0000 7111.0000 32630.0000
-14040.0000 7098.0000 32617.0000
-14131.0000 7241.0000 32630.0000
-14079.0000 7267.0000 32643.0000
