923.0000 -9737.0000 60359.0000
1040.0000 -9282.0000 60216.0000
1274.0000 -9113.0000 60034.0000
1391.0000 -9048.0000 59839.0000
1612.0000 -8983.0000 59657.0000
1742.0000 -9074.0000 59488.0000
1924.0000 -8554.0000 59371.0000
2093.0000 -8398.0000 59241.0000
2275.0000 -8307.0000 59111.0000
2392.0000 -8229.0000 59098.0000
2613.0000 -8164.0000 58981.0000
2873.0000 -7852.0000 58955.0000
3055.0000 -7631.0000 58890.0000
3185.0000 -7449.0000 58916.0000
3341.0000 -7332.0000 58916.0000
3627.0000 -7137.0000 58916.0000
3770.0000 -6955.0000 58903.0000
3887.0000 -6734.0000 58929.0000
4056.0000 -6604.0000 59007.0000
4264.0000 -6526.0000 59046.0000
4576.0000 -6214.0000 59176.0000
4797.0000 -6123.0000 59254.0000
5018.0000 -5993.0000 59358.0000
5174.0000 -5850.0000 59475.0000
5447.0000 -5642.0000 59566.0000
5694.0000 -5434.0000 59748.0000
5941.0000 -5265.0000 59826.0000
6149.0000 -5187.0000 60047.0000
6422.0000 -5044.0000 60151.0000
6760.0000 -4862.0000 60398.0000
7137.0000 -4576.0000 60541.0000
7397.0000 -4511.0000 60775.0000
7657.0000 -4394.0000 60905.0000
7917.0000 -4407.0000 61100.0000
8268.0000 -4030.0000 61308.0000
8632.0000 -3991.0000 61516.0000
8996.0000 -4004.0000 61724.0000
9282.0000 -3874.0000 61906.0000
9711.0000 -3757.0000 62127.0000
10127.0000 -3614.0000 62361.0000
