35152.0000 40690.0000 28054.0000
35165.0000 40755.0000 28041.0000
35061.0000 40768.0000 27989.0000
35022.0000 40820.0000 28002.0000
34931.0000 40937.0000 27950.0000
34892.0000 41015.0000 27976.0000
34801.0000 41054.0000 27898.0000
34775.0000 41197.0000 27898.0000
34710.0000 41262.0000 27872.0000
34710.0000 41301.0000 27846.0000
34658.0000 41405.0000 27781.0000
34658.0000 41522.0000 27781.0000
34593.0000 41600.0000 27716.0000
34580.0000 41626.0000 27716.0000
34515.0000 41730.0000 27677.0000
34502.0000 41808.0000 27677.0000
34411.0000 41899.0000 27586.0000
34398.0000 41938.0000 27625.0000
34411.0000 42029.0000 27534.0000
34372.0000 42107.0000 27469.0000
34294.0000 42159.0000 27456.0000
34281.0000 42237.0000 27495.0000
34203.0000 42289.0000 27456.0000
34216.0000 42354.0000 27430.0000
34151.0000 42432.0000 27404.0000
34151.0000 42510.0000 27417.0000
34073.0000 42510.0000 27404.0000
34060.0000 42601.0000 27391.0000
33995.0000 42692.0000 27365.0000
33995.0000 42757.0000 27365.0000
33917.0000 42796.0000 27313.0000
33917.0000 42874.0000 27326.0000
33878.0000 42926.0000 27248.0000
33904.0000 43004.0000 27287.0000
33865.0000 43082.0000 27196.0000
33865.0000 43095.0000 27222.0000
33839.0000 43160.0000 27196.0000
33865.0000 43186.0000 27222.0000
33826.0000 43225.0000 27183.0000
33826.0000 43290.0000 27196.0000
