15119.0000 22152.0000 43836.0000
15236.0000 22061.0000 43771.0000
15314.0000 22022.0000 43693.0000
15457.0000 21970.0000 43628.0000
15496.0000 21905.0000 43550.0000
15600.0000 21801.0000 43433.0000
15691.0000 21827.0000 43381.0000
15808.0000 21801.0000 43290.0000
15873.0000 21723.0000 43238.0000
16016.0000 21671.0000 43082.0000
16055.0000 21671.0000 43069.0000
16185.0000 21593.0000 42926.0000
16250.0000 21593.0000 42874.0000
16380.0000 21554.0000 42783.0000
16471.0000 21463.0000 42679.0000
16588.0000 21476.0000 42614.0000
16679.0000 21489.0000 42523.0000
16835.0000 21463.0000 42471.0000
16913.0000 21450.0000 42380.0000
17030.0000 21398.0000 42276.0000
17082.0000 21346.0000 42250.0000
17199.0000 21294.0000 42133.0000
17238.0000 21385.0000 42042.0000
17381.0000 21333.0000 41912.0000
17446.0000 21346.0000 41912.0000
17537.0000 21294.0000 41795.0000
17602.0000 21268.0000 41756.0000
17719.0000 21255.0000 41665.0000
17823.0000 21229.0000 41548.0000
17940.0000 21190.0000 41496.0000
18031.0000 21164.0000 41431.0000
18161.0000 21112.0000 41379.0000
18278.0000 21138.0000 41314.0000
18408.0000 21138.0000 41236.0000
18538.0000 21112.0000 41158.0000
18616.0000 21086.0000 41145.0000
18746.0000 21034.0000 41080.0000
18889.0000 21008.0000 41015.0000
18993.0000 21021.0000 40950.0000
19162.0000 20969.0000 40898.0000
