5512.0000 208.0000 41483.0000
5434.0000 169.0000 41509.0000
5486.0000 143.0000 41457.0000
5408.0000 117.0000 41470.0000
5447.0000 104.0000 41509.0000
5395.0000 169.0000 41496.0000
5408.0000 104.0000 41483.0000
5317.0000 143.0000 41496.0000
5356.0000 143.0000 41496.0000
5291.0000 130.0000 41483.0000
5317.0000 130.0000 41496.0000
5226.0000 143.0000 41509.0000
5252.0000 117.0000 41496.0000
5161.0000 130.0000 41522.0000
5200.0000 143.0000 41457.0000
5109.0000 104.0000 41496.0000
5148.0000 78.0000 41496.0000
5083.0000 78.0000 41496.0000
5096.0000 117.0000 41457.0000
5031.0000 104.0000 41470.0000
5070.0000 104.0000 41483.0000
5018.0000 78.0000 41483.0000
5031.0000 130.0000 41483.0000
4979.0000 130.0000 41457.0000
5018.0000 104.0000 41509.0000
4940.0000 78.0000 41496.0000
4992.0000 91.0000 41496.0000
4927.0000 78.0000 41483.0000
4992.0000 26.0000 41509.0000
4888.0000 0.0000 41496.0000
4927.0000 -26.0000 41470.0000
4875.0000 39.0000 41470.0000
4914.0000 -13.0000 41444.0000
4810.0000 -39.0000 41483.0000
4888.0000 -13.0000 41457.0000
4823.0000 52.0000 41496.0000
4823.0000 0.0000 41444.0000
4693.0000 13.0000 41535.0000
4823.0000 0.0000 41470.0000
4667.0000 0.0000 41496.0000
