-15548.0000 -871.0000 59423.0000
-15184.0000 -884.0000 59423.0000
-14911.0000 -1092.0000 59423.0000
-14612.0000 -1261.0000 59371.0000
-14365.0000 -1326.0000 59345.0000
-14053.0000 -1222.0000 59306.0000
-13728.0000 -1261.0000 59293.0000
-13403.0000 -1261.0000 59241.0000
-13104.0000 -1430.0000 59150.0000
-12831.0000 -1339.0000 59163.0000
-12506.0000 -1248.0000 59137.0000
-12142.0000 -1326.0000 59098.0000
-11830.0000 -1326.0000 59059.0000
-11570.0000 -1183.0000 59007.0000
-11297.0000 -1118.0000 58942.0000
-10933.0000 -1105.0000 58955.0000
-10660.0000 -988.0000 58916.0000
-10322.0000 -936.0000 58877.0000
-10036.0000 -780.0000 58890.0000
-9737.0000 -598.0000 58916.0000
-9386.0000 -377.0000 58942.0000
-9087.0000 -338.0000 58955.0000
-8827.0000 -468.0000 59020.0000
-8554.0000 -260.0000 59059.0000
-8255.0000 104.0000 59163.0000
-7956.0000 416.0000 59280.0000
-7709.0000 598.0000 59410.0000
-7514.0000 637.0000 59566.0000
-7293.0000 754.0000 59761.0000
-6981.0000 1014.0000 59969.0000
-6799.0000 1235.0000 60203.0000
-6643.0000 1378.0000 60437.0000
-6487.0000 1404.0000 60697.0000
-6292.0000 1417.0000 60957.0000
-6097.0000 1703.0000 61204.0000
-5902.0000 1729.0000 61529.0000
-5785.0000 1638.0000 61828.0000
-5681.0000 1560.0000 62205.0000
-5460.0000 1677.0000 62504.0000
-5317.0000 1794.0000 62842.0000
