-9555.0000 -22360.0000 33293.0000
-9698.0000 -22074.0000 33319.0000
-9867.0000 -21801.0000 33280.0000
-10049.0000 -21528.0000 33306.0000
-10205.0000 -21398.0000 33241.0000
-10426.0000 -21294.0000 33202.0000
-10543.0000 -21073.0000 33228.0000
-10738.0000 -20813.0000 33241.0000
-10894.0000 -20631.0000 33215.0000
-11089.0000 -20371.0000 33215.0000
-11245.0000 -20189.0000 33163.0000
-11466.0000 -20033.0000 33189.0000
-11609.0000 -19734.0000 33215.0000
-11778.0000 -19513.0000 33254.0000
-11947.0000 -19292.0000 33306.0000
-12194.0000 -19071.0000 33332.0000
-12376.0000 -18850.0000 33371.0000
-12662.0000 -18681.0000 33410.0000
-12844.0000 -18473.0000 33449.0000
-13026.0000 -18239.0000 33488.0000
-13260.0000 -18083.0000 33540.0000
-13520.0000 -17849.0000 33514.0000
-13741.0000 -17654.0000 33618.0000
-13962.0000 -17446.0000 33579.0000
-14222.0000 -17303.0000 33579.0000
-14482.0000 -16991.0000 33670.0000
-14742.0000 -16809.0000 33644.0000
-15054.0000 -16640.0000 33709.0000
-15275.0000 -16367.0000 33709.0000
-15561.0000 -16185.0000 33774.0000
-15769.0000 -15990.0000 33761.0000
-16055.0000 -15730.0000 33839.0000
-16237.0000 -15470.0000 33813.0000
-16562.0000 -15288.0000 33800.0000
-16809.0000 -15015.0000 33826.0000
-17056.0000 -14846.0000 33839.0000
-17199.0000 -14651.0000 33826.0000
-17537.0000 -14417.0000 33839.0000
-17797.0000 -14222.0000 33826.0000
-18070.0000 -13962.0000 33813.0000
