35113.0000 37960.0000 40989.0000
35022.0000 37960.0000 40950.0000
35178.0000 37882.0000 40976.0000
35100.0000 37921.0000 40924.0000
35230.0000 37856.0000 40989.0000
35178.0000 37869.0000 40950.0000
35295.0000 37843.0000 41015.0000
35217.0000 37869.0000 40989.0000
35347.0000 37804.0000 41080.0000
35243.0000 37804.0000 41041.0000
35373.0000 37791.0000 41106.0000
35243.0000 37817.0000 41093.0000
35360.0000 37778.0000 41132.0000
35243.0000 37791.0000 41106.0000
35373.0000 37739.0000 41197.0000
35243.0000 37804.0000 41132.0000
35399.0000 37791.0000 41236.0000
35269.0000 37856.0000 41197.0000
35360.0000 37817.0000 41262.0000
35256.0000 37856.0000 41223.0000
35373.0000 37843.0000 41301.0000
35269.0000 37856.0000 41262.0000
35347.0000 37843.0000 41392.0000
35282.0000 37908.0000 41288.0000
35347.0000 37869.0000 41353.0000
35230.0000 37908.0000 41314.0000
35347.0000 37869.0000 41392.0000
35243.0000 37921.0000 41327.0000
35360.0000 37869.0000 41392.0000
35256.0000 37921.0000 41327.0000
35347.0000 37882.0000 41418.0000
35308.0000 37908.0000 41327.0000
35373.0000 37882.0000 41392.0000
35321.0000 37882.0000 41314.0000
35451.0000 37856.0000 41392.0000
35321.0000 37843.0000 41340.0000
35464.0000 37817.0000 41379.0000
35373.0000 37817.0000 41314.0000
35529.0000 37791.0000 41418.0000
35399.0000 37765.0000 41288.0000
