11804.0000 24804.0000 32279.0000
11791.0000 24817.0000 32214.0000
11986.0000 24882.0000 32162.0000
12025.0000 24869.0000 32097.0000
12168.0000 24973.0000 32045.0000
12181.0000 25012.0000 31980.0000
12350.0000 24973.0000 31967.0000
12376.0000 25012.0000 31863.0000
12545.0000 25090.0000 31837.0000
12571.0000 25155.0000 31785.0000
12714.0000 25116.0000 31785.0000
12688.0000 25129.0000 31759.0000
12844.0000 25129.0000 31681.0000
12883.0000 25233.0000 31616.0000
12961.0000 25259.0000 31577.0000
13000.0000 25233.0000 31551.0000
13091.0000 25272.0000 31525.0000
13104.0000 25272.0000 31408.0000
13273.0000 25389.0000 31421.0000
13273.0000 25441.0000 31330.0000
13390.0000 25415.0000 31317.0000
13377.0000 25415.0000 31252.0000
13533.0000 25415.0000 31213.0000
13559.0000 25545.0000 31148.0000
13689.0000 25584.0000 31096.0000
13754.0000 25597.0000 31057.0000
13884.0000 25597.0000 31018.0000
13962.0000 25623.0000 30979.0000
14144.0000 25649.0000 30966.0000
14196.0000 25766.0000 30875.0000
14365.0000 25727.0000 30862.0000
14404.0000 25740.0000 30797.0000
14560.0000 25740.0000 30823.0000
14703.0000 25818.0000 30719.0000
14794.0000 25896.0000 30706.0000
14833.0000 25909.0000 30654.0000
15002.0000 25883.0000 30615.0000
15067.0000 25974.0000 30576.0000
15223.0000 25935.0000 30550.0000
15288.0000 26065.0000 30459.0000
