9880.0000 3692.0000 45695.0000
9906.0000 3653.0000 45734.0000
9867.0000 3679.0000 45682.0000
9880.0000 3666.0000 45721.0000
9867.0000 3666.0000 45695.0000
9893.0000 3692.0000 45721.0000
9880.0000 3692.0000 45682.0000
9867.0000 3679.0000 45734.0000
9854.0000 3705.0000 45695.0000
9867.0000 3666.0000 45721.0000
9867.0000 3666.0000 45695.0000
9880.0000 3666.0000 45708.0000
9867.0000 3666.0000 45721.0000
9945.0000 3692.0000 45708.0000
9867.0000 3679.0000 45695.0000
9893.0000 3666.0000 45708.0000
9854.0000 3666.0000 45682.0000
9893.0000 3692.0000 45721.0000
9867.0000 3692.0000 45708.0000
9893.0000 3640.0000 45721.0000
9867.0000 3666.0000 45695.0000
9893.0000 3692.0000 45708.0000
9854.0000 3679.0000 45669.0000
9880.0000 3679.0000 45708.0000
9867.0000 3692.0000 45682.0000
9880.0000 3666.0000 45721.0000
9880.0000 3653.0000 45708.0000
9893.0000 3679.0000 45734.0000
9880.0000 3692.0000 45708.0000
9893.0000 3692.0000 45708.0000
9880.0000 3692.0000 45695.0000
9893.0000 3692.0000 45721.0000
9880.0000 3692.0000 45708.0000
9893.0000 3679.0000 45734.0000
9880.0000 3666.0000 45708.0000
9880.0000 3666.0000 45708.0000
9880.0000 3705.0000 45708.0000
9906.0000 3679.0000 45734.0000
9880.0000 3679.0000 45708.0000
9893.0000 3692.0000 45721.0000
