-6578.0000 -4706.0000 25766.0000
-6656.0000 -4355.0000 25649.0000
-6669.0000 -4108.0000 25675.0000
-6786.0000 -3848.0000 25610.0000
-6773.0000 -3484.0000 25584.0000
-6877.0000 -3120.0000 25558.0000
-6916.0000 -2899.0000 25675.0000
-6981.0000 -2626.0000 25688.0000
-6968.0000 -2405.0000 25792.0000
-7072.0000 -1976.0000 25766.0000
-7059.0000 -1716.0000 25857.0000
-7150.0000 -1443.0000 25948.0000
-7111.0000 -1235.0000 26065.0000
-7176.0000 -923.0000 26091.0000
-7176.0000 -585.0000 26286.0000
-7254.0000 -247.0000 26429.0000
-7202.0000 -169.0000 26663.0000
-7215.0000 39.0000 26832.0000
-7215.0000 286.0000 27014.0000
-7358.0000 676.0000 27196.0000
-7319.0000 806.0000 27391.0000
-7384.0000 1040.0000 27573.0000
-7384.0000 1196.0000 27872.0000
-7436.0000 1482.0000 28015.0000
-7462.0000 1547.0000 28314.0000
-7540.0000 1690.0000 28457.0000
-7475.0000 1807.0000 28756.0000
-7605.0000 1989.0000 28964.0000
-7527.0000 2002.0000 29146.0000
-7605.0000 2275.0000 29380.0000
-7488.0000 2223.0000 29575.0000
-7579.0000 2418.0000 29783.0000
-7540.0000 2431.0000 29978.0000
-7644.0000 2587.0000 30186.0000
-7540.0000 2509.0000 30407.0000
-7618.0000 2678.0000 30628.0000
-7553.0000 2626.0000 30797.0000
-7696.0000 2717.0000 30953.0000
-7592.0000 2704.0000 31109.0000
-7709.0000 2899.0000 31278.0000
