-8398.0000 3237.0000 37141.0000
-8476.0000 3081.0000 37440.0000
-8489.0000 3237.0000 37258.0000
-8528.0000 3120.0000 37557.0000
-8489.0000 3250.0000 37427.0000
-8645.0000 3107.0000 37648.0000
-8554.0000 3172.0000 37531.0000
-8671.0000 3042.0000 37752.0000
-8554.0000 3224.0000 37687.0000
-8723.0000 3198.0000 37856.0000
-8632.0000 3172.0000 37804.0000
-8788.0000 3055.0000 37908.0000
-8632.0000 3120.0000 37908.0000
-8853.0000 3172.0000 37973.0000
-8749.0000 3146.0000 37960.0000
-8970.0000 3042.0000 38025.0000
-8840.0000 3003.0000 38077.0000
-9009.0000 3094.0000 38129.0000
-8892.0000 3068.0000 38155.0000
-9100.0000 3081.0000 38181.0000
-9035.0000 2990.0000 38272.0000
-9256.0000 3081.0000 38272.0000
-9139.0000 3042.0000 38324.0000
-9360.0000 3042.0000 38311.0000
-9217.0000 2938.0000 38441.0000
-9412.0000 3016.0000 38402.0000
-9295.0000 2964.0000 38493.0000
-9529.0000 3042.0000 38454.0000
-9425.0000 2873.0000 38584.0000
-9633.0000 3016.0000 38532.0000
-9503.0000 2925.0000 38649.0000
-9750.0000 3042.0000 38584.0000
-9659.0000 2886.0000 38753.0000
-9854.0000 3042.0000 38662.0000
-9776.0000 2873.0000 38779.0000
-9971.0000 3055.0000 38779.0000
-9906.0000 2925.0000 38909.0000
-10075.0000 3029.0000 38870.0000
-9958.0000 2912.0000 38961.0000
-10179.0000 3029.0000 38948.0000
