27976.0000 12363.0000 41028.0000
28002.0000 12610.0000 40924.0000
27989.0000 12688.0000 40794.0000
28002.0000 12883.0000 40703.0000
28054.0000 13091.0000 40586.0000
28054.0000 13247.0000 40495.0000
28054.0000 13338.0000 40352.0000
28093.0000 13611.0000 40261.0000
28119.0000 13702.0000 40118.0000
28132.0000 13858.0000 39988.0000
28158.0000 14027.0000 39884.0000
28210.0000 14222.0000 39793.0000
28197.0000 14274.0000 39624.0000
28197.0000 14469.0000 39520.0000
28262.0000 14612.0000 39351.0000
28223.0000 14768.0000 39208.0000
28288.0000 14937.0000 39065.0000
28327.0000 15184.0000 38896.0000
28301.0000 15249.0000 38779.0000
28392.0000 15392.0000 38584.0000
28405.0000 15535.0000 38389.0000
28405.0000 15691.0000 38233.0000
28444.0000 15782.0000 38051.0000
28470.0000 15990.0000 37895.0000
28509.0000 16120.0000 37726.0000
28548.0000 16250.0000 37557.0000
28613.0000 16419.0000 37362.0000
28704.0000 16562.0000 37180.0000
28756.0000 16666.0000 37063.0000
28847.0000 16874.0000 36881.0000
28873.0000 16952.0000 36699.0000
28925.0000 17056.0000 36543.0000
29016.0000 17251.0000 36335.0000
29081.0000 17433.0000 36166.0000
29146.0000 17550.0000 35997.0000
29224.0000 17771.0000 35815.0000
29302.0000 17966.0000 35672.0000
29406.0000 18057.0000 35464.0000
29484.0000 18213.0000 35295.0000
29601.0000 18421.0000 35152.0000
