-11427.0000 -9919.0000 45643.0000
-11505.0000 -10439.0000 45656.0000
-11609.0000 -10270.0000 45955.0000
-11596.0000 -10855.0000 46020.0000
-11687.0000 -10764.0000 46202.0000
-11674.0000 -11609.0000 46215.0000
-11843.0000 -11336.0000 46410.0000
-11778.0000 -11882.0000 46462.0000
-11973.0000 -12272.0000 46449.0000
-11908.0000 -12610.0000 46592.0000
-11934.0000 -12870.0000 46592.0000
-11882.0000 -12948.0000 46644.0000
-11973.0000 -13650.0000 46618.0000
-11908.0000 -13559.0000 46618.0000
-12038.0000 -13975.0000 46670.0000
-11999.0000 -14339.0000 46592.0000
-12064.0000 -14833.0000 46540.0000
-12051.0000 -14885.0000 46475.0000
-12103.0000 -15171.0000 46436.0000
-12155.0000 -15509.0000 46280.0000
-12220.0000 -15821.0000 46254.0000
-12233.0000 -15899.0000 46189.0000
-12311.0000 -16107.0000 46163.0000
-12324.0000 -16393.0000 46007.0000
-12415.0000 -16523.0000 45968.0000
-12363.0000 -16913.0000 45812.0000
-12402.0000 -17043.0000 45786.0000
-12506.0000 -17290.0000 45669.0000
-12649.0000 -17264.0000 45721.0000
-12636.0000 -17615.0000 45539.0000
-12727.0000 -17771.0000 45526.0000
-12805.0000 -18122.0000 45357.0000
-12857.0000 -18096.0000 45396.0000
-12883.0000 -18486.0000 45292.0000
-12948.0000 -18395.0000 45331.0000
-12974.0000 -18850.0000 45162.0000
-13065.0000 -18902.0000 45175.0000
-13013.0000 -19305.0000 45097.0000
-13039.0000 -19487.0000 45058.0000
-13052.0000 -19799.0000 44954.0000
