13754.0000 21177.0000 52403.0000
13728.0000 21190.0000 51883.0000
13741.0000 21190.0000 51402.0000
13715.0000 21177.0000 50921.0000
13637.0000 21190.0000 50414.0000
13611.0000 21164.0000 49959.0000
13572.0000 21151.0000 49465.0000
13520.0000 21203.0000 48971.0000
13468.0000 21255.0000 48529.0000
13390.0000 21255.0000 48074.0000
13299.0000 21229.0000 47593.0000
13260.0000 21294.0000 47138.0000
13182.0000 21346.0000 46683.0000
13117.0000 21489.0000 46254.0000
12987.0000 21463.0000 45812.0000
12883.0000 21515.0000 45409.0000
12740.0000 21554.0000 45006.0000
12740.0000 21645.0000 44551.0000
12662.0000 21697.0000 44148.0000
12610.0000 21840.0000 43732.0000
12454.0000 21905.0000 43394.0000
12350.0000 21996.0000 43017.0000
12233.0000 22048.0000 42679.0000
12233.0000 22204.0000 42263.0000
12129.0000 22347.0000 41860.0000
12038.0000 22542.0000 41496.0000
11934.0000 22620.0000 41171.0000
11843.0000 22698.0000 40872.0000
11739.0000 22867.0000 40560.0000
11700.0000 23010.0000 40248.0000
11609.0000 23140.0000 39910.0000
11544.0000 23283.0000 39624.0000
11479.0000 23478.0000 39299.0000
11375.0000 23660.0000 39000.0000
11284.0000 23764.0000 38727.0000
11245.0000 23959.0000 38454.0000
11167.0000 24141.0000 38142.0000
11128.0000 24310.0000 37804.0000
11050.0000 24479.0000 37492.0000
11024.0000 24713.0000 37206.0000
