41184.0000 26793.0000 30069.0000
41197.0000 26793.0000 30082.0000
41210.0000 26728.0000 30108.0000
41210.0000 26702.0000 30108.0000
41223.0000 26663.0000 30134.0000
41210.0000 26650.0000 30134.0000
41236.0000 26598.0000 30173.0000
41223.0000 26585.0000 30147.0000
41249.0000 26559.0000 30173.0000
41288.0000 26507.0000 30186.0000
41301.0000 26442.0000 30212.0000
41314.0000 26455.0000 30199.0000
41340.0000 26377.0000 30277.0000
41431.0000 26338.0000 30264.0000
41405.0000 26221.0000 30251.0000
41405.0000 26182.0000 30277.0000
41470.0000 26104.0000 30290.0000
41483.0000 26039.0000 30290.0000
41548.0000 25974.0000 30355.0000
41600.0000 25896.0000 30368.0000
41678.0000 25805.0000 30420.0000
41704.0000 25714.0000 30420.0000
41756.0000 25610.0000 30446.0000
41808.0000 25519.0000 30459.0000
41873.0000 25428.0000 30511.0000
41899.0000 25350.0000 30498.0000
41925.0000 25259.0000 30537.0000
41977.0000 25194.0000 30550.0000
42016.0000 25142.0000 30563.0000
42055.0000 25090.0000 30576.0000
42107.0000 24999.0000 30615.0000
42146.0000 24934.0000 30628.0000
42172.0000 24869.0000 30641.0000
42211.0000 24830.0000 30615.0000
42250.0000 24713.0000 30667.0000
42276.0000 24674.0000 30654.0000
42328.0000 24609.0000 30693.0000
42367.0000 24544.0000 30680.0000
42406.0000 24414.0000 30719.0000
42432.0000 24362.0000 30732.0000
