650.0000 4888.0000 41353.0000
611.0000 4875.0000 41353.0000
676.0000 4966.0000 41392.0000
702.0000 4992.0000 41353.0000
702.0000 4927.0000 41340.0000
702.0000 5005.0000 41301.0000
754.0000 5018.0000 41275.0000
702.0000 5057.0000 41301.0000
780.0000 5109.0000 41236.0000
780.0000 5135.0000 41262.0000
832.0000 5200.0000 41249.0000
832.0000 5265.0000 41262.0000
871.0000 5278.0000 41275.0000
832.0000 5343.0000 41236.0000
884.0000 5395.0000 41249.0000
819.0000 5434.0000 41210.0000
884.0000 5499.0000 41184.0000
832.0000 5525.0000 41184.0000
871.0000 5577.0000 41184.0000
871.0000 5616.0000 41197.0000
858.0000 5577.0000 41184.0000
832.0000 5642.0000 41171.0000
884.0000 5616.0000 41171.0000
832.0000 5707.0000 41171.0000
910.0000 5707.0000 41158.0000
845.0000 5811.0000 41158.0000
910.0000 5824.0000 41158.0000
845.0000 5876.0000 41171.0000
897.0000 5902.0000 41145.0000
884.0000 5980.0000 41158.0000
910.0000 6006.0000 41119.0000
858.0000 6084.0000 41106.0000
910.0000 6136.0000 41093.0000
858.0000 6162.0000 41093.0000
897.0000 6227.0000 41080.0000
884.0000 6240.0000 41119.0000
910.0000 6292.0000 41067.0000
871.0000 6266.0000 41119.0000
923.0000 6318.0000 41067.0000
832.0000 6383.0000 41067.0000
