75387.0000 56303.0000 23907.0000
70642.0000 58968.0000 25948.0000
65585.0000 60294.0000 28041.0000
61022.0000 60528.0000 30134.0000
56745.0000 60073.0000 32006.0000
53196.0000 59267.0000 33475.0000
50076.0000 58019.0000 34970.0000
47528.0000 56719.0000 36036.0000
45240.0000 55250.0000 37050.0000
43446.0000 53872.0000 37752.0000
41886.0000 52663.0000 38259.0000
40664.0000 51493.0000 38649.0000
39533.0000 50453.0000 38935.0000
38649.0000 49361.0000 39182.0000
37843.0000 48464.0000 39338.0000
37271.0000 47580.0000 39442.0000
36660.0000 46956.0000 39468.0000
36257.0000 46319.0000 39494.0000
35776.0000 45825.0000 39468.0000
35490.0000 45266.0000 39572.0000
35100.0000 44980.0000 39481.0000
34918.0000 44668.0000 39533.0000
34619.0000 44538.0000 39429.0000
34476.0000 44408.0000 39494.0000
34216.0000 44252.0000 39455.0000
34138.0000 44187.0000 39585.0000
33943.0000 44226.0000 39520.0000
33800.0000 44239.0000 39624.0000
33605.0000 44239.0000 39650.0000
33540.0000 44356.0000 39780.0000
33371.0000 44551.0000 39754.0000
33293.0000 44668.0000 39988.0000
33150.0000 44707.0000 40066.0000
33085.0000 44798.0000 40391.0000
33020.0000 44954.0000 40378.0000
32916.0000 45123.0000 40586.0000
32786.0000 45227.0000 40677.0000
32708.0000 45370.0000 40950.0000
32578.0000 45448.0000 41093.0000
32552.0000 45513.0000 41379.0000
