0.0000 1.0000 0.0000
0.0000 0.9509 0.0411
0.0000 0.9358 0.0959
0.1111 0.8943 0.1918
0.1852 0.8717 0.1781
0.1481 0.8264 0.2877
0.2222 0.8302 0.3014
0.2222 0.7849 0.3562
0.2593 0.7849 0.4247
0.3704 0.7434 0.4521
0.2963 0.7283 0.4932
0.4815 0.7019 0.5342
0.4815 0.6906 0.5342
0.4815 0.6415 0.5753
0.5185 0.6377 0.6301
0.6296 0.6038 0.6438
0.6296 0.5887 0.6849
0.7407 0.5660 0.7123
0.8148 0.5509 0.7808
0.8889 0.5094 0.7671
0.8519 0.5094 0.8082
0.9259 0.4340 0.8082
0.8148 0.4302 0.8356
0.9630 0.3774 0.8630
0.9259 0.3660 0.9315
1.0000 0.3472 0.9315
0.9259 0.3208 0.9315
0.9259 0.2830 0.9315
0.8889 0.2868 0.9589
0.8148 0.2226 0.9178
0.7778 0.2377 0.9589
0.7778 0.2000 0.9452
0.6667 0.2000 0.9726
0.8148 0.1736 0.9452
0.7407 0.1623 0.9589
0.8148 0.1245 0.9726
0.7778 0.1170 0.9726
0.6296 0.0717 0.9726
0.6296 0.0679 0.9863
0.5185 0.0000 1.0000
