-0.0000 0.9430 0.0000
0.0471 0.9644 0.0063
0.0706 0.9857 0.0281
0.1000 1.0000 0.0437
0.1294 0.9501 0.0719
0.1765 0.9359 0.0750
0.2235 0.9549 0.0969
0.2647 0.9691 0.1031
0.2706 0.9881 0.1219
0.3235 0.9525 0.1469
0.3706 0.9097 0.1750
0.4294 0.9145 0.1812
0.4588 0.9169 0.2219
0.4765 0.9501 0.2500
0.5118 0.9192 0.2844
0.5941 0.8385 0.3219
0.6176 0.8195 0.3500
0.6529 0.8124 0.3906
0.6235 0.8480 0.4188
0.6588 0.8195 0.4719
0.7118 0.7553 0.5062
0.7647 0.7411 0.5406
0.7765 0.7387 0.5906
0.7882 0.7506 0.6219
0.8118 0.7387 0.6750
0.8412 0.6485 0.7094
0.8765 0.6200 0.7531
0.8941 0.6105 0.7750
0.8941 0.6176 0.8063
0.9118 0.5748 0.8375
0.9176 0.5059 0.8781
0.9706 0.4632 0.9000
1.0000 0.4299 0.9281
0.9882 0.3848 0.9437
0.9824 0.3302 0.9656
0.9824 0.2565 0.9875
0.9824 0.1829 1.0000
0.9647 0.1140 1.0000
0.9176 0.0618 0.9938
0.9000 -0.0000 0.9844
