0.1760 -0.0000 1.0000
0.0880 0.1839 0.9679
0.0880 0.3218 0.9359
0.0320 0.4483 0.9071
0.0640 0.5172 0.8718
0.0160 0.6207 0.8397
0.0480 0.7356 0.8141
-0.0000 0.8046 0.7788
0.0480 0.8506 0.7500
0.0240 0.9540 0.7244
0.0800 0.9540 0.6955
0.0560 0.9885 0.6667
0.1120 0.9770 0.6442
0.1200 0.9885 0.6090
0.1680 1.0000 0.5929
0.1760 1.0000 0.5545
0.2640 0.9885 0.5353
0.2400 0.9770 0.5160
0.3440 0.9425 0.4808
0.3440 0.8966 0.4615
0.4400 0.8276 0.4327
0.4480 0.7816 0.4135
0.5440 0.7241 0.3942
0.5520 0.7126 0.3622
0.6560 0.6207 0.3301
0.6320 0.6552 0.3077
0.7200 0.6437 0.2821
0.6960 0.6322 0.2564
0.7840 0.5747 0.2372
0.7600 0.5747 0.2115
0.8320 0.4943 0.1859
0.8080 0.5402 0.1603
0.8800 0.5632 0.1378
0.8480 0.5057 0.1058
0.9120 0.5632 0.0833
0.8960 0.5402 0.0609
0.9680 0.4598 0.0481
0.9440 0.4713 0.0288
1.0000 0.3793 0.0096
0.9600 0.3563 0.0000
