0.2222 0.1429 0.8261
0.3333 0.0000 0.0000
0.4444 0.1429 0.8696
0.3333 0.2857 0.2174
0.2222 0.4286 0.8696
0.3333 0.8571 0.1739
0.3333 0.7143 0.9130
0.3333 0.5714 0.2609
0.4444 0.4286 1.0000
0.4444 0.7143 0.2609
0.4444 1.0000 0.9565
0.2222 0.4286 0.2609
0.4444 0.7143 0.9130
0.3333 0.5714 0.2174
0.4444 0.2857 0.8696
0.2222 0.2857 0.2174
0.4444 0.5714 0.9565
0.2222 0.4286 0.2174
0.4444 0.7143 0.8261
0.3333 0.1429 0.1739
0.5556 0.1429 0.8261
0.2222 0.0000 0.0870
0.5556 0.1429 0.7826
0.2222 0.1429 0.1304
0.5556 0.4286 0.8261
0.2222 0.1429 0.1304
0.6667 0.2857 0.7826
0.4444 0.2857 0.0435
0.6667 0.2857 0.9565
-0.0000 0.1429 0.1739
0.7778 0.5714 0.7826
0.4444 0.0000 0.2609
0.6667 0.7143 0.8696
0.3333 0.2857 0.2609
0.7778 0.5714 0.8261
0.4444 0.1429 0.1739
1.0000 0.5714 0.7391
0.2222 0.2857 0.1304
0.8889 0.7143 0.6957
0.1111 0.0000 0.1739
