0.0000 0.0000 1.0000
0.0204 0.1011 0.8333
0.0422 0.1685 0.7778
0.0653 0.2584 0.6389
0.0871 0.3258 0.6111
0.1102 0.3933 0.5556
0.1320 0.4382 0.5556
0.1537 0.4719 0.5000
0.1769 0.5281 0.3889
0.2027 0.5843 0.3333
0.2259 0.6517 0.3056
0.2490 0.6629 0.3056
0.2735 0.6966 0.3333
0.2980 0.7303 0.2778
0.3224 0.7753 0.3056
0.3456 0.8090 0.1667
0.3728 0.8202 0.1944
0.3986 0.8539 0.1389
0.4272 0.8989 0.3056
0.4571 0.8989 0.0278
0.4789 0.9663 0.0556
0.5020 0.9888 0.0000
0.5293 0.9888 0.0000
0.5551 1.0000 0.0000
0.5796 0.9775 0.0833
0.6095 0.9663 0.1111
0.6381 1.0000 0.1111
0.6653 0.9888 0.1389
0.6966 1.0000 0.2222
0.7197 0.9551 0.2500
0.7497 0.9438 0.3611
0.7782 0.9326 0.3056
0.8082 0.9663 0.3056
0.8354 0.9101 0.2778
0.8667 0.9326 0.3056
0.8898 0.9101 0.3056
0.9197 0.8652 0.4444
0.9442 0.8539 0.3611
0.9769 0.8202 0.4167
1.0000 0.8090 0.2778
