0.0000 0.0000 0.4726
0.1218 0.0671 0.3567
0.1923 0.1138 0.2683
0.2436 0.1725 0.2134
0.2885 0.2263 0.1372
0.3269 0.2850 0.0793
0.3654 0.3329 0.0396
0.3782 0.3844 0.0244
0.3782 0.4347 0.0091
0.4295 0.4934 0.0000
0.4295 0.5365 0.0152
0.4487 0.5832 0.0488
0.4359 0.6240 0.0518
0.4551 0.6647 0.0793
0.4423 0.7030 0.1250
0.4679 0.7317 0.1677
0.4487 0.7701 0.1982
0.4679 0.7988 0.2561
0.4744 0.8263 0.3110
0.4808 0.8371 0.3811
0.4679 0.8575 0.4268
0.4615 0.8778 0.4604
0.4551 0.9006 0.5183
0.4487 0.9066 0.5640
0.4615 0.9198 0.6189
0.4615 0.9281 0.6585
0.4936 0.9413 0.7073
0.4808 0.9437 0.7409
0.4936 0.9461 0.7713
0.5256 0.9509 0.7957
0.5449 0.9473 0.8384
0.5769 0.9569 0.8384
0.5833 0.9593 0.8689
0.6667 0.9665 0.8902
0.6731 0.9569 0.9299
0.7308 0.9737 0.9207
0.7821 0.9713 0.9451
0.8397 0.9832 0.9573
0.8910 0.9856 0.9817
1.0000 1.0000 1.0000
