0.9907 33.4674 -0.0044
1.0000 29.2058 -0.0315
0.9804 23.9588 -0.0354
0.9224 17.9157 0.0000
0.8230 11.6702 0.0744
0.6890 5.9990 0.1932
0.5271 1.7831 0.3441
0.3587 -0.0000 0.5188
0.2103 1.0000 0.6863
0.0986 4.2631 0.8249
0.0296 8.8574 0.9242
0.0000 14.0979 0.9806
0.0068 19.3971 1.0000
0.0341 23.9654 0.9884
0.0778 27.6396 0.9589
0.1255 30.3609 0.9188
0.1727 32.4167 0.8763
0.2139 33.6958 0.8338
0.2503 34.5703 0.7950
0.2816 35.0402 0.7584
0.3085 35.3469 0.7259
0.3303 35.4383 0.6972
0.3491 35.4121 0.6721
0.3655 35.2751 0.6498
0.3785 35.0989 0.6322
0.3893 34.8183 0.6157
0.3988 34.5115 0.6016
0.4089 34.1918 0.5898
0.4147 33.9503 0.5809
0.4207 33.5914 0.5719
0.4252 33.2912 0.5639
0.4300 32.9257 0.5578
0.4327 32.6712 0.5531
0.4347 32.3514 0.5502
0.4365 32.0577 0.5462
0.4380 31.7380 0.5431
0.4395 31.4769 0.5410
0.4400 31.1963 0.5402
0.4400 30.9222 0.5394
0.4420 30.6024 0.5389
