0.0983 -2.9512 0.4011
0.0746 -2.8902 0.3418
0.0576 -2.7805 0.2797
0.0441 -2.6829 0.2345
0.0305 -2.5976 0.1836
-0.0000 -2.4939 0.1356
0.0102 -2.3780 0.0960
0.0068 -2.2012 0.0537
0.0237 -1.9756 0.0367
0.0203 -1.8354 0.0113
0.0373 -1.6829 0.0198
0.0508 -1.5061 0.0000
0.0780 -1.3110 0.0056
0.0780 -1.0915 0.0141
0.1017 -0.9085 0.0339
0.1119 -0.7622 0.0593
0.1593 -0.6159 0.0791
0.1661 -0.4756 0.1073
0.2102 -0.2805 0.1412
0.2271 -0.0854 0.1723
0.2644 0.0000 0.2175
0.2814 0.1463 0.2373
0.3322 0.2561 0.2881
0.3424 0.4146 0.3220
0.3695 0.5427 0.3644
0.4136 0.6402 0.4011
0.4644 0.7988 0.4294
0.4881 0.8659 0.4633
0.5458 1.0000 0.5169
0.5593 1.1220 0.5424
0.6237 1.2195 0.5847
0.6508 1.3598 0.6243
0.7153 1.4146 0.6638
0.7492 1.5549 0.7147
0.7864 1.6524 0.7599
0.8237 1.7378 0.7994
0.8881 1.8476 0.8446
0.9390 1.9390 0.8898
0.9797 2.0793 0.9548
1.0000 2.1768 1.0000
