1.0000 0.9643 0.6800
0.9492 1.0000 0.6900
0.9056 0.9949 0.7000
0.8717 0.9694 0.7700
0.8184 0.9184 0.8400
0.7676 0.9133 0.8700
0.7288 0.9337 0.8500
0.6901 0.9133 0.8600
0.6586 0.8622 0.9700
0.6223 0.8520 0.9500
0.5763 0.7959 1.0000
0.5521 0.8316 0.9500
0.5157 0.7908 0.9600
0.4770 0.7704 0.9600
0.4407 0.6684 0.9700
0.4068 0.6582 0.9700
0.3801 0.6531 0.8900
0.3608 0.6582 0.8800
0.3220 0.6122 0.8700
0.2978 0.5714 0.8600
0.2712 0.5561 0.8600
0.2518 0.5408 0.7700
0.2228 0.5051 0.7600
0.2058 0.4643 0.7500
0.1864 0.4286 0.7100
0.1743 0.3878 0.6800
0.1501 0.3571 0.6200
0.1283 0.3673 0.5900
0.1090 0.3163 0.4900
0.0969 0.2959 0.4800
0.0823 0.2551 0.4200
0.0630 0.2398 0.3700
0.0460 0.2347 0.2800
0.0557 0.2449 0.2100
0.0436 0.1276 0.2400
0.0315 0.1122 0.1900
0.0121 0.0816 0.1500
0.0097 0.0510 0.1100
0.0000 0.0255 0.0400
0.0000 0.0000 0.0000
