0.0698 0.1042 0.3333
-0.0000 0.0417 0.0000
0.0465 0.0833 0.3333
-0.0000 0.0417 0.1111
0.0930 0.0833 0.2222
0.0233 0.0833 0.2222
0.1163 0.0625 0.3333
0.0698 0.0417 0.2222
0.1163 0.0625 0.1667
0.1163 0.0000 0.2222
0.1628 0.0625 0.1667
0.0930 0.0208 0.1111
0.1395 0.1250 0.2778
0.0698 0.0833 0.0556
0.1395 0.1458 0.3333
0.1395 0.0833 0.2222
0.2326 0.1250 0.3333
0.2093 0.0417 0.0000
0.2093 0.0625 0.3333
0.2093 0.1458 0.1667
0.2791 0.1875 0.4444
0.2558 0.1667 0.3333
0.3721 0.1458 0.3889
0.3023 0.1250 0.3889
0.4186 0.2708 0.5000
0.3721 0.2292 0.6111
0.4419 0.2500 0.5556
0.4186 0.2083 0.6667
0.5116 0.3125 1.0000
0.4186 0.3542 0.7222
0.6047 0.3750 0.8333
0.5814 0.4167 0.6111
0.6512 0.5000 0.7778
0.6047 0.5625 0.6667
0.7442 0.7500 0.8889
0.7442 0.7292 0.7222
0.8605 0.7917 0.8333
0.8605 0.8542 0.7778
1.0000 0.8750 0.8333
0.9302 1.0000 0.8333
