1.0000 2.3416 1.0000
0.9091 2.3540 0.9456
0.9773 2.2981 0.9427
0.9091 2.2919 0.8911
0.9318 2.2174 0.8825
0.8409 2.1863 0.8367
0.8636 2.1429 0.8223
0.7500 2.1304 0.7650
0.7500 2.0559 0.7507
0.7045 2.0248 0.7077
0.7727 1.9503 0.6819
0.6818 1.9193 0.6390
0.7045 1.8509 0.6160
0.6136 1.8075 0.5702
0.6364 1.7391 0.5444
0.5455 1.6770 0.4957
0.5909 1.6087 0.4785
0.5227 1.5280 0.4327
0.4773 1.4534 0.4183
0.4773 1.3727 0.3696
0.4545 1.2795 0.3582
0.4091 1.1925 0.3181
0.3864 1.0932 0.2980
0.3636 1.0000 0.2636
0.3636 0.8696 0.2407
0.2955 0.8012 0.2006
0.2500 0.6770 0.1805
0.1591 0.5901 0.1547
0.1136 0.4472 0.1404
0.1591 0.3789 0.1117
0.1818 0.2422 0.0946
0.1364 0.1304 0.0688
0.1136 0.0000 0.0516
0.1136 -0.1180 0.0372
0.1364 -0.2360 0.0372
0.1364 -0.3540 0.0287
0.0909 -0.4845 0.0315
0.0909 -0.6211 0.0143
-0.0000 -0.7019 0.0172
0.0227 -0.8447 0.0000
