1.0000 0.9758 1.0000
0.9091 1.0000 0.9606
1.0000 0.9807 0.9631
0.8409 0.9662 0.9261
0.8864 0.9420 0.9236
0.8182 0.9662 0.8818
0.8864 0.9517 0.8818
0.7727 0.9614 0.8448
0.8409 0.9130 0.8350
0.7273 0.9324 0.8005
0.8182 0.8744 0.7931
0.6818 0.9082 0.7562
0.7727 0.8744 0.7414
0.6364 0.8841 0.7020
0.6818 0.8551 0.6946
0.6136 0.8599 0.6502
0.6364 0.8309 0.6478
0.4773 0.8164 0.6059
0.5455 0.7923 0.6034
0.4318 0.7874 0.5493
0.5227 0.7536 0.5419
0.4318 0.7633 0.4951
0.5000 0.7198 0.4926
0.4318 0.7150 0.4483
0.4545 0.6570 0.4409
0.3636 0.6329 0.4015
0.3864 0.5990 0.3892
0.2727 0.5894 0.3399
0.2727 0.5314 0.3276
0.2273 0.5072 0.2906
0.2955 0.4493 0.2685
0.2045 0.4251 0.2315
0.2273 0.3720 0.2118
0.1364 0.3382 0.1724
0.1591 0.2850 0.1502
0.0682 0.2367 0.1084
0.1136 0.1836 0.0936
0.0455 0.1208 0.0542
-0.0000 0.0628 0.0419
-0.0000 0.0000 0.0000
