6.0000 10.5000 0.0000
7.0000 10.2500 0.0442
4.0000 9.9167 0.0939
4.0000 10.7500 0.1492
3.0000 10.4167 0.1934
-1.0000 10.0000 0.2155
-3.0000 10.0833 0.3094
2.0000 10.3333 0.3425
1.0000 10.7500 0.4420
-3.0000 10.5000 0.4586
-5.0000 10.9167 0.5193
0.0000 10.3333 0.5414
-2.0000 10.9167 0.5912
-2.0000 10.5000 0.6519
-2.0000 10.9167 0.7182
0.0000 9.2500 0.7514
-3.0000 9.5000 0.7901
-6.0000 8.7500 0.8232
-5.0000 8.2500 0.8674
-10.0000 7.6667 0.8950
-15.0000 7.4167 0.9503
-13.0000 6.8333 0.9669
-14.0000 5.8333 0.9945
-13.0000 4.9167 0.9890
-21.0000 3.9167 0.9890
-20.0000 4.0000 1.0000
-24.0000 3.0000 0.9945
-23.0000 2.5000 0.9890
-23.0000 1.5833 1.0000
-20.0000 1.1667 0.9945
-27.0000 1.0000 0.9834
-33.0000 0.0000 0.9392
-39.0000 -0.5833 0.9116
-38.0000 -1.5833 0.8564
-41.0000 -2.0833 0.8343
-48.0000 -3.6667 0.7735
-47.0000 -2.5833 0.7514
-50.0000 -3.6667 0.6796
-55.0000 -4.4167 0.5967
-62.0000 -4.5833 0.5525
