1.0000 0.0000 1.0000
0.9764 0.0150 0.9812
0.9428 0.0579 0.9462
0.9293 0.0858 0.9113
0.9057 0.1073 0.8844
0.8687 0.1288 0.8548
0.8519 0.1609 0.8226
0.8215 0.1888 0.7930
0.7778 0.2189 0.7661
0.7475 0.2597 0.7366
0.7138 0.2833 0.7124
0.6734 0.3026 0.6828
0.6498 0.3519 0.6505
0.6263 0.3734 0.6129
0.5758 0.4120 0.5860
0.5522 0.4549 0.5484
0.5253 0.4785 0.5188
0.4815 0.5064 0.5027
0.4444 0.5429 0.4758
0.4175 0.5730 0.4489
0.3771 0.6159 0.4301
0.3367 0.6545 0.3925
0.3064 0.6867 0.3737
0.2795 0.7060 0.3468
0.2323 0.7318 0.3387
0.2088 0.7597 0.3199
0.1886 0.7897 0.2823
0.1481 0.8133 0.2581
0.1145 0.8455 0.2231
0.1044 0.8648 0.2016
0.0875 0.8841 0.1855
0.0572 0.8948 0.1667
0.0471 0.9142 0.1505
0.0337 0.9399 0.1129
0.0269 0.9464 0.0968
0.0101 0.9528 0.0726
0.0000 0.9678 0.0726
0.0034 0.9764 0.0376
0.0034 0.9936 0.0108
0.0101 1.0000 0.0000
