0.3048 0.0000 0.0216
0.4952 0.0773 0.0000
0.6000 0.1379 0.0032
0.6476 0.2076 0.0160
0.7619 0.2667 0.0192
0.8190 0.3470 0.0440
0.8667 0.4212 0.0592
0.8571 0.4788 0.1023
1.0000 0.5606 0.0999
0.9238 0.6227 0.1439
0.9238 0.6864 0.1679
0.9143 0.7303 0.2238
0.9143 0.7848 0.2334
0.8571 0.8242 0.2830
0.8857 0.8758 0.3094
0.8286 0.8970 0.3581
0.8476 0.9364 0.3757
0.7429 0.9409 0.4325
0.7238 0.9667 0.4668
0.6095 0.9697 0.5068
0.6857 1.0000 0.5276
0.5619 0.9879 0.5763
0.5810 0.9970 0.6115
0.4952 0.9894 0.6419
0.4762 0.9879 0.6843
0.3810 0.9697 0.7130
0.3619 0.9591 0.7586
0.3143 0.9515 0.7770
0.2857 0.9379 0.8177
0.2762 0.9167 0.8409
0.2000 0.8909 0.8745
0.1810 0.8909 0.8905
0.1524 0.8667 0.9145
0.0762 0.8606 0.9329
0.0857 0.8485 0.9361
0.0762 0.8394 0.9512
0.1429 0.8258 0.9664
0.0000 0.8061 0.9904
0.0762 0.8076 0.9904
0.0095 0.8045 1.0000
