13.7500 0.0000 1.0000
14.0000 0.0123 0.9687
13.5000 0.0329 0.9295
14.0000 0.0576 0.9034
12.0000 0.0576 0.8695
12.5000 0.0782 0.8460
10.2500 0.0988 0.8146
10.7500 0.1193 0.7833
10.0000 0.1193 0.7546
11.0000 0.1646 0.7258
8.5000 0.1523 0.6997
9.5000 0.1728 0.6658
8.5000 0.2140 0.6423
8.5000 0.2428 0.5979
7.0000 0.2840 0.5744
8.7500 0.2922 0.5457
7.2500 0.3128 0.5274
7.7500 0.3416 0.4987
6.7500 0.3868 0.4778
7.5000 0.4033 0.4439
5.7500 0.4733 0.4230
6.5000 0.5103 0.3916
5.0000 0.5185 0.3629
6.0000 0.5309 0.3551
3.5000 0.5638 0.3316
3.2500 0.5926 0.3055
1.0000 0.6543 0.2689
3.0000 0.7119 0.2480
-0.0000 0.7202 0.2167
-0.2500 0.7449 0.2089
-1.7500 0.7531 0.1932
-0.7500 0.7860 0.1645
-2.5000 0.8436 0.1384
-1.7500 0.8765 0.1175
-3.0000 0.8848 0.1018
-3.2500 0.9053 0.0862
-4.2500 0.9506 0.0548
-4.5000 0.9712 0.0287
-6.2500 0.9877 0.0209
-5.2500 1.0000 0.0000
