0.1111 1.0000 1.0000
0.1481 0.9576 0.9516
0.1111 0.9322 0.9355
0.0000 0.8898 0.8952
0.0741 0.9068 0.8790
0.1296 0.8898 0.8710
0.2037 0.8729 0.8065
0.1111 0.8390 0.7903
0.1481 0.8305 0.7581
0.0926 0.7966 0.7339
0.1667 0.8814 0.7177
0.1852 0.7627 0.6774
0.1852 0.7542 0.6532
0.2037 0.7288 0.6129
0.2037 0.7373 0.5968
0.2407 0.6864 0.5484
0.2963 0.6864 0.5323
0.2037 0.6525 0.4597
0.2037 0.6525 0.4758
0.2778 0.6186 0.4113
0.2963 0.6186 0.4194
0.3148 0.5932 0.3548
0.3519 0.5763 0.3548
0.3704 0.5424 0.3145
0.4444 0.5169 0.3145
0.4815 0.5085 0.2742
0.5556 0.4661 0.2823
0.5556 0.4153 0.2258
0.6481 0.3814 0.2500
0.6481 0.4068 0.2016
0.7407 0.3644 0.1935
0.7407 0.2881 0.1613
0.7407 0.2288 0.1532
0.7963 0.2034 0.1290
0.8889 0.1695 0.0968
0.8333 0.0847 0.0645
0.9259 0.0763 0.0645
0.9074 0.0932 0.0403
1.0000 0.0678 0.0081
0.9815 0.0000 0.0000
