1.0000 0.8846 1.0000
0.9704 0.7692 0.8871
0.9606 0.7308 0.9032
0.9212 0.8846 0.8226
0.9163 1.0000 0.8387
0.8966 0.8846 0.7742
0.8867 0.8077 0.7419
0.8473 0.6538 0.6774
0.8473 0.7308 0.6613
0.8227 1.0000 0.6452
0.8128 0.8846 0.5968
0.7635 0.8846 0.5323
0.7389 0.6923 0.5161
0.7291 0.5385 0.5161
0.7094 0.8077 0.4677
0.6650 0.8077 0.4516
0.6502 0.6923 0.4355
0.6108 0.6154 0.3871
0.5764 0.8077 0.4032
0.5567 0.8462 0.3226
0.5271 0.7308 0.3387
0.4828 0.7308 0.2903
0.4680 0.8462 0.2742
0.4581 0.8077 0.2419
0.4286 0.6154 0.2419
0.3842 0.7308 0.2097
0.3547 0.7308 0.2097
0.3251 0.8846 0.1935
0.3300 0.7692 0.1613
0.2709 0.3846 0.1452
0.2562 0.6538 0.1290
0.2069 0.5769 0.0968
0.1921 0.6154 0.0484
0.1527 0.2692 0.0323
0.1527 0.1154 0.0323
0.0837 0.2692 0.0323
0.0887 0.4231 0.0161
0.0591 0.1538 0.0161
0.0394 0.0385 0.0484
0.0000 -0.0000 0.0000
