2.9200 0.0000 0.0000
2.0000 0.0658 0.0312
1.0000 0.1140 0.0521
-0.0000 0.1798 0.0781
-1.0800 0.2368 0.1146
-1.9200 0.2851 0.1302
-2.9600 0.3202 0.1719
-3.9200 0.3728 0.1875
-5.0400 0.4167 0.2135
-6.1200 0.4737 0.2240
-7.1600 0.5132 0.2708
-8.3600 0.5614 0.2760
-9.4800 0.6009 0.3281
-10.4800 0.6360 0.3438
-11.6000 0.6798 0.3906
-12.7200 0.6974 0.4010
-13.9200 0.7456 0.4271
-15.0000 0.7719 0.4427
-16.3200 0.8070 0.4844
-17.4400 0.8421 0.5052
-18.6000 0.8640 0.5417
-19.8400 0.8904 0.5677
-20.9600 0.9123 0.6042
-22.1200 0.9298 0.6302
-23.4400 0.9254 0.6667
-24.6400 0.9605 0.6667
-25.9200 0.9605 0.7031
-27.2000 0.9868 0.7240
-28.4400 0.9825 0.7396
-29.6000 0.9912 0.7812
-30.8400 1.0000 0.8073
-32.0000 0.9912 0.8333
-33.2000 0.9956 0.8385
-34.2800 1.0000 0.8438
-35.5200 0.9781 0.8802
-36.7200 0.9737 0.9167
-38.0800 0.9693 0.9427
-38.9600 0.9518 0.9635
-40.2000 0.9430 0.9896
-41.3600 0.9298 1.0000
