0.1262 0.0000 0.0761
0.1041 0.0417 0.0559
0.0820 0.0937 0.0179
0.0631 0.1332 0.0268
0.0394 0.1808 0.0000
0.0331 0.2196 0.0000
0.0158 0.2672 0.0179
0.0095 0.3031 0.0559
0.0000 0.3463 0.0761
0.0110 0.3814 0.0962
0.0063 0.4231 0.1499
0.0174 0.4561 0.1879
0.0284 0.4890 0.2461
0.0410 0.5198 0.2729
0.0505 0.5490 0.3356
0.0631 0.5849 0.3602
0.0931 0.6069 0.4183
0.1136 0.6354 0.4497
0.1404 0.6574 0.5123
0.1719 0.6823 0.5459
0.2019 0.7035 0.5928
0.2303 0.7306 0.6107
0.2713 0.7489 0.6577
0.3123 0.7709 0.6957
0.3549 0.7833 0.7472
0.4006 0.8075 0.7852
0.4369 0.8192 0.8076
0.4763 0.8404 0.8456
0.5237 0.8558 0.8345
0.5599 0.8734 0.9150
0.6009 0.8917 0.8792
0.6530 0.8960 0.9776
0.6956 0.9224 0.9128
0.7334 0.9275 0.9843
0.7760 0.9488 0.9508
0.8233 0.9502 1.0000
0.8565 0.9722 0.9955
0.9006 0.9780 0.9978
0.9464 0.9919 0.9933
1.0000 1.0000 0.9620
