1.0000 6.0000 0.0000
0.9848 5.8333 0.0141
0.9242 4.8333 0.0423
0.9242 4.5000 0.0141
0.8864 4.5000 0.0704
0.8712 4.1667 0.0563
0.8485 3.1667 0.0704
0.8106 3.3333 0.1268
0.7803 2.6667 0.1127
0.7424 3.0000 0.1408
0.7121 2.0000 0.1690
0.7045 2.5000 0.1690
0.6667 1.1667 0.1831
0.6667 1.0000 0.1831
0.6364 -0.0000 0.2254
0.6364 -1.5000 0.2535
0.5985 -1.8333 0.2958
0.5758 -3.0000 0.2817
0.5379 -3.6667 0.2958
0.5303 -5.3333 0.3239
0.4924 -7.0000 0.3380
0.4697 -7.5000 0.3662
0.4394 -8.5000 0.4085
0.4091 -9.0000 0.4085
0.3788 -10.6667 0.4648
0.3712 -10.8333 0.5070
0.3561 -12.3333 0.5070
0.3182 -13.1667 0.5493
0.2803 -14.6667 0.6197
0.2652 -15.6667 0.6197
0.2576 -17.5000 0.6620
0.2273 -18.5000 0.7183
0.1894 -20.3333 0.7465
0.1591 -21.0000 0.7606
0.1212 -23.0000 0.8169
0.0985 -23.6667 0.8169
0.0682 -26.5000 0.8873
0.0530 -27.0000 0.8732
0.0076 -30.1667 1.0000
0.0000 -30.5000 1.0000
