0.0000 0.9286 0.0068
0.1087 0.9048 0.0000
0.1522 0.9762 0.0270
0.2174 0.9048 0.0541
0.1957 0.9762 0.1081
0.2174 0.9048 0.1351
0.3261 1.0000 0.1622
0.2826 0.9167 0.1554
0.2826 0.9881 0.2027
0.2826 0.8810 0.2162
0.3043 0.9048 0.2500
0.3478 0.7976 0.2838
0.3261 0.8571 0.3041
0.4348 0.8095 0.3176
0.3696 0.8333 0.3581
0.5000 0.7619 0.3716
0.4783 0.7857 0.4054
0.5435 0.7143 0.4257
0.5870 0.7857 0.4595
0.5652 0.7024 0.4730
0.6304 0.7619 0.5068
0.6304 0.6310 0.5270
0.5870 0.6667 0.5676
0.6304 0.6071 0.5878
0.6304 0.6071 0.6149
0.6739 0.5357 0.6216
0.6739 0.5000 0.6486
0.7826 0.3690 0.6757
0.8043 0.3810 0.7432
0.9348 0.3452 0.7432
0.9565 0.3571 0.7838
1.0000 0.3095 0.8041
0.9783 0.2619 0.8243
1.0000 0.2024 0.8446
0.9783 0.2500 0.8649
0.9783 0.2024 0.8986
1.0000 0.2619 0.9392
0.9783 0.1190 0.9730
0.9130 0.1071 1.0000
0.9565 0.0000 1.0000
