0.0282 1.0000 0.0000
-0.0000 0.9277 0.0321
0.0423 0.8193 0.0321
0.0141 0.8193 0.0802
0.0915 0.7590 0.0802
0.0634 0.8193 0.1283
0.1056 0.7590 0.1497
0.0634 0.6988 0.2139
0.1408 0.5663 0.2193
0.1479 0.6145 0.2674
0.1690 0.6024 0.2888
0.1831 0.5783 0.3209
0.2746 0.4337 0.3369
0.2746 0.3735 0.3904
0.3380 0.3494 0.3904
0.3451 0.3494 0.4545
0.3873 0.4096 0.4492
0.4296 0.4578 0.5027
0.5070 0.3494 0.5187
0.4718 0.3133 0.5775
0.5211 0.3373 0.6096
0.5211 0.3855 0.6524
0.5634 0.3976 0.6684
0.5282 0.3976 0.7112
0.6338 0.3614 0.7112
0.6408 0.3253 0.7540
0.6972 0.3012 0.7647
0.6901 0.2771 0.7968
0.7535 0.3012 0.8128
0.7254 0.2530 0.8556
0.7746 0.2289 0.8556
0.8099 0.1807 0.8824
0.8380 0.0964 0.8930
0.8028 0.0602 0.9091
0.9014 0.1084 0.9251
0.8873 0.0602 0.9465
0.9366 0.0000 0.9572
0.9225 0.0723 0.9786
1.0000 0.1446 0.9893
0.9930 0.1205 1.0000
