0.0000 0.0447 1.0000
0.0512 0.0122 0.9238
0.1095 0.0000 0.8296
0.1502 0.0285 0.7892
0.1979 0.0244 0.7265
0.2420 0.0203 0.6547
0.2880 0.0610 0.5830
0.3269 0.0650 0.5471
0.3693 0.0488 0.5247
0.4011 0.0854 0.4529
0.4329 0.1220 0.4081
0.4717 0.1301 0.3677
0.5000 0.1463 0.3453
0.5336 0.1707 0.3094
0.5671 0.1829 0.2646
0.5954 0.1951 0.2915
0.6272 0.2276 0.2377
0.6466 0.2642 0.2108
0.6731 0.2927 0.1928
0.6873 0.3374 0.1435
0.7138 0.3659 0.1345
0.7350 0.3984 0.1300
0.7527 0.4187 0.1256
0.7703 0.4593 0.0987
0.7880 0.5000 0.0762
0.8039 0.5407 0.0717
0.8180 0.5691 0.0628
0.8392 0.5976 0.0448
0.8604 0.6341 0.0404
0.8675 0.6626 0.0493
0.8852 0.6992 0.0404
0.8993 0.7317 0.0493
0.9081 0.7724 0.0314
0.9170 0.8049 0.0269
0.9346 0.8333 0.0135
0.9470 0.8618 0.0224
0.9541 0.8943 0.0269
0.9664 0.9228 0.0404
0.9876 0.9553 0.0135
1.0000 1.0000 0.0000
