0.6250 11.0000 0.8889
0.7500 11.0000 0.8333
0.5625 10.6667 0.8889
0.9375 10.3333 0.8333
0.6250 10.6667 0.9444
0.9375 10.0000 1.0000
0.8750 11.0000 0.8333
0.9375 10.6667 0.6667
0.6250 10.0000 0.8333
1.0000 9.3333 0.6111
0.6250 10.0000 0.7778
0.8750 9.0000 0.7222
0.6250 9.3333 0.8333
0.8750 9.0000 0.6667
0.5000 9.0000 0.7222
0.8750 8.6667 0.6111
0.5000 8.6667 0.6111
0.8750 8.6667 0.6667
0.5625 8.6667 0.6667
0.9375 8.3333 0.6111
0.5000 8.0000 0.6667
0.8750 7.6667 0.6111
0.5625 7.3333 0.6111
0.8750 7.3333 0.5556
0.4375 5.6667 0.6111
0.7500 6.0000 0.5556
0.5000 5.6667 0.5556
0.7500 5.0000 0.4444
0.2500 4.6667 0.5000
0.6875 2.6667 0.5556
0.3125 4.3333 0.4444
0.7500 3.3333 0.3333
0.2500 2.3333 0.3889
0.5000 2.3333 0.2222
0.2500 1.0000 0.3889
0.5000 -0.3333 0.3333
0.0625 0.0000 0.2222
0.3125 -2.3333 0.1111
0.0000 -1.6667 0.0000
0.2500 -3.0000 0.0000
