-0.0000 0.5714 0.2500
0.7778 0.4286 0.7500
0.1111 0.5714 0.5000
0.8889 0.1429 0.7500
0.2222 0.4286 1.0000
0.8889 0.4286 0.7500
0.1111 0.5714 0.0000
1.0000 0.2857 0.7500
-0.0000 0.5714 0.5000
0.8889 -0.0000 1.0000
-0.0000 0.7143 0.5000
0.8889 0.1429 0.7500
0.1111 0.5714 0.2500
1.0000 0.5714 0.7500
-0.0000 1.0000 0.0000
1.0000 0.5714 0.5000
0.1111 0.5714 0.0000
1.0000 0.7143 0.5000
0.1111 0.7143 0.2500
0.8889 0.8571 0.7500
-0.0000 0.5714 0.2500
1.0000 0.4286 0.5000
0.1111 0.7143 0.2500
1.0000 0.2857 0.7500
-0.0000 0.5714 0.5000
0.8889 0.2857 1.0000
-0.0000 0.7143 0.2500
0.7778 0.7143 0.7500
0.2222 0.7143 0.2500
0.8889 0.2857 0.2500
0.2222 0.5714 0.5000
0.6667 0.7143 0.7500
0.1111 0.7143 0.5000
1.0000 0.8571 1.0000
-0.0000 0.8571 0.7500
1.0000 0.8571 0.7500
-0.0000 0.5714 0.5000
1.0000 0.7143 0.2500
0.1111 1.0000 0.5000
0.7778 0.4286 0.5000
