0.4247 0.8934 0.0000
0.5205 0.9228 0.0548
0.5616 0.9449 0.1034
0.6027 0.9449 0.1501
0.6301 0.9596 0.2028
0.7123 0.9853 0.2556
0.6849 1.0000 0.3002
0.7397 1.0000 0.3570
0.7123 0.9926 0.4037
0.7534 0.9669 0.4523
0.7808 0.9522 0.4990
0.9178 0.9265 0.5517
0.8630 0.9007 0.5923
0.8767 0.8566 0.6389
0.8767 0.8125 0.6775
0.8904 0.7721 0.7099
0.8767 0.7243 0.7404
0.9315 0.6949 0.7708
0.8630 0.6324 0.7972
0.9041 0.6029 0.8215
0.8767 0.5662 0.8438
0.9178 0.5184 0.8641
0.8904 0.4890 0.8844
1.0000 0.4449 0.9026
0.8767 0.3860 0.9087
0.8767 0.3934 0.9270
0.8219 0.3493 0.9351
0.8219 0.3015 0.9351
0.7671 0.2500 0.9412
0.7123 0.2316 0.9533
0.6301 0.2132 0.9594
0.7123 0.2537 0.9696
0.6301 0.2096 0.9635
0.5890 0.1287 0.9757
0.4247 0.0956 0.9757
0.3973 0.0735 0.9878
0.3014 0.1324 0.9939
0.2877 0.1250 0.9959
0.1370 0.0809 0.9980
-0.0000 0.0000 1.0000
