0.4722 0.9602 0.0505
0.6111 0.9823 0.0808
0.6667 1.0000 0.2020
0.8333 0.9912 0.2828
0.8611 0.9292 0.4646
0.8056 0.8982 0.5455
0.7778 0.9204 0.5859
0.8333 0.8894 0.6162
0.6667 0.8761 0.7273
0.5833 0.8230 0.8283
0.5556 0.8097 0.8485
0.5833 0.7434 0.8889
0.4444 0.7478 0.9293
0.4444 0.6991 0.9495
0.3056 0.6504 0.9596
0.3056 0.5885 0.9899
0.2500 0.5929 0.9495
0.2778 0.5265 0.9899
0.1111 0.4867 1.0000
0.2222 0.4602 0.9899
0.3056 0.4292 0.9192
0.2500 0.3673 0.9293
0.0556 0.3230 0.8889
0.1111 0.2920 0.8283
0.1389 0.2699 0.7273
0.0000 0.2566 0.7576
0.1111 0.2301 0.6566
0.1389 0.1991 0.6061
0.2222 0.1637 0.5455
0.3611 0.1947 0.4747
0.3056 0.1195 0.4646
0.3056 0.1195 0.3737
0.3611 0.0973 0.3232
0.5833 0.1195 0.2626
0.6944 0.0398 0.2828
0.6944 0.0664 0.2020
0.8056 0.0487 0.1313
1.0000 0.0398 0.0303
0.8611 0.0000 0.0606
0.8889 0.0000 0.0000
