1.0000 0.8634 0.0000
0.9720 0.8962 0.0476
0.9283 0.9290 0.0884
0.9003 0.9399 0.1973
0.8531 0.9454 0.2313
0.8129 0.9727 0.2993
0.7657 0.9672 0.3469
0.7360 1.0000 0.4354
0.6941 0.9399 0.4966
0.6661 0.9344 0.5442
0.6241 0.9290 0.5782
0.6014 0.9016 0.6259
0.5647 0.9071 0.6531
0.5332 0.8743 0.7211
0.4948 0.8197 0.7755
0.4668 0.8142 0.8231
0.4336 0.7432 0.8299
0.4108 0.7705 0.8571
0.3864 0.7049 0.8639
0.3654 0.6503 0.9388
0.3269 0.5792 0.9388
0.3129 0.5519 0.9660
0.2955 0.5519 0.9048
0.2745 0.5027 0.9524
0.2483 0.4317 0.9864
0.2220 0.3934 0.9864
0.2010 0.3388 1.0000
0.1941 0.3552 0.9592
0.1783 0.3169 0.9252
0.1608 0.3005 0.9456
0.1399 0.2295 0.9252
0.1224 0.1858 0.9524
0.1084 0.1858 0.8639
0.0944 0.1967 0.8844
0.0734 0.1421 0.8707
0.0524 0.0765 0.8776
0.0350 0.0273 0.8776
0.0210 0.0109 0.8367
0.0157 0.0109 0.8163
0.0000 0.0000 0.8163
