-0.0365 -0.4024 0.2238
-0.0256 -0.3788 0.2187
-0.0217 -0.3471 0.2127
-0.0140 -0.3235 0.2071
-0.0109 -0.2882 0.2037
-0.0031 -0.2518 0.1997
-0.0039 -0.1988 0.1977
-0.0023 -0.1600 0.1949
-0.0062 -0.1059 0.1941
0.0000 -0.0635 0.1935
-0.0039 0.0000 0.1941
-0.0062 0.0588 0.1955
-0.0148 0.1271 0.1980
-0.0210 0.1976 0.2028
-0.0303 0.2647 0.2068
-0.0505 0.3459 0.2141
-0.0668 0.4235 0.2232
-0.0877 0.5118 0.2345
-0.1157 0.5894 0.2481
-0.1498 0.6918 0.2651
-0.1988 0.7894 0.2854
-0.2523 0.9082 0.3106
-0.3199 1.0000 0.3414
-0.3998 1.0976 0.3765
-0.4899 1.1859 0.4209
-0.5978 1.2741 0.4719
-0.7220 1.3141 0.5315
-0.8649 1.3306 0.6006
-1.0124 1.2682 0.6784
-1.1716 1.1141 0.7595
-1.3137 0.8165 0.8413
-1.4379 0.3871 0.9191
-1.4992 -0.2412 0.9791
-1.4682 -1.0624 1.0000
-1.2981 -2.0706 0.9658
-1.0093 -3.0847 0.8789
-0.5738 -4.0741 0.7194
-0.0489 -4.8082 0.5016
0.4969 -5.1941 0.2489
1.0000 -5.1718 0.0000
