-0.0000 1.0000 0.1348
0.0800 0.9861 0.1236
0.1200 0.9653 0.1236
0.1680 0.9410 0.1348
0.1440 0.9062 0.0899
0.2400 0.8750 0.0787
0.2880 0.8438 0.0449
0.3440 0.8090 0.0674
0.3600 0.7917 0.0225
0.4240 0.7500 0.0899
0.4480 0.7049 0.0449
0.4720 0.6701 0.0449
0.4800 0.6701 0.0000
0.4960 0.6389 0.0225
0.5600 0.5764 0.0449
0.6240 0.5590 0.0337
0.6320 0.5556 0.0000
0.6640 0.5278 0.0225
0.6880 0.4792 0.0562
0.7120 0.4653 0.0674
0.7360 0.4479 0.0449
0.7680 0.4097 0.0674
0.7840 0.3750 0.1124
0.8320 0.3403 0.1685
0.8480 0.3229 0.1798
0.8480 0.3229 0.2247
0.8640 0.2674 0.2472
0.8880 0.2396 0.2584
0.8720 0.2396 0.2472
0.8960 0.2222 0.3146
0.9200 0.1806 0.3933
0.9200 0.1562 0.4270
0.9200 0.1493 0.4719
0.9200 0.1597 0.5169
0.9280 0.1007 0.5955
0.9360 0.0903 0.6742
0.9440 0.0660 0.7191
0.9280 0.0833 0.7978
0.9600 0.0486 0.8652
1.0000 -0.0000 1.0000
