0.0000 1.0000 0.3043
0.0297 0.9836 0.2174
0.0627 0.9632 0.3043
0.0892 0.9400 0.3043
0.1165 0.9236 0.4348
0.1414 0.9086 0.4348
0.1687 0.8840 0.5652
0.1952 0.8677 0.4783
0.2217 0.8417 0.8261
0.2498 0.8254 0.6087
0.2755 0.8063 0.9130
0.3012 0.7899 0.6957
0.3245 0.7585 0.8696
0.3518 0.7408 0.8696
0.3815 0.7080 0.9565
0.4064 0.6930 0.8696
0.4289 0.6671 1.0000
0.4562 0.6453 0.8261
0.4827 0.6085 0.9130
0.5076 0.5921 0.7826
0.5333 0.5566 0.8696
0.5574 0.5375 0.6957
0.5831 0.5061 0.8696
0.6064 0.4829 0.5652
0.6313 0.4488 0.8696
0.6570 0.4202 0.5217
0.6811 0.3915 0.7391
0.7084 0.3615 0.5217
0.7309 0.3315 0.7826
0.7606 0.3070 0.4348
0.7791 0.2810 0.6087
0.8064 0.2497 0.3478
0.8289 0.2115 0.3913
0.8538 0.1869 0.3043
0.8763 0.1555 0.3478
0.9028 0.1296 0.2174
0.9261 0.0928 0.2174
0.9478 0.0641 0.0435
0.9735 0.0259 0.1739
1.0000 -0.0000 0.0000
