1.0000 0.6923 0.1667
1.0000 0.6154 0.0833
0.9444 0.5385 0.1667
0.9444 0.6923 0.0000
0.8889 0.7692 0.2500
0.9444 0.8462 0.1667
0.8889 0.7692 0.4167
0.8333 0.8462 0.2500
0.9444 0.6923 0.4167
0.8889 0.8462 0.4167
0.9444 0.8462 0.2500
0.8889 1.0000 0.2500
0.9444 0.6154 0.2500
0.8889 0.7692 0.0833
0.9444 0.5385 0.3333
0.8889 0.3846 0.1667
0.7778 0.4615 0.4167
0.7222 0.4615 0.3333
0.8333 0.3077 0.5000
0.7778 0.3077 0.5000
0.7222 0.1538 0.5000
0.7222 0.3846 0.6667
0.6111 0.3846 0.5000
0.6667 0.3846 0.7500
0.6111 0.3846 0.7500
0.5556 0.0000 0.8333
0.5556 0.2308 0.6667
0.4444 0.1538 0.6667
0.5000 0.1538 0.7500
0.3333 0.1538 0.6667
0.3889 0.3846 0.5833
0.2222 0.3077 0.5833
0.3333 0.3846 0.6667
0.2778 0.5385 0.6667
0.2222 0.6154 0.8333
0.1667 0.7692 0.5833
0.1667 0.6923 0.7500
0.0556 0.6923 0.5833
0.0000 0.8462 0.7500
0.0556 0.8462 1.0000
