1.0000 0.0541 1.0000
0.9571 0.3243 0.8605
0.9000 0.2703 0.9186
0.8429 0.0270 0.8953
0.7929 0.0811 0.8488
0.7643 0.2432 0.7791
0.7214 0.2432 0.8023
0.7000 0.1081 0.7209
0.6357 0.1622 0.7326
0.6143 0.1351 0.7093
0.5429 0.0270 0.7093
0.5214 0.3243 0.6047
0.4929 0.1622 0.6279
0.4714 0.0541 0.5698
0.4214 0.0000 0.5930
0.3929 0.0270 0.5000
0.3500 0.0000 0.4651
0.3214 0.1081 0.3837
0.2643 0.0270 0.4186
0.2643 0.0000 0.3256
0.2214 0.3243 0.2907
0.2071 0.2162 0.2558
0.1643 0.0811 0.2442
0.1714 0.1892 0.1628
0.1000 0.4595 0.1977
0.1071 0.4595 0.1395
0.0929 0.3243 0.1744
0.0714 0.2703 0.1744
0.0357 0.2703 0.0930
0.0357 0.4595 0.0465
0.0000 0.5676 0.1047
0.0000 0.4595 0.0814
0.0286 0.2703 0.0814
0.0286 0.4324 0.1047
0.0214 0.6486 0.0465
0.0643 0.7838 0.0000
0.0429 0.9730 0.0581
0.0571 0.8649 0.0233
0.0571 0.8649 0.0233
0.1000 1.0000 0.0233
