1.0000 3.0899 0.0633
0.9789 2.9888 0.0759
0.9518 2.9551 0.0380
0.9277 2.8652 0.0380
0.8946 2.8090 0.0253
0.8825 2.7079 0.0506
0.8614 2.6742 0.0253
0.8373 2.5169 0.0253
0.8133 2.5056 0.0000
0.7952 2.4270 0.0380
0.7771 2.3483 0.0127
0.7500 2.2135 0.0633
0.7380 2.1685 0.0506
0.7139 2.0899 0.0886
0.6958 1.9551 0.0886
0.6657 1.8539 0.1266
0.6506 1.7753 0.1139
0.6265 1.6966 0.1646
0.6024 1.6067 0.1772
0.5783 1.4719 0.3038
0.5693 1.3933 0.2532
0.5301 1.2022 0.3418
0.5030 1.1461 0.3671
0.4759 1.0000 0.3797
0.4367 0.9101 0.4304
0.4096 0.8202 0.4684
0.3735 0.7079 0.5063
0.3554 0.5955 0.5696
0.3223 0.5056 0.5823
0.2982 0.3596 0.6329
0.2651 0.2921 0.6582
0.2440 0.1798 0.7089
0.2048 0.0899 0.7215
0.1837 0.0000 0.7848
0.1506 -0.1011 0.7975
0.1205 -0.2247 0.8861
0.0934 -0.3146 0.8734
0.0602 -0.4382 0.9494
0.0361 -0.5169 0.9494
0.0000 -0.6067 1.0000
