-0.0000 -0.1733 1.0000
0.0286 -0.1600 0.9826
0.0429 -0.1400 0.9565
0.0857 -0.0933 0.9217
0.0929 -0.1067 0.8957
0.1286 -0.0933 0.8783
0.1357 -0.1000 0.8261
0.1500 -0.0867 0.8000
0.1714 -0.0600 0.7652
0.2000 -0.0467 0.7217
0.2000 -0.0333 0.7130
0.2429 0.0000 0.6783
0.2500 0.0200 0.6348
0.2929 0.0667 0.6348
0.3214 0.0867 0.6000
0.3429 0.1200 0.5913
0.3786 0.1400 0.5478
0.4000 0.1867 0.5391
0.4286 0.2400 0.4870
0.4643 0.2800 0.4696
0.4786 0.3200 0.4522
0.5286 0.3333 0.4174
0.5286 0.3800 0.4087
0.5643 0.4400 0.3739
0.5714 0.4467 0.3565
0.6143 0.4933 0.3391
0.6429 0.5267 0.3043
0.6714 0.5800 0.2957
0.6929 0.5867 0.2522
0.7429 0.6267 0.2348
0.7857 0.6733 0.2087
0.8071 0.7333 0.1826
0.8357 0.7733 0.1739
0.8786 0.8133 0.1391
0.9071 0.8400 0.1130
0.9286 0.9200 0.1130
0.9286 0.9267 0.0609
0.9571 0.9733 0.0348
0.9786 1.0000 0.0000
1.0000 1.0467 0.0348
