14.6667 3.7500 0.8306
14.0000 1.7500 0.8470
13.8333 1.0000 0.8743
12.6667 -0.6250 0.8962
12.3333 0.0000 0.9344
11.3333 -3.0000 0.9563
10.8333 -1.8750 0.9781
10.8333 -5.7500 0.9563
9.5000 -3.8750 0.9727
10.0000 -7.0000 1.0000
9.5000 -6.2500 0.9617
7.8333 -8.3750 0.9891
7.5000 -8.6250 0.9672
7.1667 -10.7500 0.9672
6.1667 -11.7500 0.9344
6.5000 -11.0000 0.9235
5.8333 -13.2500 0.8852
6.0000 -11.5000 0.8689
5.5000 -16.3750 0.8087
4.6667 -12.5000 0.8033
4.5000 -14.1250 0.7541
4.1667 -14.0000 0.7158
4.1667 -15.2500 0.6448
3.1667 -15.0000 0.5847
3.0000 -13.6250 0.5410
1.6667 -14.3750 0.4590
1.0000 -9.2500 0.4481
1.0000 -12.6250 0.3333
-0.8333 -7.3750 0.3005
0.0000 -10.8750 0.1803
-2.0000 -3.7500 0.1694
-0.5000 -6.0000 0.1093
-3.6667 -1.0000 0.0765
-3.6667 1.8750 0.0710
-4.5000 2.3750 0.0273
-5.3333 7.1250 0.0219
-5.5000 6.7500 0.0000
-7.8333 12.6250 0.0383
-7.3333 11.5000 0.0383
-8.6667 16.7500 0.0710
