-0.0000 -8.7222 0.0055
0.1892 -8.4444 0.0000
0.2162 -7.5556 0.0166
0.2432 -8.2222 0.0018
0.4054 -6.0000 0.0295
0.2973 -7.2222 0.0258
0.4595 -4.9444 0.0516
0.4324 -6.3889 0.0460
0.6757 -3.9444 0.0645
0.4054 -5.1667 0.0681
0.6486 -3.8333 0.0755
0.4595 -4.2778 0.0884
0.5676 -2.8889 0.0976
0.4324 -2.1667 0.1160
0.6486 -2.5000 0.1197
0.6216 -0.5556 0.1510
0.5405 -1.7222 0.1565
0.4865 0.0000 0.1768
0.4865 -1.1111 0.1878
0.6757 1.7778 0.2265
0.6216 1.0000 0.2523
0.7027 1.8889 0.2726
0.7838 1.2222 0.2965
0.8919 2.9444 0.3297
0.8108 2.8889 0.3573
0.8378 3.4444 0.3867
0.8378 4.1111 0.4273
0.9730 4.9444 0.4622
0.9189 5.7222 0.5101
0.9730 5.9444 0.5396
1.0000 6.5000 0.5801
0.9189 7.2222 0.6188
0.8378 7.9444 0.6703
0.8649 8.0556 0.7109
0.8378 9.1667 0.7624
0.7838 9.2222 0.8103
0.7568 9.8333 0.8600
0.6216 9.7778 0.9061
0.5946 10.2222 0.9540
0.4054 10.1667 1.0000
