1.0000 3.7143 1.0000
0.9867 2.1071 0.9939
0.9697 1.0000 0.9939
0.9621 0.0000 0.9939
0.9545 -0.8929 0.9857
0.9451 -2.1786 0.9816
0.9280 -3.5714 0.9632
0.9110 -4.7857 0.9530
0.8939 -5.8571 0.9427
0.8788 -6.8929 0.9427
0.8561 -7.7500 0.9202
0.8561 -9.0000 0.9059
0.8314 -9.8571 0.8834
0.8087 -10.9643 0.8630
0.7784 -12.1429 0.8384
0.7557 -13.4643 0.8160
0.7311 -14.4286 0.7791
0.7159 -15.3929 0.7587
0.6856 -16.5357 0.7239
0.6534 -17.8214 0.6973
0.6231 -19.0714 0.6585
0.5985 -20.2143 0.6217
0.5720 -21.2500 0.5849
0.5436 -22.4286 0.5542
0.5019 -23.5357 0.5133
0.4716 -24.6786 0.4765
0.4337 -25.6429 0.4376
0.4110 -26.5357 0.4110
0.3693 -27.5357 0.3783
0.3352 -28.7857 0.3415
0.2973 -29.7500 0.3027
0.2670 -30.9286 0.2658
0.2386 -31.7143 0.2352
0.2027 -32.5000 0.2025
0.1667 -33.6429 0.1697
0.1345 -34.7500 0.1268
0.0985 -35.6429 0.0838
0.0701 -36.4643 0.0593
0.0303 -37.1429 0.0225
-0.0000 -38.2857 0.0000
