0.1056 0.0000 0.0000
0.1268 0.0522 0.0196
0.1831 0.1225 0.0196
0.2042 0.1847 0.0427
0.2113 0.2309 0.0605
0.2465 0.2811 0.0890
0.2535 0.3333 0.1014
0.2183 0.3715 0.1263
0.1972 0.4337 0.1477
0.1972 0.4217 0.1957
0.1690 0.4558 0.2028
0.1338 0.4779 0.2331
0.1197 0.5261 0.2402
0.1056 0.5261 0.2811
0.0775 0.5683 0.2883
0.0423 0.5562 0.3274
0.0141 0.5823 0.3381
0.0211 0.5763 0.3665
0.0493 0.6104 0.3630
0.0070 0.6124 0.3861
0.0000 0.6365 0.3968
0.0423 0.6285 0.4110
0.0352 0.6606 0.4235
0.0423 0.6667 0.4288
0.0704 0.6767 0.4591
0.1056 0.7088 0.4537
0.1620 0.7249 0.4840
0.2113 0.7430 0.4911
0.2535 0.7590 0.5302
0.3239 0.7892 0.5498
0.3239 0.8052 0.6032
0.3873 0.8534 0.6085
0.4577 0.8454 0.6655
0.5634 0.8655 0.6993
0.5915 0.8695 0.7740
0.7183 0.9317 0.7918
0.7676 0.9337 0.8452
0.8451 0.9578 0.8986
0.8732 0.9438 0.9662
1.0000 1.0000 1.0000
