0.9355 0.9250 1.0000
1.0000 1.0000 0.9189
0.9032 0.7250 0.9459
0.9355 0.8500 0.8108
0.8065 0.6250 0.8378
0.8065 0.8500 0.8108
0.7419 0.6000 0.7838
0.7742 0.8000 0.8108
0.6774 0.4750 0.7568
0.7419 0.7000 0.7838
0.6129 0.4250 0.7027
0.6774 0.7250 0.6757
0.6452 0.4750 0.5946
0.6452 0.6500 0.5946
0.5484 0.4500 0.5946
0.5484 0.6250 0.4865
0.4516 0.4500 0.5135
0.4516 0.6500 0.4595
0.3548 0.3000 0.4595
0.3871 0.5500 0.4054
0.2903 0.2250 0.4054
0.3226 0.5000 0.4054
0.2581 0.1750 0.3784
0.3226 0.4250 0.3514
0.2581 0.1250 0.3784
0.2903 0.3250 0.3243
0.1935 0.1250 0.3243
0.1935 0.3750 0.2432
0.1935 0.1500 0.2973
0.2581 0.4250 0.2162
0.1935 0.1500 0.2703
0.1613 0.4000 0.1351
0.0645 0.1250 0.2162
0.0968 0.4250 0.1351
0.1290 0.1750 0.1351
0.0645 0.3750 0.0811
0.0323 0.0750 0.0811
-0.0000 0.3250 0.0000
-0.0000 0.0000 0.0811
-0.0000 0.2500 0.1081
