1.0000 0.0000 1.0000
0.9442 0.0150 0.9659
0.9070 0.0383 0.9242
0.8558 0.0567 0.8889
0.7953 0.0717 0.8561
0.7256 0.0850 0.8295
0.7023 0.1083 0.7980
0.6465 0.1267 0.7652
0.6047 0.1517 0.7273
0.5488 0.1733 0.6957
0.5070 0.1967 0.6705
0.4558 0.2183 0.6402
0.4233 0.2500 0.6136
0.3907 0.2650 0.5795
0.3581 0.2933 0.5505
0.3256 0.3183 0.5215
0.2744 0.3483 0.4975
0.2279 0.3700 0.4735
0.2093 0.3967 0.4457
0.1814 0.4183 0.4167
0.1628 0.4550 0.3902
0.1349 0.4800 0.3611
0.1116 0.5083 0.3359
0.0837 0.5350 0.3169
0.0744 0.5667 0.2929
0.0512 0.5917 0.2740
0.0465 0.6200 0.2449
0.0279 0.6500 0.2235
0.0233 0.6783 0.2008
0.0093 0.7083 0.1806
0.0000 0.7317 0.1641
0.0047 0.7683 0.1452
0.0000 0.7917 0.1237
0.0000 0.8217 0.1023
0.0093 0.8533 0.0871
0.0047 0.8867 0.0657
0.0233 0.9200 0.0505
0.0279 0.9450 0.0341
0.0372 0.9767 0.0215
0.0465 1.0000 0.0000
