0.0000 1.0000 2.0779
0.0068 0.9883 2.0753
0.0085 0.9759 2.0728
0.0170 0.9583 2.0728
0.0238 0.9473 2.0637
0.0298 0.9310 2.0612
0.0383 0.9121 2.0554
0.0494 0.8971 2.0489
0.0579 0.8783 2.0386
0.0740 0.8639 2.0296
0.0826 0.8477 2.0187
0.0945 0.8307 2.0103
0.1055 0.8073 2.0013
0.1226 0.7871 1.9903
0.1294 0.7663 1.9742
0.1472 0.7422 1.9594
0.1609 0.7188 1.9369
0.1762 0.6934 1.9202
0.1923 0.6654 1.9008
0.2102 0.6341 1.8783
0.2264 0.6048 1.8493
0.2460 0.5729 1.8171
0.2698 0.5365 1.7804
0.2928 0.5059 1.7482
0.3140 0.4694 1.7064
0.3413 0.4290 1.6619
0.3660 0.3874 1.6066
0.3991 0.3438 1.5493
0.4298 0.2949 1.4784
0.4664 0.2513 1.4082
0.5013 0.2103 1.3220
0.5396 0.1667 1.2292
0.5830 0.1211 1.1191
0.6340 0.0762 1.0000
0.6843 0.0397 0.8667
0.7404 0.0150 0.7205
0.8000 0.0000 0.5608
0.8630 0.0059 0.3928
0.9302 0.0260 0.2028
1.0000 0.0671 0.0000
