0.0000 0.0000 1.0000
0.0677 0.0312 0.8795
0.1128 0.0938 0.7589
0.1504 0.1348 0.6652
0.1767 0.1621 0.5982
0.2180 0.1992 0.5580
0.2481 0.2285 0.4955
0.2895 0.2539 0.4286
0.3158 0.3086 0.3705
0.3383 0.3301 0.3214
0.3534 0.3555 0.2902
0.3910 0.3809 0.2545
0.4135 0.4082 0.2143
0.4586 0.4395 0.1830
0.4586 0.4688 0.1518
0.4850 0.4941 0.1607
0.5038 0.5156 0.1429
0.5226 0.5332 0.1384
0.5451 0.5586 0.1027
0.5677 0.5859 0.1027
0.5827 0.5996 0.0670
0.5977 0.6152 0.0759
0.6128 0.6348 0.0580
0.6466 0.6621 0.0357
0.6767 0.6777 0.0446
0.6842 0.7031 0.0536
0.6992 0.7285 0.0402
0.7406 0.7520 0.0357
0.7519 0.7773 0.0179
0.7820 0.7969 0.0357
0.8045 0.8105 0.0357
0.8158 0.8242 0.0402
0.8383 0.8574 0.0179
0.8647 0.8789 0.0045
0.8910 0.9062 0.0000
0.9286 0.9219 0.0089
0.9436 0.9277 0.0223
0.9699 0.9609 0.0089
0.9887 0.9824 0.0179
1.0000 1.0000 0.0179
