0.8000 0.6667 0.4286
0.6000 0.8333 0.7143
0.6000 0.6667 0.4286
0.2000 0.8333 0.4286
0.8000 0.1667 0.2857
0.4000 0.3333 0.2857
1.0000 -0.0000 0.2857
0.8000 0.1667 0.4286
0.8000 0.8333 0.2857
0.4000 0.6667 0.4286
0.4000 0.1667 0.2857
0.6000 1.0000 1.0000
-0.0000 0.3333 0.5714
0.4000 0.3333 0.5714
0.8000 0.3333 0.4286
0.6000 0.8333 0.5714
0.6000 0.1667 0.2857
0.6000 0.6667 0.4286
1.0000 0.5000 0.4286
0.2000 0.6667 0.4286
1.0000 0.1667 0.2857
0.4000 0.8333 0.5714
0.8000 0.5000 0.2857
0.4000 0.6667 0.7143
0.8000 0.3333 0.2857
0.2000 0.5000 0.4286
0.6000 0.6667 0.0000
0.6000 0.6667 0.5714
0.8000 0.3333 0.2857
0.2000 0.5000 0.7143
0.4000 0.8333 0.4286
0.4000 0.3333 0.7143
0.8000 0.5000 0.4286
-0.0000 0.3333 0.5714
0.8000 0.6667 0.2857
0.6000 0.5000 0.7143
1.0000 0.3333 0.4286
0.2000 0.3333 0.4286
0.6000 0.5000 0.4286
0.4000 0.6667 0.7143
