0.0714 0.9955 0.0000
-0.0000 1.0000 0.0000
0.1786 0.9955 0.0000
0.0714 1.0000 0.2308
0.2679 0.9864 0.2308
0.2143 0.9638 0.2308
0.3393 0.9774 0.5385
0.3214 0.9593 0.3077
0.5000 0.9638 0.5385
0.4464 0.9412 0.4615
0.6071 0.9321 0.5385
0.5357 0.9095 0.8462
0.6250 0.9050 0.4615
0.6071 0.8733 0.6154
0.7321 0.8914 0.7692
0.6429 0.8597 0.6923
0.7857 0.8371 0.8462
0.6786 0.8281 0.9231
0.8214 0.8100 1.0000
0.6964 0.7873 0.8462
0.8571 0.7602 0.8462
0.7679 0.7104 1.0000
0.8929 0.6833 0.8462
0.8214 0.6516 0.9231
0.9464 0.6063 1.0000
0.8393 0.5973 1.0000
0.9286 0.5701 0.8462
0.8393 0.5204 0.8462
0.9464 0.4932 0.8462
0.8929 0.4570 0.9231
0.9821 0.3982 0.7692
0.9107 0.3665 0.7692
1.0000 0.3303 0.8462
0.8929 0.2624 0.7692
0.9821 0.2398 0.9231
0.8393 0.2036 0.6154
0.9107 0.1493 0.7692
0.8214 0.1041 0.7692
0.9107 0.0633 0.7692
0.8571 0.0000 0.7692
