58.0000 1.0000 0.0139
45.0000 0.9632 0.0417
42.0000 0.9331 0.0000
32.0000 0.9264 0.0417
27.0000 0.9030 0.0278
16.0000 0.8595 0.0556
10.0000 0.8294 0.0417
1.0000 0.7926 0.0833
0.0000 0.7726 0.0694
-9.0000 0.7525 0.1111
-11.0000 0.7224 0.1250
-23.0000 0.6823 0.1528
-28.0000 0.6689 0.1806
-37.0000 0.6355 0.2361
-40.0000 0.6254 0.1528
-52.0000 0.6020 0.2361
-56.0000 0.5585 0.2083
-64.0000 0.5084 0.2917
-69.0000 0.4783 0.3056
-77.0000 0.4482 0.3472
-80.0000 0.4415 0.3056
-91.0000 0.4013 0.4028
-95.0000 0.3846 0.3750
-103.0000 0.3545 0.4583
-109.0000 0.3378 0.4722
-116.0000 0.3244 0.5000
-120.0000 0.3077 0.5278
-125.0000 0.2809 0.5694
-131.0000 0.2508 0.5833
-137.0000 0.2174 0.6528
-144.0000 0.1839 0.6389
-153.0000 0.1605 0.7500
-157.0000 0.1405 0.7083
-163.0000 0.1237 0.8056
-167.0000 0.1003 0.7361
-175.0000 0.0736 0.8611
-178.0000 0.0635 0.8611
-185.0000 0.0334 0.9306
-191.0000 0.0234 0.9444
-193.0000 -0.0000 1.0000
