0.0000 0.8070 0.0000
0.0264 0.8655 0.1951
0.0562 0.8655 0.0732
0.0784 0.8830 0.0732
0.1048 0.9181 0.0976
0.1305 0.9123 0.1463
0.1561 0.9240 0.1707
0.1818 0.9357 0.1951
0.2068 0.9532 0.2195
0.2325 0.9649 0.2195
0.2568 1.0000 0.1707
0.2817 0.9825 0.3415
0.3060 0.9766 0.3171
0.3303 0.9825 0.3902
0.3525 0.9649 0.3171
0.3782 0.9474 0.4146
0.4025 0.9708 0.3415
0.4282 0.9415 0.4146
0.4539 0.9240 0.4878
0.4774 0.9240 0.5122
0.5010 0.9064 0.4878
0.5267 0.8655 0.5610
0.5524 0.8655 0.5610
0.5739 0.8012 0.5854
0.6003 0.7895 0.5366
0.6218 0.7661 0.5610
0.6468 0.7368 0.5122
0.6731 0.7135 0.5610
0.6974 0.6784 0.6341
0.7238 0.6082 0.7073
0.7502 0.5556 0.7561
0.7759 0.4971 0.7317
0.8036 0.4152 0.7317
0.8300 0.3918 0.7805
0.8591 0.3275 0.8049
0.8883 0.2690 0.8293
0.9160 0.2164 0.8780
0.9431 0.1520 0.9024
0.9702 0.0819 0.9024
1.0000 -0.0000 1.0000
