1.0000 0.9904 0.0000
0.9444 1.0000 0.0215
0.8519 0.9426 0.0558
0.7963 0.8947 0.1030
0.7593 0.8947 0.1309
0.7593 0.9139 0.1352
0.7778 0.9617 0.1609
0.7407 0.9522 0.1867
0.7407 0.9043 0.2361
0.6111 0.8804 0.2854
0.6296 0.8565 0.3004
0.6111 0.9043 0.3112
0.5741 0.9378 0.3197
0.5370 0.9139 0.3498
0.4815 0.8900 0.4077
0.4074 0.8421 0.4421
0.3704 0.8565 0.4571
0.4815 0.9091 0.4742
0.4630 0.8947 0.5021
0.5185 0.8278 0.5451
0.3704 0.7799 0.5923
0.3333 0.7129 0.6202
0.3704 0.7416 0.6395
0.4074 0.7464 0.6481
0.4259 0.7177 0.6781
0.3889 0.6746 0.7124
0.4074 0.5694 0.7639
0.3333 0.5598 0.7790
0.4444 0.5502 0.7918
0.4444 0.5455 0.8004
0.4630 0.5024 0.8305
0.4815 0.4306 0.8648
0.4630 0.3445 0.8991
0.3519 0.3206 0.9013
0.3333 0.2823 0.9099
0.3148 0.2536 0.9313
0.2407 0.2201 0.9421
0.1667 0.1053 0.9678
0.0926 0.0526 0.9893
0.0000 0.0000 1.0000
