0.0000 0.6625 1.0000
0.0303 0.6229 0.9811
0.1126 0.5167 0.9673
0.1342 0.4667 0.9526
0.1948 0.3979 0.9190
0.1861 0.3083 0.9027
0.2468 0.2604 0.8596
0.2727 0.1708 0.8389
0.3160 0.1854 0.7950
0.3290 0.0771 0.7700
0.3593 0.1146 0.7244
0.3810 0.0208 0.6873
0.3810 0.0292 0.6486
0.3810 0.0000 0.6021
0.3983 0.0167 0.5659
0.4199 0.0479 0.5159
0.4113 0.0083 0.4927
0.4113 0.0875 0.4419
0.4502 0.0271 0.4169
0.4329 0.1375 0.3730
0.4459 0.1083 0.3463
0.4589 0.2042 0.3152
0.5368 0.2083 0.2825
0.5022 0.2687 0.2601
0.5368 0.3187 0.2257
0.5758 0.3229 0.2127
0.6190 0.4083 0.1774
0.6147 0.4083 0.1705
0.6623 0.5250 0.1361
0.6970 0.4958 0.1352
0.7662 0.6188 0.1025
0.7835 0.5792 0.1077
0.8312 0.7000 0.0706
0.8701 0.6687 0.0637
0.9221 0.7792 0.0448
0.9307 0.7729 0.0379
0.9697 0.8771 0.0301
1.0000 0.8688 0.0181
0.9697 0.9792 0.0146
0.9654 1.0000 0.0000
