1.0534 1.3153 6.8150
1.0534 1.4627 5.5393
1.0000 1.6065 4.0230
0.8872 1.6227 2.4714
0.7363 1.5529 1.0472
0.6033 1.2966 -0.0345
0.5107 1.0000 -0.6693
0.4727 0.6041 -0.6766
0.4846 0.2142 -0.0000
0.5238 -0.1215 1.0000
0.5629 -0.3400 2.2498
0.5784 -0.4832 3.5443
0.5463 -0.5554 4.8790
0.5024 -0.5746 6.0132
0.4347 -0.5608 7.0296
0.3480 -0.5132 7.8077
0.2494 -0.4693 8.4963
0.1568 -0.4037 9.0127
0.0748 -0.3622 9.4560
0.0000 -0.3075 9.7956
-0.0831 -0.2738 10.0762
-0.1496 -0.2190 10.2861
-0.2067 -0.1968 10.4771
-0.2589 -0.1534 10.6115
-0.3040 -0.1366 10.7152
-0.3409 -0.1047 10.8119
-0.3753 -0.0957 10.8850
-0.4050 -0.0740 10.9487
-0.4299 -0.0644 10.9935
-0.4596 -0.0505 11.0430
-0.4774 -0.0397 11.0642
-0.4941 -0.0319 11.1043
-0.5107 -0.0205 11.1161
-0.5202 -0.0211 11.1467
-0.5309 -0.0096 11.1538
-0.5451 -0.0132 11.1868
-0.5570 -0.0024 11.1939
-0.5629 -0.0156 11.2222
-0.5701 0.0000 11.2151
-0.5748 -0.0066 11.2293
