0.4468 -26.0000 0.0000
0.5319 -20.2500 0.0057
0.4468 -18.5000 0.0517
0.4468 -18.7500 0.0460
0.4043 -13.0000 0.0920
0.4043 -13.0000 0.1034
0.3191 -10.0000 0.1379
0.3617 -12.7500 0.1494
0.3404 -5.2500 0.1897
0.2340 -4.7500 0.2471
0.1277 -4.0000 0.3103
0.0638 -2.2500 0.3506
0.0426 -0.5000 0.3966
-0.0000 1.0000 0.4253
0.0426 0.0000 0.4770
0.0426 2.7500 0.5345
0.0638 2.7500 0.6034
0.0426 5.7500 0.6322
0.1277 3.5000 0.6667
0.1702 7.0000 0.7184
0.1702 5.0000 0.7529
0.2128 6.0000 0.7874
0.3617 3.2500 0.8161
0.4468 6.2500 0.8563
0.3830 2.5000 0.9195
0.3617 1.2500 0.8966
0.6170 -1.2500 0.9253
0.7021 -2.7500 0.9080
0.7660 -3.5000 0.9425
0.7872 -6.7500 0.9310
0.8085 -6.5000 0.9770
0.8511 -10.7500 0.9770
0.8298 -10.0000 0.9943
0.8298 -15.0000 0.9770
0.9149 -14.0000 1.0000
0.9362 -18.0000 0.9828
0.8298 -20.0000 0.9713
0.9574 -24.2500 0.9483
1.0000 -24.5000 0.9483
0.9362 -27.2500 0.9138
