-0.0000 6.9231 0.0000
0.0316 4.3846 0.0423
0.0949 6.0769 0.1831
0.0633 3.2308 0.2465
0.1582 3.3077 0.3239
0.1456 1.6923 0.4155
0.1899 1.0000 0.5070
0.1709 0.0000 0.6268
0.2342 -2.3846 0.6549
0.2405 -2.0769 0.7676
0.2658 -5.3077 0.7887
0.2468 -4.5385 0.8662
0.2975 -9.3077 0.8662
0.3291 -7.1538 0.9789
0.3101 -12.3077 0.9577
0.3481 -11.9231 1.0000
0.3608 -17.0769 0.9507
0.4051 -17.1538 0.9718
0.3608 -21.2308 0.9648
0.4177 -21.9231 0.9718
0.4304 -23.9231 0.9930
0.4557 -26.3846 0.9577
0.4810 -27.6154 0.9507
0.5000 -31.6923 0.8451
0.5886 -31.6923 0.8592
0.5506 -35.2308 0.7887
0.6582 -35.2308 0.7958
0.6646 -38.2308 0.7254
0.7405 -39.2308 0.7042
0.7342 -40.9231 0.6972
0.7911 -43.3077 0.5915
0.8228 -44.2308 0.5845
0.8734 -45.2308 0.5563
0.8544 -45.3846 0.5634
0.8797 -48.2308 0.5141
0.9051 -48.3077 0.5141
0.9241 -49.9231 0.4930
0.9684 -50.0000 0.4648
0.9684 -52.5385 0.4155
1.0000 -52.4615 0.4155
