0.9672 0.9896 0.0000
0.9508 0.9549 0.0463
0.9180 0.9132 0.0903
0.8852 0.9479 0.0926
0.9836 0.9757 0.1019
0.9836 0.9826 0.0995
1.0000 1.0000 0.1435
0.8361 0.9549 0.1875
0.8852 0.8819 0.2500
0.8033 0.9097 0.2407
0.9180 0.9271 0.2616
0.9508 0.9306 0.2639
0.9344 0.9201 0.3079
0.8852 0.8611 0.3519
0.7869 0.8090 0.4167
0.7213 0.8160 0.4190
0.7705 0.8194 0.4375
0.7705 0.8333 0.4514
0.6885 0.8021 0.4907
0.6066 0.7083 0.5509
0.5410 0.6667 0.5926
0.5082 0.6562 0.5926
0.6066 0.6319 0.6111
0.5082 0.6285 0.6319
0.5246 0.5625 0.6736
0.4426 0.4722 0.7176
0.4098 0.4236 0.7593
0.3115 0.4028 0.7616
0.3770 0.3819 0.7824
0.3607 0.3681 0.7986
0.2951 0.2951 0.8426
0.1967 0.2431 0.8727
0.1639 0.1875 0.9028
0.1639 0.1493 0.9097
0.2295 0.1875 0.8866
0.1803 0.1458 0.9074
0.1639 0.0833 0.9514
0.0164 0.0382 0.9792
0.0328 0.0000 1.0000
0.0000 0.0000 0.9931
