0.6809 0.0000 0.9167
0.6702 0.0287 0.8558
0.7447 0.0704 0.7308
0.7660 0.0991 0.6699
0.7979 0.1336 0.5865
0.8404 0.1480 0.5096
0.8777 0.2083 0.4135
0.8723 0.2385 0.3494
0.8989 0.2759 0.2949
0.9309 0.3161 0.2115
1.0000 0.3678 0.1603
0.9787 0.4080 0.1026
0.9521 0.4511 0.0865
0.9681 0.4971 0.0192
0.9149 0.5647 0.0032
0.9309 0.6193 0.0000
0.8723 0.6523 0.0256
0.8830 0.7083 0.0224
0.8351 0.7601 0.0481
0.7606 0.7989 0.0801
0.7021 0.8376 0.1218
0.6915 0.8693 0.1378
0.6649 0.9052 0.2115
0.6117 0.9239 0.2724
0.5691 0.9440 0.3173
0.5213 0.9670 0.3526
0.4947 0.9727 0.4167
0.3989 0.9713 0.4904
0.3989 0.9698 0.5321
0.3883 0.9885 0.5801
0.3670 1.0000 0.6154
0.3085 0.9856 0.6891
0.3085 0.9885 0.7212
0.2500 0.9828 0.7853
0.2128 0.9784 0.8173
0.1436 0.9756 0.8686
0.1489 0.9842 0.8974
0.0798 0.9741 0.9327
0.0479 0.9784 0.9936
0.0000 0.9813 1.0000
