12.2500 1.0000 0.0000
12.0000 0.0000 0.0526
10.7500 0.0000 0.1053
10.7500 -0.3333 0.1053
9.5000 -1.3333 0.1316
9.2500 -1.8333 0.2105
8.5000 -2.0000 0.2368
8.2500 -2.6667 0.3158
7.7500 -3.0000 0.3421
7.5000 -3.5000 0.3947
6.5000 -4.3333 0.4211
7.7500 -4.5000 0.4737
7.0000 -4.8333 0.4737
6.7500 -6.0000 0.5263
6.2500 -6.5000 0.5789
6.2500 -7.6667 0.5789
6.2500 -7.5000 0.6579
6.2500 -8.3333 0.6316
5.5000 -9.1667 0.7105
5.5000 -9.8333 0.6579
4.5000 -10.5000 0.7105
4.5000 -10.5000 0.7895
3.2500 -11.5000 0.7895
3.2500 -11.8333 0.8158
2.0000 -12.3333 0.9211
3.5000 -12.1667 0.8421
1.0000 -12.0000 0.8947
0.0000 -12.3333 0.8947
-1.0000 -12.5000 0.9211
-1.7500 -13.3333 0.8684
-3.0000 -14.0000 0.9211
-3.2500 -13.3333 0.8421
-4.0000 -13.6667 0.8947
-3.7500 -13.1667 0.9211
-5.2500 -13.8333 1.0000
-6.0000 -13.5000 0.9474
-7.7500 -13.5000 0.9211
-8.7500 -13.0000 0.8947
-10.5000 -13.5000 0.8684
-11.0000 -12.3333 0.8684
