0.0167 1.0000 0.0000
0.0167 0.9808 0.0311
0.0000 0.9615 0.0776
0.0167 0.9519 0.1087
0.0500 0.9447 0.1522
0.0333 0.9279 0.1770
0.0833 0.9087 0.2205
0.1333 0.8798 0.2484
0.1500 0.8534 0.2981
0.1500 0.8317 0.3323
0.2167 0.8149 0.3634
0.1833 0.8029 0.3820
0.2333 0.7909 0.4130
0.2000 0.7620 0.4441
0.2667 0.7236 0.4845
0.2333 0.7067 0.5124
0.3000 0.6923 0.5435
0.3167 0.6731 0.5590
0.3500 0.6562 0.5870
0.3667 0.6226 0.6087
0.4167 0.5841 0.6522
0.4000 0.5553 0.6770
0.4833 0.5312 0.7050
0.4500 0.5168 0.7050
0.4833 0.4952 0.7298
0.4667 0.4519 0.7547
0.4833 0.4135 0.8043
0.5000 0.3846 0.8230
0.5667 0.3582 0.8323
0.5833 0.3462 0.8385
0.7000 0.3077 0.8571
0.7000 0.2764 0.8820
0.7667 0.2212 0.9224
0.8000 0.1971 0.9286
0.8500 0.1779 0.9503
0.9833 0.1707 0.9317
0.9333 0.1370 0.9503
0.9000 0.0889 0.9658
0.9833 0.0361 1.0000
1.0000 0.0000 0.9969
