1.0000 1.0000 0.0167
0.9727 0.9438 0.0000
0.9518 0.9888 0.1000
0.9203 0.9438 0.1000
0.8973 0.9663 0.2667
0.8763 0.9438 0.2500
0.8491 0.9663 0.2667
0.8197 0.9438 0.2667
0.7904 0.9551 0.3667
0.7673 0.9101 0.3167
0.7463 0.9438 0.4333
0.7149 0.8876 0.4000
0.6876 0.9101 0.5000
0.6625 0.8764 0.5000
0.6394 0.8427 0.6000
0.6080 0.8652 0.5500
0.5849 0.8315 0.6000
0.5514 0.7753 0.6000
0.5220 0.7640 0.7000
0.4969 0.6966 0.6500
0.4696 0.6854 0.7833
0.4403 0.6742 0.7333
0.4172 0.6629 0.8167
0.3899 0.6180 0.7333
0.3690 0.6067 0.8000
0.3396 0.5393 0.7833
0.3208 0.5056 0.8500
0.2935 0.4719 0.8667
0.2725 0.4494 0.8833
0.2537 0.4045 0.9167
0.2285 0.3708 0.9167
0.2034 0.3483 0.8833
0.1803 0.3034 0.9500
0.1530 0.2809 0.9000
0.1279 0.2472 0.9667
0.0985 0.1685 0.9500
0.0734 0.1236 0.9833
0.0482 0.0787 0.9833
0.0231 0.0674 1.0000
0.0000 -0.0000 0.9833
