-0.0000 -18.0000 1.0000
0.0294 -16.0000 0.9333
0.0529 -12.0000 0.9556
0.0765 -10.0000 0.8889
0.1000 -9.0000 0.9000
0.1353 -8.0000 0.8444
0.1412 -5.0000 0.8111
0.1706 -1.0000 0.7889
0.2000 1.0000 0.7889
0.2118 1.0000 0.7556
0.2118 1.0000 0.7556
0.2529 1.0000 0.7222
0.2706 -0.0000 0.7222
0.2882 -0.0000 0.6667
0.3000 2.0000 0.6889
0.3412 -4.0000 0.6222
0.3412 -4.0000 0.6444
0.3706 -5.0000 0.6111
0.3941 -6.0000 0.5889
0.4412 -5.0000 0.5556
0.4588 -3.0000 0.5444
0.4882 -0.0000 0.4889
0.5000 -1.0000 0.5000
0.5353 -1.0000 0.4778
0.5706 -2.0000 0.4889
0.6000 -0.0000 0.4222
0.6176 -6.0000 0.4222
0.6412 -4.0000 0.3778
0.6824 -6.0000 0.3556
0.7059 -11.0000 0.3333
0.7353 -11.0000 0.3000
0.7647 -5.0000 0.2778
0.7941 -8.0000 0.2667
0.8353 -4.0000 0.2222
0.8647 -6.0000 0.2000
0.8882 -6.0000 0.1333
0.9059 -9.0000 0.1222
0.9588 -7.0000 0.0778
0.9706 -11.0000 0.0556
1.0000 -14.0000 0.0000
