-0.0000 1.0000 0.1207
0.1173 0.9471 0.1379
0.1453 0.9081 0.1724
0.2067 0.9025 0.1379
0.2682 0.8774 0.0690
0.2849 0.8524 0.0517
0.3296 0.7967 0.0690
0.3631 0.8050 0.0000
0.4246 0.7577 0.1034
0.4693 0.7298 0.0862
0.5028 0.6964 0.0517
0.5419 0.6992 0.0172
0.5698 0.6630 0.0517
0.5978 0.6072 0.1034
0.6313 0.6072 0.0517
0.6704 0.5710 0.0690
0.6983 0.5320 0.0517
0.7151 0.4875 0.1379
0.7486 0.4791 0.1034
0.7933 0.4457 0.1207
0.7765 0.4123 0.0862
0.8156 0.3872 0.1379
0.8492 0.3621 0.1379
0.9050 0.3370 0.1552
0.8939 0.3092 0.1552
0.9106 0.2897 0.1207
0.8994 0.2758 0.1897
0.9609 0.2340 0.2586
0.9553 0.2228 0.2414
0.9553 0.1783 0.3448
0.9888 0.1699 0.3103
1.0000 0.1365 0.4655
0.9609 0.1309 0.5000
0.9888 0.1003 0.5172
0.9888 0.0975 0.5690
0.9721 0.0669 0.6379
0.9609 0.0334 0.7586
0.9665 0.0251 0.7931
0.9721 -0.0000 0.9310
0.9441 0.0084 1.0000
