0.0357 0.9762 1.0000
0.0000 0.9762 0.9659
0.1071 1.0000 0.9205
0.0714 0.9048 0.8864
0.2500 0.9524 0.8523
0.1429 0.9524 0.8068
0.3571 0.9524 0.7955
0.3214 0.9286 0.7614
0.3571 0.8571 0.7500
0.3929 0.7857 0.6932
0.3929 0.7381 0.6705
0.5000 0.7143 0.6250
0.5000 0.7143 0.6364
0.5357 0.6905 0.5909
0.7143 0.7143 0.5455
0.6071 0.6429 0.5000
0.7500 0.5476 0.5000
0.5714 0.5476 0.5000
0.7500 0.4762 0.4545
0.7500 0.5000 0.4432
0.8929 0.5238 0.4205
0.8214 0.5476 0.3750
0.8214 0.4524 0.3523
0.8571 0.4048 0.3409
0.9286 0.3571 0.3068
0.8929 0.2619 0.2727
0.9643 0.3333 0.2727
0.8571 0.3333 0.2386
0.9286 0.2857 0.2159
0.8571 0.2619 0.2159
0.9286 0.2143 0.1932
0.8929 0.1667 0.1932
0.9643 0.1429 0.1477
0.8929 0.1905 0.1250
0.9286 0.2143 0.1023
0.9286 0.1905 0.0682
0.9286 0.0952 0.0568
0.9286 0.0476 0.0568
1.0000 0.0000 0.0227
0.8929 0.0714 0.0000
