9.8571 0.0278 0.0000
10.1429 0.0000 0.0364
9.4286 0.0556 0.0727
9.4286 0.0000 0.0545
9.1429 0.0556 0.1091
9.2857 0.0556 0.0909
9.2857 0.0278 0.1636
9.0000 0.1111 0.1636
8.5714 0.2222 0.1636
8.4286 0.2778 0.1818
7.8571 0.2500 0.2364
7.8571 0.3611 0.2909
7.4286 0.3611 0.2545
7.2857 0.4167 0.2909
6.8571 0.5556 0.3273
6.8571 0.4722 0.2909
6.0000 0.5556 0.3818
6.1429 0.5556 0.3455
5.5714 0.5833 0.4545
5.4286 0.5000 0.4000
5.0000 0.3889 0.4909
5.1429 0.4722 0.5091
4.7143 0.4167 0.4909
4.7143 0.5000 0.5455
4.2857 0.5833 0.5455
3.8571 0.5833 0.6000
3.4286 0.6944 0.6000
3.2857 0.6389 0.6182
2.5714 0.6667 0.6545
2.7143 0.8333 0.6909
2.8571 0.8889 0.6909
1.7143 1.0000 0.7091
1.0000 0.9722 0.7818
1.1429 0.9444 0.7818
0.0000 0.9444 0.8364
-0.1429 0.9167 0.8727
-1.1429 0.8889 0.9091
-1.1429 0.7500 0.9455
-1.7143 0.9722 0.9818
-1.8571 0.9722 1.0000
