0.5778 0.0000 0.0000
0.8889 0.0874 0.0392
0.6444 0.1456 0.0510
0.8667 0.1748 0.0902
0.7333 0.2039 0.0863
0.9778 0.2621 0.1216
0.6889 0.2330 0.1333
1.0000 0.3495 0.1686
0.6667 0.3883 0.1882
0.8889 0.4854 0.2314
0.6222 0.4951 0.2471
0.8889 0.5437 0.2980
0.7333 0.5243 0.2941
0.9111 0.6019 0.3451
0.6444 0.5922 0.3490
0.8222 0.6893 0.3922
0.5556 0.6893 0.4078
0.7778 0.7573 0.4627
0.4889 0.7476 0.4627
0.7111 0.7864 0.5216
0.4667 0.7573 0.5176
0.6889 0.7961 0.5608
0.3778 0.7670 0.5608
0.5778 0.7767 0.6118
0.2889 0.7767 0.6157
0.4889 0.8350 0.6627
0.2444 0.8252 0.6588
0.4000 0.8641 0.7255
0.2222 0.8738 0.7098
0.4222 0.8350 0.7686
0.2000 0.8641 0.7529
0.4000 0.8641 0.8196
0.1333 0.9417 0.8078
0.3111 0.9515 0.8745
0.0667 1.0000 0.8588
0.2889 0.9612 0.9137
0.0444 0.9903 0.8980
0.2000 0.9223 0.9529
-0.0000 0.9903 0.9216
0.0889 0.9320 1.0000
