-5.0857 4.6948 11.1517
-4.4286 4.8075 11.0574
-3.6857 4.9624 10.9719
-2.9714 5.1033 10.8716
-1.9429 5.2582 10.7566
-0.9143 5.4554 10.6357
0.0000 5.7136 10.4972
1.0000 5.9531 10.3497
2.3143 6.2300 10.1846
3.5429 6.4836 9.9900
4.7429 6.8169 9.7777
6.0857 7.1831 9.5301
7.6857 7.6244 9.2647
8.9714 8.1221 8.9521
10.2286 8.6385 8.6101
11.6000 9.1080 8.2091
13.0571 9.6103 7.7757
14.1429 10.1831 7.2744
15.0571 10.8451 6.7113
16.1429 11.5070 6.0390
17.1143 12.2019 5.3520
17.2571 12.7746 4.5765
17.6571 13.2254 3.7569
17.9143 13.5352 2.8900
17.6857 13.8310 1.9760
16.7143 14.0376 1.0000
15.4857 14.0751 -0.0000
14.3714 13.9390 -0.9821
12.9143 13.4695 -1.8666
11.9429 12.6995 -2.6196
11.5714 11.6432 -3.2434
10.8571 10.5258 -3.7764
9.7714 9.2629 -4.1801
8.7429 7.8545 -4.4114
8.6286 6.3662 -4.4568
8.4857 4.9014 -4.2753
8.7714 3.4836 -3.8762
9.4571 2.1362 -3.3545
10.0857 1.0000 -2.7716
10.1714 0.0000 -2.0776
