1.0000 1.1529 0.0000
0.9659 1.2611 0.0335
0.9474 1.3949 0.0689
0.9102 1.3885 0.1043
0.9071 1.3503 0.1496
0.8824 1.2994 0.1909
0.8669 1.3439 0.2323
0.8266 1.4204 0.2736
0.8050 1.4713 0.3110
0.7802 1.4076 0.3543
0.7833 1.2484 0.4016
0.7461 1.2166 0.4449
0.7368 1.2803 0.4921
0.7090 1.3312 0.5335
0.6904 1.2420 0.5827
0.6718 1.0000 0.6220
0.6625 0.8599 0.6673
0.6502 0.8089 0.6988
0.6316 0.8471 0.7362
0.5851 0.6879 0.7697
0.5882 0.4713 0.8091
0.5511 0.2803 0.8425
0.5387 0.1465 0.8740
0.5077 0.1338 0.9055
0.4985 0.0000 0.9272
0.4799 -0.2229 0.9469
0.4427 -0.4586 0.9626
0.3963 -0.7006 0.9705
0.3932 -0.7898 0.9862
0.3529 -0.9172 0.9843
0.3344 -1.0955 1.0000
0.2972 -1.3057 1.0000
0.2786 -1.4968 1.0000
0.2384 -1.6688 0.9941
0.2074 -1.8917 0.9862
0.1672 -2.0637 0.9764
0.1269 -2.2739 0.9685
0.0712 -2.4013 0.9567
0.0279 -2.6115 0.9449
-0.0000 -2.7834 0.9331
