-0.0000 -14.0000 0.0000
0.1860 -12.4375 0.0140
0.1860 -12.1875 0.0186
0.3023 -11.8750 0.0163
0.2326 -11.0625 0.0350
0.3953 -10.7500 0.0373
0.4186 -9.3125 0.0536
0.5116 -10.1250 0.0490
0.4186 -8.7500 0.0699
0.5116 -8.9375 0.0769
0.3721 -7.6250 0.0839
0.5581 -8.1875 0.0862
0.5581 -6.2500 0.1119
0.5581 -6.3750 0.1212
0.6047 -5.0000 0.1282
0.6047 -5.1875 0.1375
0.6279 -3.5000 0.1469
0.6279 -4.1250 0.1562
0.7209 -2.6250 0.1655
0.6744 -3.3125 0.1795
0.6977 -1.3750 0.2028
0.6744 -2.1250 0.2168
0.7907 -1.0625 0.2284
0.8140 -1.0625 0.2564
0.7674 -0.5625 0.2797
0.6977 0.0000 0.3147
0.8372 1.0000 0.3473
0.8372 1.8750 0.3916
0.8372 1.0625 0.4149
0.9535 3.1250 0.4545
0.8140 2.0000 0.4872
1.0000 4.5000 0.5408
0.8605 3.6250 0.5874
1.0000 5.5000 0.6317
0.9535 5.8125 0.7040
0.9070 6.1250 0.7483
0.8605 8.0625 0.8112
0.8837 7.2500 0.8648
0.7442 10.0625 0.9394
0.6047 8.3750 1.0000
