1.0000 0.0847 1.0000
0.9581 0.1186 0.9574
0.9251 0.0847 1.0000
0.8832 0.0000 0.9787
0.8653 0.0678 0.9574
0.8323 0.0678 0.8723
0.8144 0.2881 0.8085
0.7605 0.2034 0.7872
0.7515 0.0847 0.8298
0.7126 0.0678 0.7447
0.7036 0.1017 0.7234
0.6766 0.2881 0.5106
0.6527 0.3729 0.5319
0.6198 0.2881 0.4681
0.6018 0.2712 0.5745
0.5509 0.3220 0.5106
0.5509 0.3898 0.4894
0.5180 0.5424 0.3191
0.5030 0.5424 0.2340
0.4581 0.5085 0.3617
0.4581 0.3729 0.3617
0.4102 0.3559 0.2766
0.4042 0.4915 0.1915
0.3653 0.5763 0.0213
0.3443 0.7458 0.0638
0.3114 0.7458 0.0213
0.2964 0.5085 0.1915
0.2545 0.4915 0.1915
0.2485 0.7119 0.0638
0.2186 0.7966 0.0000
0.2066 0.9492 0.1064
0.1766 0.8814 0.0851
0.1707 0.6780 0.2553
0.1317 0.5763 0.2979
0.1198 0.8475 0.2340
0.0988 0.9492 0.1915
0.0838 1.0000 0.2340
0.0389 0.9153 0.3191
0.0359 0.8644 0.3830
0.0000 0.9153 0.4894
