-25.0000 0.0513 0.0000
-27.0000 0.0000 0.0395
-24.0000 0.0256 0.0263
-26.0000 0.2051 0.0789
-24.0000 0.1795 0.0658
-23.0000 0.2821 0.1053
-22.0000 0.2564 0.1184
-21.0000 0.2821 0.1711
-17.0000 0.3590 0.1447
-17.0000 0.3077 0.1974
-14.0000 0.4103 0.1842
-15.0000 0.4872 0.2500
-9.0000 0.4359 0.2632
-12.0000 0.5385 0.3026
-8.0000 0.5641 0.2895
-7.0000 0.5641 0.3158
-5.0000 0.5128 0.3026
-5.0000 0.4872 0.3289
-1.0000 0.6154 0.3289
-4.0000 0.6154 0.4079
-1.0000 0.7179 0.3947
-3.0000 0.7179 0.4605
1.0000 0.6667 0.4342
-0.0000 0.7692 0.5132
3.0000 0.6667 0.4737
4.0000 0.7949 0.5132
8.0000 0.7692 0.5132
11.0000 0.8462 0.5658
13.0000 0.8718 0.5921
11.0000 0.9231 0.6579
14.0000 0.9231 0.6447
16.0000 0.8718 0.6842
19.0000 0.8974 0.6711
19.0000 0.8462 0.7763
22.0000 0.8718 0.7895
19.0000 1.0000 0.8289
24.0000 0.9487 0.8684
23.0000 0.9487 0.8947
29.0000 0.8462 0.9079
28.0000 0.7692 1.0000
