0.7778 1.0000 0.0135
0.8889 0.9615 0.1284
0.7407 0.7692 0.0000
0.8889 0.8654 0.1689
0.8519 0.8077 0.0473
1.0000 0.9423 0.2230
1.0000 0.8654 0.0946
0.9630 0.9038 0.2770
0.8889 0.7308 0.1554
0.9259 0.7692 0.3649
0.8889 0.7500 0.1959
0.8889 0.8462 0.4054
0.8148 0.7692 0.2432
0.7778 0.7308 0.4662
0.6667 0.6538 0.2838
0.7407 0.4423 0.5135
0.5185 0.5577 0.3311
0.5926 0.4808 0.5405
0.4815 0.5769 0.3784
0.6667 0.4615 0.5946
0.5556 0.6346 0.3986
0.7407 0.4038 0.6216
0.5185 0.5192 0.4527
0.6667 0.3077 0.6757
0.3704 0.5577 0.5135
0.5926 0.3654 0.7365
0.3333 0.6923 0.5946
0.4815 0.4423 0.7838
0.1852 0.6538 0.6351
0.5556 0.3846 0.8041
0.1111 0.5385 0.6824
0.4074 0.3077 0.8311
0.0370 0.5577 0.7230
0.4815 0.2308 0.8784
0.1481 0.4615 0.7703
0.4444 0.1923 0.9054
-0.0000 0.4038 0.8243
0.3704 0.0962 0.9459
-0.0000 0.2885 0.8581
0.4444 0.0000 1.0000
