-0.0000 0.6296 0.0000
0.0476 0.5185 0.0519
0.0476 0.4444 0.1039
0.0714 0.4074 0.1429
0.0714 0.3333 0.1429
0.1310 0.5556 0.2078
0.1667 0.5926 0.2597
0.1786 0.6296 0.3377
0.1786 0.3704 0.3896
0.2262 0.4815 0.4675
0.2738 0.5185 0.4416
0.3452 0.5926 0.4805
0.3214 0.5556 0.5065
0.2857 0.5185 0.5455
0.3929 0.1852 0.5584
0.4286 0.4444 0.5844
0.4643 0.6296 0.6234
0.4524 0.6296 0.6494
0.5119 0.6296 0.6234
0.5833 0.5556 0.6753
0.6071 0.4074 0.6623
0.5714 0.6667 0.7403
0.5833 0.4074 0.7532
0.6071 0.4074 0.7792
0.7143 0.4074 0.7532
0.6905 0.5926 0.8052
0.6905 0.5556 0.8052
0.6667 0.5926 0.8961
0.7619 0.3333 0.8571
0.8214 0.6296 0.8831
0.7976 0.6296 0.8701
0.7976 0.3704 0.9481
0.8333 0.0000 0.9481
0.7976 0.2963 0.9481
0.9167 0.7778 0.8831
0.8810 0.7778 0.9221
0.8690 0.7778 0.9610
0.8810 0.3333 1.0000
0.9643 0.4815 0.9481
1.0000 1.0000 0.9740
