0.5829 0.4170 0.0979
0.7638 0.5403 0.1450
0.9384 0.7015 0.2088
1.1193 0.8437 0.2900
1.2701 1.0000 0.3902
1.3882 1.1197 0.5101
1.4774 1.1801 0.6411
1.5339 1.1545 0.7782
1.5729 0.9725 0.8900
1.5967 0.7436 0.9806
1.6495 0.3321 1.0000
1.6897 0.0000 0.9758
1.7387 -0.3791 0.8882
1.7575 -0.5855 0.7816
1.7236 -0.7631 0.6532
1.6394 -0.8004 0.5260
1.5063 -0.8065 0.4171
1.3467 -0.7601 0.3169
1.1734 -0.6825 0.2435
1.0000 -0.6239 0.1803
0.8480 -0.5379 0.1373
0.7060 -0.4866 0.0970
0.5729 -0.4109 0.0703
0.4698 -0.3724 0.0476
0.3706 -0.3089 0.0344
0.2990 -0.2766 0.0221
0.2349 -0.2393 0.0138
0.1847 -0.2192 0.0075
0.1394 -0.1844 0.0040
0.1093 -0.1667 0.0021
0.0779 -0.1520 0.0000
0.0628 -0.1355 0.0002
0.0389 -0.1172 0.0021
0.0264 -0.1081 0.0038
0.0151 -0.1032 0.0056
0.0075 -0.1007 0.0071
0.0000 -0.0934 0.0098
-0.0063 -0.0928 0.0119
-0.0088 -0.1007 0.0131
-0.0163 -0.1001 0.0156
