-0.0000 1.0000 0.0000
0.0334 0.9916 0.0044
0.0656 0.9874 0.0132
0.0964 0.9665 0.0176
0.1272 0.9163 0.0308
0.1620 0.8619 0.0374
0.1902 0.8326 0.0529
0.2172 0.7908 0.0617
0.2481 0.7573 0.0771
0.2776 0.7238 0.0969
0.3033 0.6527 0.1123
0.3342 0.6025 0.1344
0.3650 0.5565 0.1520
0.3895 0.5105 0.1652
0.4139 0.4686 0.1938
0.4434 0.4226 0.2070
0.4704 0.3556 0.2379
0.5000 0.3264 0.2511
0.5308 0.2510 0.2797
0.5566 0.2050 0.3018
0.5874 0.1674 0.3304
0.6105 0.1423 0.3700
0.6362 0.0837 0.4031
0.6658 0.0586 0.4317
0.6941 0.0418 0.4604
0.7172 0.0251 0.5066
0.7429 0.0084 0.5286
0.7661 0.0084 0.5639
0.7943 0.0042 0.6035
0.8162 -0.0000 0.6432
0.8432 0.0293 0.6762
0.8625 0.0293 0.7225
0.8843 0.0377 0.7599
0.9075 0.0669 0.7930
0.9280 0.1088 0.8216
0.9396 0.1883 0.8678
0.9524 0.2552 0.8987
0.9679 0.3473 0.9383
0.9871 0.3849 0.9692
1.0000 0.4770 1.0000
