0.0000 0.0000 0.4211
0.0101 0.0930 0.2632
0.0176 0.2558 0.2105
0.0276 0.3256 0.2105
0.0377 0.3953 0.1579
0.0528 0.4419 0.2105
0.0729 0.4884 0.1579
0.0804 0.5581 0.0526
0.1030 0.6512 0.0526
0.1231 0.7209 0.1053
0.1482 0.5814 0.0526
0.1658 0.7442 0.1053
0.1985 0.8605 0.1053
0.2186 0.8605 0.0000
0.2437 0.8372 0.2632
0.2764 1.0000 0.2105
0.2990 0.8605 0.3684
0.3241 0.7907 0.1579
0.3518 0.8372 0.2105
0.3769 0.8605 0.1579
0.4095 0.7674 0.1579
0.4322 0.8605 0.1579
0.4749 0.7907 0.1579
0.5025 0.7907 0.0526
0.5327 0.8372 0.3684
0.5653 0.8140 0.2105
0.5980 0.6977 0.2105
0.6332 0.7442 0.2105
0.6633 0.6977 0.0526
0.6960 0.6512 0.2105
0.7286 0.6512 0.2105
0.7588 0.6047 0.4211
0.7915 0.5814 0.4737
0.8166 0.5814 0.5789
0.8492 0.4884 0.6316
0.8844 0.5116 0.6842
0.9095 0.5116 0.5789
0.9422 0.5116 0.6316
0.9673 0.5349 0.5789
1.0000 0.5814 1.0000
