0.0148 0.9933 0.0000
0.0000 1.0000 0.0545
0.0185 0.8725 0.1199
0.0111 0.9195 0.1471
0.0443 0.9027 0.1744
0.0443 0.8624 0.2180
0.0554 0.8356 0.2670
0.0517 0.7819 0.3079
0.0738 0.8087 0.3379
0.0996 0.7919 0.3733
0.1255 0.7785 0.4169
0.1550 0.7584 0.4496
0.1771 0.7383 0.4768
0.1845 0.7114 0.5232
0.2066 0.6913 0.5586
0.2362 0.6779 0.5777
0.2583 0.6174 0.6322
0.2915 0.5906 0.6458
0.3284 0.5302 0.6948
0.3727 0.5101 0.7139
0.3875 0.4966 0.7248
0.4059 0.4631 0.7520
0.4280 0.4195 0.7766
0.4834 0.4195 0.7820
0.5129 0.3893 0.7956
0.5240 0.3993 0.8120
0.5830 0.3658 0.8174
0.5904 0.3591 0.8311
0.6494 0.3423 0.8256
0.6679 0.3087 0.8501
0.7306 0.3289 0.8610
0.7638 0.2987 0.8692
0.8081 0.3121 0.8801
0.8192 0.2685 0.8937
0.8413 0.2550 0.9155
0.8672 0.1846 0.9346
0.8930 0.1443 0.9591
0.9446 0.1275 0.9646
0.9594 0.0302 0.9891
1.0000 0.0000 1.0000
