0.0233 1.0000 0.7836
0.0129 0.9992 0.8016
0.0072 0.9862 0.8307
0.0056 0.9634 0.8587
0.0032 0.9512 0.8758
0.0008 0.9122 0.9018
0.0000 0.9008 0.9178
0.0056 0.8455 0.9469
0.0096 0.8260 0.9599
0.0161 0.7691 0.9810
0.0297 0.7309 0.9900
0.0490 0.6667 0.9900
0.0739 0.6000 1.0000
0.1052 0.5374 0.9840
0.1422 0.4528 0.9810
0.1863 0.3935 0.9449
0.2442 0.2911 0.9218
0.3060 0.2398 0.8637
0.3888 0.1512 0.8086
0.4675 0.0862 0.7395
0.5550 0.0350 0.6533
0.6458 0.0041 0.5691
0.7341 0.0024 0.4669
0.8169 0.0000 0.3818
0.8900 0.0447 0.2786
0.9494 0.0919 0.2014
0.9896 0.1805 0.1232
1.0000 0.2610 0.0691
0.9976 0.3894 0.0240
0.9655 0.4854 0.0000
0.9092 0.5813 0.0070
0.8386 0.6520 0.0160
0.7671 0.7203 0.0591
0.6811 0.7691 0.0832
0.5936 0.7846 0.1483
0.5936 0.7846 0.1483
0.4305 0.7878 0.2455
0.4305 0.7878 0.2455
0.4305 0.7878 0.2455
0.2378 0.7024 0.3878
