0.9688 0.0508 0.0000
0.9688 0.0000 0.0431
1.0000 0.1695 0.0287
0.9688 0.1186 0.0813
0.9062 0.2712 0.0766
0.9062 0.2203 0.1196
0.8438 0.3559 0.1148
0.8125 0.3051 0.1531
0.8125 0.4407 0.1483
0.7500 0.3559 0.1914
0.7812 0.4576 0.1866
0.7500 0.3559 0.2440
0.8438 0.4407 0.2297
0.7500 0.3220 0.2679
0.7188 0.4237 0.2584
0.7188 0.3220 0.3062
0.7188 0.4746 0.2919
0.6250 0.3390 0.3493
0.5938 0.4576 0.3349
0.5625 0.3559 0.3876
0.6250 0.5424 0.3780
0.4375 0.4068 0.4354
0.5312 0.5932 0.4306
0.4062 0.4576 0.4880
0.5312 0.6441 0.4976
0.4375 0.5254 0.5455
0.5312 0.7119 0.5455
0.4375 0.6102 0.5981
0.5625 0.7966 0.5981
0.4375 0.6949 0.6651
0.5000 0.9831 0.6699
0.4062 0.8136 0.7416
0.5938 0.8983 0.7608
0.1562 0.7458 0.8182
0.4062 0.9322 0.8325
0.2188 0.8475 0.8756
0.4375 1.0000 0.8947
0.1875 0.8305 0.9426
0.2188 1.0000 0.9617
-0.0000 0.7458 1.0000
