18.3030 -2.9822 0.0458
17.7273 -2.8462 0.0191
17.1515 -2.7870 0.0076
16.7576 -2.6450 0.0038
16.0606 -2.5385 0.0076
15.5152 -2.3787 0.0000
14.8485 -2.2840 0.0000
14.4545 -2.2189 0.0153
13.8182 -2.0947 0.0115
13.4242 -1.9586 0.0344
12.7273 -1.8047 0.0344
12.3636 -1.7160 0.0534
11.6667 -1.6391 0.0725
11.2727 -1.5503 0.1107
10.6061 -1.3787 0.1298
10.0909 -1.2663 0.1489
9.4848 -1.1834 0.1679
9.0303 -1.1657 0.2023
8.4545 -1.0592 0.2252
7.8485 -0.8994 0.2595
7.1818 -0.8166 0.2939
6.6364 -0.7692 0.3206
5.7273 -0.7396 0.3817
5.2727 -0.6154 0.3931
4.4848 -0.5030 0.4275
3.9697 -0.4556 0.4733
3.2121 -0.4615 0.4885
2.6061 -0.4083 0.5153
1.7273 -0.2663 0.5458
1.0000 -0.1598 0.5916
-0.0000 -0.1183 0.6221
-0.6667 -0.1598 0.6794
-1.7879 0.0000 0.7023
-2.6970 0.1716 0.7366
-3.7576 0.2840 0.7557
-4.5455 0.3432 0.8092
-5.7273 0.4024 0.8550
-6.6667 0.5562 0.8969
-7.8182 0.8107 0.9427
-8.9394 1.0000 1.0000
