0.9808 0.0192 0.9500
1.0000 0.0000 1.0000
0.9808 0.0192 1.0000
1.0000 0.0385 0.9750
0.9038 0.0962 0.9000
0.8654 0.1154 0.9250
0.8654 0.1923 0.9250
0.8654 0.2115 0.9250
0.8269 0.2115 0.8500
0.8269 0.1923 0.8500
0.7692 0.2308 0.8500
0.7885 0.2308 0.8000
0.7115 0.2500 0.8000
0.7308 0.2115 0.8000
0.6538 0.3077 0.7000
0.6923 0.3077 0.7000
0.6731 0.3846 0.7250
0.6154 0.3846 0.6750
0.6346 0.4423 0.6500
0.5962 0.4423 0.6500
0.5769 0.5000 0.7000
0.5769 0.5192 0.6250
0.5385 0.5577 0.6000
0.5192 0.5192 0.5000
0.4808 0.5962 0.5250
0.4808 0.6154 0.4750
0.5000 0.6731 0.4500
0.4808 0.7308 0.4250
0.4615 0.7115 0.4250
0.4038 0.6923 0.3500
0.3654 0.7692 0.3500
0.3462 0.7692 0.2750
0.2692 0.8077 0.2750
0.2885 0.8269 0.2000
0.2308 0.9231 0.1750
0.2115 0.9423 0.1500
0.1731 1.0000 0.0500
0.0962 1.0000 0.0500
0.0577 0.9808 0.0000
0.0000 1.0000 0.0250
