1.0000 1.0000 0.9505
0.9902 0.9765 0.9541
0.9770 0.9447 0.9859
0.9672 0.9112 0.9788
0.9377 0.8945 0.9965
0.8984 0.8794 0.9717
0.8918 0.8459 0.9753
0.8623 0.8141 0.9894
0.8426 0.7789 0.9859
0.7967 0.7454 1.0000
0.7574 0.7270 0.9717
0.7475 0.6817 0.9611
0.7016 0.6348 0.9753
0.6885 0.5930 0.9505
0.6590 0.5578 0.9717
0.6295 0.5394 0.9152
0.6000 0.4992 0.9187
0.5574 0.4523 0.9258
0.5410 0.4020 0.9046
0.5016 0.3719 0.9011
0.4820 0.3585 0.8339
0.4459 0.3283 0.8021
0.4164 0.2881 0.7809
0.4000 0.2462 0.7703
0.3639 0.2178 0.7208
0.3410 0.2111 0.6749
0.3082 0.1859 0.6290
0.2754 0.1508 0.6184
0.2590 0.1206 0.5830
0.2164 0.0921 0.5371
0.2000 0.0905 0.4664
0.1836 0.0720 0.4064
0.1705 0.0553 0.3710
0.1443 0.0369 0.3428
0.1082 0.0302 0.2898
0.0885 0.0201 0.2297
0.0689 0.0168 0.1837
0.0393 0.0151 0.1201
0.0164 0.0067 0.0742
0.0000 0.0000 0.0000
