0.0000 0.0969 0.0000
0.1250 0.0573 0.0287
0.2434 0.0044 0.0701
0.3882 0.0000 0.0908
0.4145 0.0044 0.1115
0.4671 0.0176 0.1354
0.5526 0.0264 0.1576
0.6316 0.0529 0.1720
0.6579 0.1057 0.1911
0.6908 0.1410 0.2134
0.7039 0.1894 0.2468
0.7500 0.2379 0.2643
0.7368 0.3348 0.2946
0.7303 0.3568 0.3296
0.7171 0.4053 0.3662
0.7434 0.4449 0.3949
0.7171 0.5419 0.4283
0.7039 0.5463 0.4682
0.6711 0.6123 0.5048
0.6776 0.6344 0.5462
0.6382 0.7004 0.5780
0.6382 0.6916 0.6162
0.5987 0.7401 0.6385
0.6184 0.7753 0.6672
0.6184 0.8150 0.6959
0.6053 0.8062 0.7389
0.5789 0.8238 0.7627
0.5855 0.8194 0.7882
0.5658 0.8678 0.8057
0.6053 0.8502 0.8280
0.5987 0.8458 0.8487
0.6382 0.8370 0.8710
0.6447 0.8546 0.8869
0.6908 0.8502 0.9045
0.7039 0.9119 0.9156
0.7434 0.8811 0.9411
0.7829 0.9119 0.9554
0.8487 0.8899 0.9666
0.9013 1.0000 0.9713
1.0000 0.9780 1.0000
