0.0000 0.8533 0.0000
0.0227 0.9266 0.0027
0.0422 0.8893 0.0482
0.0568 0.9356 0.0710
0.0795 0.9228 0.0964
0.1120 0.9678 0.1392
0.1299 0.9820 0.1539
0.1445 0.9743 0.2195
0.1640 0.9833 0.2316
0.1867 0.9704 0.2945
0.2062 1.0000 0.3146
0.2240 0.9627 0.3775
0.2516 0.9987 0.3989
0.2776 0.9562 0.4498
0.2987 0.9562 0.4980
0.3182 0.9138 0.5502
0.3474 0.9472 0.5770
0.3734 0.9163 0.6091
0.3945 0.8893 0.6680
0.4172 0.8636 0.7041
0.4497 0.8597 0.7456
0.4870 0.8430 0.7644
0.5081 0.8095 0.8193
0.5308 0.7864 0.8380
0.5601 0.7284 0.8956
0.5893 0.7130 0.8956
0.6153 0.6384 0.9518
0.6461 0.6448 0.9398
0.6834 0.5367 0.9906
0.7078 0.5277 0.9786
0.7256 0.4427 1.0000
0.7516 0.4337 0.9880
0.7825 0.3256 0.9987
0.8117 0.3153 0.9866
0.8377 0.2355 0.9759
0.8636 0.2098 0.9625
0.9010 0.1570 0.9170
0.9253 0.0901 0.9170
0.9627 0.1055 0.8434
1.0000 0.0000 0.8541
