-0.0000 0.7241 1.0000
0.0562 0.5862 0.9895
0.0787 0.2069 0.9319
0.1461 0.3448 0.9110
0.1798 0.2069 0.8848
0.2247 0.2069 0.8534
0.2472 -0.0000 0.8377
0.2865 0.1724 0.7958
0.3034 0.2414 0.7696
0.3427 0.2759 0.7435
0.3596 0.5172 0.7120
0.3820 0.5172 0.6859
0.3933 0.6897 0.6597
0.4045 0.8276 0.6387
0.4213 0.8966 0.6021
0.4382 0.8621 0.5916
0.4494 1.0000 0.5707
0.4775 0.9655 0.5550
0.4831 0.9310 0.5236
0.5169 0.9655 0.5079
0.5393 0.9655 0.4764
0.5730 0.9310 0.4660
0.5787 0.8966 0.4293
0.6292 0.8966 0.4031
0.6348 0.8966 0.3822
0.6685 0.8276 0.3613
0.6742 0.8276 0.3403
0.7135 0.8276 0.3194
0.7191 0.7931 0.2984
0.7360 0.7931 0.2775
0.7584 0.8276 0.2461
0.7921 0.8966 0.2199
0.8090 0.8621 0.1885
0.8371 0.8966 0.1675
0.8596 0.7586 0.1414
0.8876 0.6552 0.1099
0.9101 0.6552 0.0838
0.9663 0.5517 0.0576
0.9663 0.4828 0.0157
1.0000 0.5862 0.0000
