-0.0000 -2.9375 1.0000
0.0637 -1.8750 0.9255
0.1225 -0.9375 0.8627
0.1985 0.0000 0.8044
0.2794 1.0000 0.7513
0.3382 1.6875 0.7033
0.4020 2.5000 0.6590
0.4632 3.1875 0.6140
0.5343 3.7500 0.5742
0.5784 4.1875 0.5351
0.6152 4.8125 0.5033
0.6691 5.0000 0.4708
0.6985 5.0000 0.4413
0.7279 5.1250 0.4089
0.7623 5.1875 0.3852
0.8064 5.8750 0.3601
0.8309 6.1875 0.3358
0.8505 6.0000 0.3137
0.8676 5.7500 0.2915
0.9020 6.0000 0.2723
0.9142 5.8750 0.2546
0.9338 6.2500 0.2376
0.9608 6.5000 0.2214
0.9608 6.4375 0.2000
0.9608 6.3125 0.1845
0.9804 5.5000 0.1690
0.9828 6.0000 0.1550
0.9877 6.1250 0.1410
0.9804 6.3750 0.1292
0.9926 6.6875 0.1151
0.9951 6.6250 0.1018
0.9902 6.4375 0.0900
0.9804 6.5625 0.0753
0.9902 6.3750 0.0649
0.9779 6.8125 0.0524
0.9877 7.1250 0.0421
0.9902 7.1250 0.0303
1.0000 7.1250 0.0177
0.9779 7.5000 0.0103
0.9681 7.3125 0.0000
