-0.0000 0.7143 0.0000
0.1010 0.7500 0.0452
0.1515 0.8214 0.0825
0.3131 0.8839 0.1316
0.3030 0.9152 0.1749
0.3939 0.9152 0.2240
0.4141 0.8929 0.2790
0.4747 0.8973 0.3242
0.5253 0.9375 0.3694
0.5859 0.9777 0.4185
0.6061 1.0000 0.4578
0.6768 0.9598 0.5128
0.6263 0.8839 0.5422
0.7475 0.8393 0.5815
0.7374 0.8884 0.6208
0.7879 0.8750 0.6562
0.8283 0.8750 0.6817
0.8687 0.8080 0.7171
0.8182 0.7321 0.7466
0.8586 0.5982 0.7721
0.8687 0.6562 0.7957
0.8687 0.6205 0.8173
0.9394 0.5580 0.8271
1.0000 0.5000 0.8428
0.9192 0.4152 0.8527
0.9798 0.3080 0.8644
0.9394 0.3214 0.8743
0.9293 0.3259 0.8841
0.9899 0.3125 0.8939
0.9798 0.2723 0.8998
0.9293 0.2054 0.9077
0.9394 0.1339 0.9214
0.8687 0.1920 0.9312
0.8687 0.1696 0.9411
0.8485 0.1607 0.9450
0.8384 0.0848 0.9489
0.7576 0.0491 0.9646
0.7071 0.0000 0.9646
0.6364 0.0446 0.9843
0.5960 0.0446 1.0000
