-0.0000 0.0955 0.0000
0.0437 0.0791 0.0069
0.0939 0.0761 0.0414
0.1463 0.0701 0.0207
0.1965 0.0582 0.0552
0.2380 0.0552 0.0621
0.2926 0.0522 0.0897
0.3428 0.0343 0.1241
0.3865 0.0299 0.1655
0.4389 0.0299 0.1655
0.4847 0.0149 0.2414
0.5349 0.0134 0.2483
0.5830 0.0104 0.2966
0.6288 -0.0000 0.3448
0.6769 0.0104 0.4207
0.7162 0.0239 0.4414
0.7467 0.0284 0.5103
0.7991 0.0448 0.5517
0.8297 0.0627 0.6000
0.8537 0.0866 0.6276
0.8821 0.1194 0.6621
0.9017 0.1463 0.6828
0.9301 0.1791 0.7517
0.9498 0.2119 0.7586
0.9738 0.2537 0.8138
0.9891 0.2836 0.8483
0.9934 0.3284 0.8966
0.9956 0.3806 0.9103
0.9978 0.4239 0.9586
1.0000 0.4657 0.9517
0.9913 0.5284 0.9586
0.9934 0.5657 1.0000
0.9891 0.6164 1.0000
0.9869 0.6761 0.9724
0.9825 0.7239 1.0000
0.9760 0.7746 0.9793
0.9716 0.8358 0.9724
0.9716 0.8821 0.9310
0.9563 0.9463 0.9172
0.9541 1.0000 0.8690
