0.0000 1.0000 0.0000
0.0340 0.9874 0.0019
0.0668 0.9701 0.0190
0.0991 0.9548 0.0247
0.1354 0.9369 0.0437
0.1682 0.9177 0.0494
0.2022 0.9011 0.0684
0.2351 0.8825 0.0817
0.2679 0.8632 0.1008
0.3036 0.8426 0.1160
0.3370 0.8187 0.1388
0.3699 0.7968 0.1597
0.4004 0.7716 0.1920
0.4326 0.7517 0.2091
0.4648 0.7238 0.2376
0.4959 0.7019 0.2567
0.5264 0.6733 0.2909
0.5545 0.6467 0.3156
0.5838 0.6202 0.3555
0.6108 0.5923 0.3802
0.6395 0.5644 0.4163
0.6665 0.5319 0.4544
0.6928 0.5013 0.4810
0.7151 0.4728 0.5209
0.7362 0.4442 0.5532
0.7614 0.4104 0.5817
0.7831 0.3798 0.6255
0.8066 0.3506 0.6483
0.8242 0.3220 0.6863
0.8435 0.2908 0.7148
0.8623 0.2623 0.7548
0.8810 0.2331 0.7757
0.8986 0.2072 0.8042
0.9168 0.1760 0.8308
0.9308 0.1487 0.8612
0.9437 0.1195 0.8859
0.9584 0.0956 0.9125
0.9730 0.0611 0.9430
0.9877 0.0299 0.9715
1.0000 -0.0000 1.0000
