1.0000 12.9737 0.0000
0.9848 11.8684 0.0940
0.9665 10.6842 0.1197
0.9421 9.6579 0.2051
0.9268 8.4474 0.2479
0.9085 7.3684 0.3248
0.8841 6.3421 0.3675
0.8720 5.1053 0.4444
0.8506 4.1579 0.4957
0.8384 3.0789 0.5726
0.8201 1.8684 0.5897
0.7896 1.0000 0.6410
0.7774 -0.0000 0.6581
0.7530 -0.9474 0.6752
0.7226 -1.8421 0.6838
0.6951 -2.8684 0.7179
0.6707 -3.7368 0.6838
0.6524 -4.6842 0.7179
0.6280 -5.7105 0.7265
0.6037 -6.6053 0.7692
0.5732 -7.5263 0.7607
0.5518 -8.4474 0.8034
0.5183 -9.2895 0.7949
0.4939 -10.2368 0.8291
0.4665 -11.1316 0.8291
0.4238 -11.9737 0.8547
0.4024 -12.9211 0.8547
0.3780 -13.6842 0.8803
0.3415 -14.5789 0.8803
0.3201 -15.4474 0.9060
0.2896 -16.1579 0.8803
0.2683 -17.0789 0.9316
0.2287 -17.8684 0.9060
0.1890 -18.7105 0.9573
0.1677 -19.5263 0.9145
0.1341 -20.3947 0.9316
0.1098 -21.1579 0.9487
0.0732 -22.0526 0.9658
0.0396 -22.7895 0.9658
0.0000 -23.5000 1.0000
