0.0000 1.0000 -8.5732
0.0060 0.9938 -8.5732
0.0084 0.9847 -8.5924
0.0144 0.9768 -8.6178
0.0132 0.9705 -8.5860
0.0193 0.9632 -8.5605
0.0181 0.9541 -8.5350
0.0217 0.9433 -8.5669
0.0205 0.9325 -8.5287
0.0253 0.9218 -8.4968
0.0313 0.9104 -8.4586
0.0337 0.8968 -8.4140
0.0337 0.8827 -8.3822
0.0421 0.8696 -8.2994
0.0445 0.8543 -8.2102
0.0469 0.8396 -8.1401
0.0469 0.8209 -8.0764
0.0529 0.8010 -7.9618
0.0542 0.7806 -7.8344
0.0638 0.7579 -7.7261
0.0626 0.7358 -7.5732
0.0746 0.7086 -7.4140
0.0842 0.6786 -7.1720
0.0999 0.6497 -6.9554
0.1119 0.6179 -6.7134
0.1276 0.5828 -6.4204
0.1480 0.5454 -6.0955
0.1721 0.5074 -5.7325
0.1998 0.4677 -5.3439
0.2359 0.4252 -4.8854
0.2756 0.3781 -4.3631
0.3297 0.3316 -3.8217
0.3851 0.2857 -3.1465
0.4404 0.2381 -2.4522
0.5030 0.1933 -1.7070
0.5800 0.1514 -0.8917
0.6631 0.1077 -0.0000
0.7653 0.0669 1.0000
0.8761 0.0283 2.0701
1.0000 0.0000 3.2038
