1.0000 1.0000 0.0000
0.9758 0.9843 0.0095
1.0000 0.9494 0.0667
0.9324 0.9075 0.2286
0.9275 0.8761 0.2381
0.8937 0.8412 0.2952
0.8986 0.8325 0.2476
0.8841 0.8063 0.2476
0.8647 0.7731 0.4000
0.8261 0.7243 0.4571
0.8213 0.6876 0.5429
0.7826 0.6806 0.5143
0.7826 0.6719 0.5048
0.7778 0.6527 0.5333
0.7488 0.6021 0.6857
0.6957 0.5620 0.7238
0.6908 0.5462 0.7429
0.6715 0.5393 0.6381
0.6763 0.5218 0.6571
0.6473 0.4904 0.7524
0.6087 0.4485 0.8571
0.5749 0.4258 0.8571
0.5459 0.4031 0.8762
0.5169 0.4014 0.8381
0.5121 0.3857 0.8476
0.4734 0.3351 0.9333
0.4444 0.2967 1.0000
0.4106 0.2740 0.9810
0.3865 0.2565 0.9619
0.3720 0.2426 0.8857
0.3527 0.2216 0.9238
0.3043 0.1885 0.9429
0.2850 0.1553 0.9333
0.2174 0.1344 0.9238
0.1836 0.1239 0.8476
0.1643 0.0995 0.7810
0.1304 0.0785 0.7810
0.0628 0.0454 0.7238
0.0435 0.0244 0.6476
0.0000 0.0000 0.5714
