0.0000 0.0000 0.0132
0.1076 0.0237 0.0000
0.2222 0.0407 0.0179
0.3264 0.0618 0.0009
0.4201 0.0762 0.0348
0.5069 0.1143 0.0009
0.6181 0.1248 0.0348
0.6806 0.1721 0.0038
0.7396 0.1919 0.0263
0.8056 0.2339 0.0188
0.8611 0.2536 0.0292
0.9201 0.3154 0.0292
0.9514 0.3403 0.0386
0.9757 0.3995 0.0470
1.0000 0.4376 0.0555
0.9896 0.4993 0.0837
0.9861 0.5375 0.1072
0.9896 0.5834 0.1411
0.9826 0.6334 0.1533
0.9653 0.6728 0.2060
0.9306 0.7240 0.2342
0.9201 0.7569 0.2850
0.8993 0.8068 0.3151
0.8715 0.8173 0.3772
0.8368 0.8528 0.4111
0.8507 0.8857 0.4525
0.8264 0.9172 0.4901
0.8194 0.9435 0.5353
0.7847 0.9566 0.5833
0.7917 0.9724 0.6265
0.7639 0.9869 0.6707
0.7674 0.9882 0.7093
0.7639 1.0000 0.7488
0.7674 0.9974 0.7874
0.7500 0.9908 0.8410
0.7257 0.9961 0.8721
0.7188 0.9895 0.9040
0.7188 0.9829 0.9426
0.7083 0.9671 0.9718
0.6910 0.9658 1.0000
