0.0000 1.0000 1.0000
0.0082 0.9500 0.9813
0.0383 0.9437 0.9440
0.0519 0.9437 0.9291
0.0710 0.8875 0.9030
0.0956 0.8500 0.8806
0.1230 0.8063 0.8507
0.1421 0.7875 0.8321
0.1667 0.7625 0.7985
0.1776 0.7438 0.7799
0.2022 0.7250 0.7425
0.2131 0.6625 0.7239
0.2432 0.6000 0.6866
0.2623 0.6062 0.6791
0.2896 0.5813 0.6381
0.3087 0.5563 0.6082
0.3333 0.5437 0.5784
0.3552 0.5500 0.5672
0.3852 0.5188 0.5261
0.4071 0.4938 0.5075
0.4372 0.4938 0.4776
0.4536 0.4875 0.4664
0.4863 0.4562 0.4216
0.5109 0.4500 0.4104
0.5328 0.4375 0.3769
0.5601 0.4062 0.3582
0.5902 0.3750 0.3172
0.6148 0.3688 0.3022
0.6503 0.3312 0.2724
0.6858 0.3187 0.2500
0.7240 0.2812 0.2276
0.7432 0.2500 0.2239
0.7951 0.2375 0.1679
0.8142 0.2000 0.1642
0.8525 0.1875 0.1269
0.8743 0.1562 0.1082
0.9098 0.1062 0.0746
0.9426 0.0688 0.0560
0.9617 0.0500 0.0187
1.0000 0.0000 0.0000
