0.9845 0.0000 0.0000
0.9845 0.0237 0.0267
0.9845 0.0479 0.0933
0.9876 0.0710 0.1200
0.9845 0.0995 0.1333
0.9938 0.1238 0.1600
1.0000 0.1523 0.2000
0.9814 0.1772 0.2533
0.9720 0.2057 0.3067
0.9658 0.2294 0.3867
0.9503 0.2585 0.4133
0.9410 0.2852 0.4667
0.9193 0.3180 0.5067
0.9037 0.3428 0.5600
0.8820 0.3708 0.6000
0.8571 0.3956 0.6533
0.8385 0.4229 0.6933
0.8261 0.4478 0.7067
0.7981 0.4745 0.7333
0.7733 0.4994 0.7867
0.7516 0.5273 0.8000
0.7329 0.5516 0.8533
0.7236 0.5801 0.8000
0.6832 0.6050 0.8267
0.6460 0.6317 0.8400
0.6118 0.6553 0.8933
0.5745 0.6833 0.8933
0.5404 0.7081 0.8933
0.5000 0.7354 0.8800
0.4627 0.7627 0.9333
0.4224 0.7870 0.9333
0.3727 0.8113 0.9600
0.3323 0.8350 0.9333
0.2950 0.8592 0.9467
0.2484 0.8841 0.9733
0.1988 0.9078 0.9867
0.1460 0.9296 1.0000
0.0901 0.9539 0.9600
0.0373 0.9782 0.9467
0.0000 1.0000 0.9467
