0.6531 0.0000 0.8916
0.6888 0.1633 0.8373
0.6990 0.0102 0.8735
0.7143 0.1633 0.8795
0.7194 0.0306 0.8554
0.7551 0.3265 0.8855
0.7959 0.1020 0.8494
0.8112 0.3061 0.9518
0.8520 0.0510 0.8494
0.8571 0.3367 0.9578
0.8724 0.1531 0.8494
0.8980 0.3776 0.9699
0.9133 0.2449 0.8434
0.9184 0.4286 0.9880
0.9541 0.2959 0.8373
0.9541 0.4694 1.0000
0.9796 0.2959 0.8434
0.9694 0.4388 0.9699
1.0000 0.2653 0.8193
0.9949 0.3571 0.9096
0.9949 0.2449 0.7771
0.9898 0.3367 0.8735
0.9898 0.2041 0.7590
0.9949 0.3469 0.8012
0.9847 0.2347 0.6807
1.0000 0.3265 0.7108
0.9592 0.2449 0.5904
0.9082 0.3878 0.6325
0.8776 0.2857 0.5241
0.8214 0.4082 0.5000
0.8061 0.3878 0.3976
0.7143 0.5204 0.3855
0.6429 0.5408 0.3133
0.5714 0.6224 0.3072
0.5102 0.6429 0.2229
0.4235 0.7551 0.1928
0.3214 0.7755 0.1145
0.1990 0.8469 0.0964
0.1071 0.8673 0.0181
0.0000 1.0000 0.0000
