-0.9286 0.5625 0.8846
-0.0000 0.6458 0.9615
1.0000 0.5833 0.8846
1.7857 0.7083 1.0000
2.9286 0.6458 0.9615
3.6429 0.6667 1.0000
4.7143 0.6875 0.9423
5.2857 0.7500 0.9615
6.3571 0.7708 0.8846
7.0714 0.8333 0.9808
8.0000 0.8750 0.9038
9.0000 1.0000 0.9231
10.0000 0.8750 0.8846
10.6429 0.9792 0.9231
11.8571 0.9583 0.8077
12.5000 0.9167 0.8654
13.6429 0.8750 0.8077
14.5714 0.9167 0.7885
15.6429 0.8333 0.7885
16.4286 0.9375 0.7692
17.5000 0.9167 0.7115
18.3571 0.8750 0.7692
19.4286 0.9167 0.6538
20.1429 0.7917 0.6731
21.2143 0.7500 0.5962
22.0000 0.8958 0.5962
23.2143 0.8125 0.5192
24.2143 0.8958 0.5000
25.5714 0.8333 0.4615
26.2857 0.8125 0.3846
27.5714 0.7292 0.3462
28.3571 0.6667 0.3269
29.6429 0.5625 0.2500
30.5000 0.4792 0.2692
31.7857 0.4167 0.2308
32.7857 0.3542 0.2115
34.0714 0.3333 0.1731
35.0714 0.2083 0.0962
36.2143 0.0833 0.0577
37.2857 -0.0000 0.0000
