1.0000 -7.3889 1.0000
0.8795 -6.1667 1.0000
0.9639 -7.1111 0.9584
0.8554 -6.4444 0.9519
0.9398 -7.6111 0.9147
0.8434 -6.6111 0.9147
0.9036 -7.0000 0.8840
0.8072 -6.0000 0.8840
0.8554 -6.5556 0.8425
0.7711 -6.6667 0.8315
0.8675 -7.3333 0.7899
0.7831 -6.8333 0.7899
0.8675 -6.7778 0.7527
0.7349 -6.0000 0.7527
0.7711 -6.3889 0.7090
0.6867 -6.5000 0.6980
0.7470 -6.8889 0.6630
0.6386 -6.3333 0.6565
0.6627 -6.0556 0.6236
0.5783 -5.2222 0.6149
0.6265 -5.8333 0.5733
0.5783 -5.4444 0.5667
0.5663 -5.8889 0.5120
0.5301 -5.2222 0.5033
0.5783 -5.1111 0.4683
0.4819 -4.3333 0.4573
0.4940 -4.5000 0.4114
0.4096 -4.3333 0.3939
0.4217 -4.3889 0.3457
0.3614 -3.8889 0.3304
0.3735 -3.2222 0.2954
0.3133 -2.3889 0.2735
0.2771 -2.3333 0.2341
0.2530 -1.6111 0.2079
0.2410 -1.6111 0.1554
0.1928 -0.5556 0.1379
0.1807 -0.0000 0.1028
0.1084 1.0000 0.0788
0.0843 1.4444 0.0350
-0.0000 2.2778 0.0000
