-15.8776 -0.0000 1.0000
-14.9388 0.0772 0.9656
-13.7959 0.1418 0.9316
-12.8776 0.2089 0.8977
-11.8776 0.2835 0.8622
-11.0204 0.3380 0.8293
-9.9796 0.3886 0.7998
-9.1837 0.4392 0.7693
-8.1633 0.4899 0.7384
-7.3673 0.5405 0.7069
-6.4898 0.5861 0.6785
-5.6939 0.6177 0.6495
-4.6122 0.6506 0.6241
-3.8367 0.6873 0.5966
-2.7551 0.7177 0.5691
-1.8776 0.7544 0.5397
-0.9184 0.7835 0.5137
-0.0000 0.7987 0.4908
1.0000 0.8165 0.4653
1.7959 0.8418 0.4403
2.7755 0.8696 0.4149
3.7143 0.8835 0.3939
4.4286 0.9000 0.3679
5.2857 0.9139 0.3485
6.0612 0.9342 0.3245
6.8163 0.9430 0.3005
7.5306 0.9608 0.2766
8.2653 0.9646 0.2546
8.8980 0.9810 0.2327
9.5510 0.9772 0.2127
10.2041 0.9899 0.1922
10.7755 0.9886 0.1702
11.3878 1.0000 0.1483
11.9184 1.0000 0.1253
12.5102 0.9987 0.1053
13.0204 0.9873 0.0839
13.6327 0.9886 0.0639
14.1429 0.9797 0.0429
14.6939 0.9810 0.0200
15.1429 0.9709 0.0000
