0.2750 0.0000 1.0000
-0.0000 0.4091 0.9118
0.2750 0.0455 0.9632
0.0500 0.4545 0.8750
0.3500 0.1818 0.9191
0.0500 0.5909 0.8382
0.3250 0.3182 0.8824
0.1000 0.7273 0.7868
0.4500 0.4091 0.8309
0.1250 0.8636 0.7574
0.4750 0.5909 0.7941
0.1250 0.9545 0.7206
0.4750 0.6818 0.7647
0.2000 0.8182 0.6838
0.4750 0.5455 0.6985
0.1500 0.9091 0.6397
0.4250 0.4545 0.6691
0.2000 0.7727 0.5956
0.4750 0.5909 0.6397
0.2250 0.8636 0.5515
0.4750 0.5455 0.5588
0.2500 0.8182 0.4779
0.5250 0.6364 0.5074
0.2500 0.9091 0.4338
0.6000 0.7273 0.4265
0.3000 0.9091 0.3603
0.6500 0.5909 0.3676
0.3000 0.8182 0.3015
0.6250 0.6364 0.3088
0.3500 0.8182 0.2647
0.7000 0.5000 0.2794
0.4500 0.6818 0.2059
0.7750 0.5909 0.2279
0.5500 0.8636 0.1544
0.8750 0.5455 0.1765
0.5750 0.8182 0.0956
0.8750 0.7273 0.1103
0.6750 1.0000 0.0294
1.0000 0.7273 0.0368
0.7500 1.0000 0.0000
