0.9310 -0.0000 0.1935
0.9080 0.0240 0.1505
0.9310 0.0433 0.1720
0.9080 0.0601 0.1398
0.9195 0.0769 0.1505
0.9310 0.0889 0.1075
0.9540 0.1130 0.1075
0.9655 0.1202 0.0430
1.0000 0.1418 0.0645
1.0000 0.1562 0.0108
0.9655 0.1851 0.0323
0.9655 0.2067 0.0323
0.9195 0.2308 0.0645
0.9080 0.2572 0.0215
0.8966 0.2812 0.0323
0.8851 0.3053 0.0215
0.8276 0.3341 0.0323
0.8276 0.3654 0.0215
0.7816 0.3942 0.0538
0.7586 0.4279 0.0430
0.7011 0.4495 0.0323
0.7011 0.4808 0.0000
0.6322 0.5144 0.0645
0.5977 0.5409 0.0538
0.5747 0.5649 0.1398
0.5287 0.5986 0.1398
0.4828 0.6178 0.2043
0.4943 0.6490 0.2473
0.4828 0.6779 0.2903
0.4828 0.7043 0.3333
0.4483 0.7356 0.3978
0.4483 0.7644 0.4301
0.3678 0.7861 0.5376
0.3333 0.8197 0.5591
0.2874 0.8462 0.6667
0.2414 0.8798 0.7204
0.1954 0.9038 0.8065
0.1494 0.9351 0.8602
0.0690 0.9639 0.9462
-0.0000 1.0000 1.0000
