1.0000 0.9752 1.0000
0.8784 0.9950 0.9730
1.0000 0.9653 0.9850
0.8378 0.9752 0.9520
1.0000 0.9901 0.9550
0.8514 0.9802 0.9309
0.9865 0.9851 0.9249
0.8784 0.9950 0.8889
0.9865 0.9802 0.8859
0.8378 1.0000 0.8468
0.9324 0.9703 0.8529
0.7838 0.9406 0.8168
0.9054 0.9356 0.8198
0.7838 0.8911 0.7868
0.8784 0.8911 0.7868
0.7432 0.8861 0.7538
0.8243 0.8465 0.7477
0.6892 0.8564 0.7087
0.7973 0.7970 0.7027
0.6486 0.7970 0.6697
0.7162 0.7525 0.6426
0.6081 0.7426 0.6006
0.6622 0.6980 0.5856
0.5405 0.6881 0.5315
0.5811 0.6386 0.5285
0.4865 0.6089 0.4775
0.5000 0.5792 0.4565
0.4054 0.5396 0.4084
0.4459 0.5050 0.3904
0.3649 0.4703 0.3604
0.3514 0.4257 0.3243
0.2568 0.3762 0.2823
0.2838 0.3267 0.2643
0.1757 0.2772 0.2222
0.1892 0.2178 0.2042
0.1486 0.1881 0.1502
0.1757 0.1337 0.1201
0.1081 0.0990 0.0691
0.1351 0.0446 0.0450
-0.0000 0.0000 0.0000
