1.0000 29.0000 0.0000
0.9880 25.3333 0.0207
0.9639 23.6667 0.0477
0.9337 21.6667 0.0788
0.9036 19.6667 0.0996
0.8946 15.0000 0.1183
0.8645 13.6667 0.1452
0.8404 10.3333 0.1722
0.8102 9.3333 0.1929
0.7831 4.3333 0.2261
0.7380 4.6667 0.2407
0.7108 1.0000 0.2635
0.6807 0.0000 0.2884
0.6506 -3.0000 0.3154
0.6114 -6.0000 0.3423
0.5753 -9.6667 0.3672
0.5482 -10.0000 0.3921
0.5181 -11.0000 0.4253
0.4789 -14.6667 0.4440
0.4518 -13.6667 0.4751
0.4217 -16.3333 0.5041
0.3855 -16.3333 0.5270
0.3554 -18.6667 0.5602
0.3253 -18.0000 0.5913
0.3042 -19.0000 0.6141
0.2831 -18.6667 0.6349
0.2651 -19.3333 0.6618
0.2410 -17.3333 0.6909
0.2169 -17.6667 0.7158
0.2018 -17.3333 0.7469
0.1687 -16.0000 0.7635
0.1536 -18.0000 0.7967
0.1265 -16.3333 0.8174
0.1114 -15.3333 0.8423
0.0964 -15.0000 0.8672
0.0723 -13.6667 0.8963
0.0512 -14.3333 0.9232
0.0271 -12.0000 0.9481
0.0090 -12.6667 0.9730
-0.0000 -10.6667 1.0000
