25.9130 -6.8966 0.2427
25.2174 -6.5632 0.2018
24.4348 -6.3333 0.1667
23.8696 -6.1609 0.1374
23.3043 -5.9310 0.1053
22.3913 -5.5862 0.0877
21.6522 -5.3563 0.0614
20.9130 -5.1264 0.0380
20.2174 -4.9310 0.0205
19.5652 -4.5057 0.0117
18.6087 -4.2874 0.0000
17.7391 -4.0345 0.0000
17.1739 -3.7931 0.0000
16.3478 -3.2989 0.0058
15.4783 -3.0230 0.0088
14.7826 -2.8276 0.0088
13.8696 -2.6322 0.0175
12.8261 -2.2644 0.0526
11.8261 -1.9885 0.0673
10.8696 -1.7356 0.1053
9.8696 -1.5517 0.1287
8.9130 -1.3678 0.1667
7.8696 -1.1264 0.1842
6.8696 -0.8161 0.2251
5.5217 -0.6897 0.2602
4.6522 -0.4253 0.3041
3.3913 -0.1609 0.3392
2.2174 -0.0230 0.3830
1.0000 0.0000 0.4211
-0.0000 0.2989 0.4678
-1.3478 0.6552 0.5029
-2.5652 0.8161 0.5468
-3.9565 0.9425 0.5848
-5.0435 1.0000 0.6462
-6.3478 1.4023 0.6930
-7.7826 1.5977 0.7456
-9.3478 1.9195 0.8041
-10.3478 2.1149 0.8626
-11.6957 2.4368 0.9181
-13.1304 2.6207 1.0000
