0.0000 0.8819 0.0417
0.0272 0.8976 0.1250
0.0535 0.9134 0.3750
0.0779 0.9291 0.3750
0.1089 0.9291 0.5417
0.1333 0.9370 0.5417
0.1643 0.9449 0.5000
0.1915 0.9528 0.3333
0.2225 0.9921 0.4583
0.2460 0.9764 0.5000
0.2742 1.0000 0.5417
0.2967 0.9764 0.5833
0.3258 0.9921 0.7083
0.3484 0.9764 0.4167
0.3756 0.9685 0.5417
0.3972 0.9843 0.4167
0.4235 0.9528 0.6667
0.4479 0.9134 0.7083
0.4732 0.8661 0.9167
0.4967 0.8504 0.9583
0.5221 0.8189 1.0000
0.5484 0.7953 0.7500
0.5728 0.7795 0.7917
0.5972 0.7480 0.6250
0.6244 0.7244 0.6667
0.6488 0.6929 0.4583
0.6751 0.6772 0.4583
0.6995 0.6693 0.3750
0.7239 0.6142 0.3333
0.7474 0.5433 0.2917
0.7765 0.5039 0.2500
0.8000 0.4646 0.1250
0.8254 0.4488 0.0833
0.8498 0.3622 0.0000
0.8761 0.2913 0.2500
0.8977 0.2441 0.2083
0.9268 0.1339 0.3750
0.9484 0.1102 0.2083
0.9784 0.0630 0.1667
1.0000 0.0000 0.1667
