0.9298 0.9978 0.0000
0.9825 0.9912 0.0393
1.0000 1.0000 0.0812
0.9298 0.9845 0.1283
0.9474 0.9735 0.1832
0.8421 0.9868 0.2068
0.9298 0.9868 0.2330
0.8070 0.9757 0.2958
0.8070 0.9492 0.3482
0.7193 0.9338 0.3796
0.8596 0.9249 0.4136
0.8772 0.9183 0.4372
0.7719 0.8830 0.5000
0.6667 0.8653 0.5393
0.6667 0.8389 0.5681
0.6667 0.8168 0.5759
0.5789 0.8035 0.6126
0.5439 0.7550 0.6597
0.5614 0.7174 0.7016
0.4912 0.6843 0.7120
0.6316 0.6645 0.7173
0.5439 0.6269 0.7539
0.4561 0.5960 0.7880
0.4035 0.5651 0.7906
0.4737 0.5276 0.8010
0.3684 0.4989 0.8168
0.4386 0.4393 0.8534
0.4035 0.4106 0.8325
0.4561 0.3974 0.8403
0.4386 0.3488 0.8586
0.3684 0.3068 0.8927
0.3158 0.2649 0.9084
0.3860 0.2671 0.8796
0.3333 0.2163 0.8848
0.3860 0.1921 0.9084
0.3509 0.1325 0.9346
0.2105 0.0905 0.9738
0.1228 0.0706 0.9581
0.0702 0.0530 0.9817
0.0000 0.0000 1.0000
