-7.4118 0.0000 0.0000
-6.4118 0.0522 0.0496
-5.8824 0.0970 0.0826
-4.8235 0.1493 0.1570
-4.4118 0.1642 0.1901
-3.4706 0.1866 0.2479
-3.1765 0.2612 0.2893
-2.2353 0.3134 0.3471
-1.8824 0.3731 0.3884
-0.8824 0.4552 0.4545
-0.8824 0.4776 0.4876
-0.0000 0.5075 0.5785
-0.0000 0.5821 0.5868
1.0000 0.6418 0.6364
1.0000 0.7015 0.6694
1.8824 0.7537 0.7438
1.9412 0.7985 0.7603
2.7059 0.8433 0.8017
2.7647 0.8955 0.8017
3.4118 0.9403 0.8760
3.1176 0.9552 0.8926
3.6471 0.9478 0.9174
3.1765 0.9701 0.9174
3.5294 0.9851 0.9835
3.1765 1.0000 0.9669
3.5294 0.9851 0.9752
3.1176 0.9851 0.9835
3.4706 0.9701 1.0000
3.0588 0.9627 0.9752
3.3529 0.9627 0.9835
3.0588 0.9552 0.9587
3.5294 0.9552 0.9835
3.0000 0.9701 0.9504
3.4706 0.9627 0.9752
3.0588 0.9627 0.9669
3.4118 0.9478 0.9917
3.2353 0.9627 0.9504
3.5294 0.9478 0.9917
3.2941 0.9328 0.9669
3.6471 0.9328 1.0000
