0.9231 0.0303 0.0000
1.0000 0.0000 0.0649
0.6923 0.0758 0.0649
0.8462 0.1212 0.1169
0.6923 0.1667 0.1039
0.8462 0.2576 0.1948
0.6923 0.3182 0.2078
0.9231 0.3636 0.2857
0.6154 0.3636 0.2857
1.0000 0.4697 0.3896
0.7692 0.4697 0.3636
0.8462 0.5455 0.4935
0.7692 0.5909 0.4156
0.6923 0.6061 0.5065
0.3846 0.6818 0.5065
0.6154 0.7424 0.5455
0.3077 0.7879 0.5844
0.5385 0.8333 0.6234
0.3846 0.8636 0.6364
0.5385 0.8636 0.7013
0.0769 0.8788 0.7013
0.2308 0.8333 0.7532
0.0000 0.8939 0.7403
0.3846 0.9091 0.7922
0.0769 0.9848 0.7662
0.1538 0.9394 0.8182
0.0769 0.9848 0.8182
0.0769 0.9242 0.8182
0.1538 0.9848 0.8312
0.3846 1.0000 0.8701
0.3077 0.9848 0.8701
0.3077 0.9394 0.9221
0.0769 0.9242 0.8831
0.3846 0.8939 0.9481
0.2308 0.9545 0.9351
0.3077 0.9697 0.9740
0.2308 0.9848 0.9481
0.1538 0.9091 0.9870
0.0000 0.9545 0.9610
0.0769 0.9394 1.0000
