1.0000 0.0000 0.0000
0.9831 0.0000 0.3000
0.8983 1.0000 0.1333
0.8814 1.5000 0.2333
0.7797 1.3750 0.1000
0.7458 1.3750 0.2000
0.6271 1.3750 0.1667
0.6102 1.7500 0.2333
0.5932 1.5000 0.1667
0.6102 1.3750 0.3000
0.5593 1.1250 0.2667
0.5763 1.6250 0.3333
0.5932 1.6250 0.3333
0.5763 1.5000 0.4333
0.5763 1.2500 0.3333
0.5763 1.5000 0.4667
0.5593 1.5000 0.3667
0.5763 1.7500 0.5000
0.5593 1.3750 0.3000
0.5254 1.7500 0.5333
0.4407 1.7500 0.4333
0.4407 1.8750 0.5333
0.3898 1.6250 0.5333
0.3898 1.6250 0.6000
0.3220 1.6250 0.5000
0.3559 2.1250 0.6000
0.3051 1.7500 0.6000
0.2881 1.8750 0.6333
0.2542 1.8750 0.6000
0.2712 2.0000 0.7333
0.2373 2.0000 0.7000
0.2373 2.1250 0.7667
0.1864 1.8750 0.6333
0.2203 2.1250 0.8000
0.1356 2.2500 0.7667
0.1525 2.3750 0.8667
0.1186 2.5000 0.8333
0.0847 2.2500 0.9667
0.0339 2.1250 0.9333
0.0000 2.3750 1.0000
