1.0000 1.0000 1.0000
0.0000 0.9866 0.9475
-0.4000 0.9597 0.8877
-1.5500 0.9309 0.8514
-2.3000 0.8887 0.8025
-2.9000 0.8714 0.7554
-3.1000 0.8580 0.6975
-4.0000 0.8388 0.6467
-4.4500 0.8138 0.5960
-5.3000 0.7428 0.5797
-5.7000 0.7159 0.5344
-6.2000 0.6929 0.4928
-6.8000 0.6814 0.4438
-7.4000 0.6526 0.4094
-7.5500 0.6142 0.3714
-8.2500 0.5470 0.3587
-8.6500 0.5182 0.3297
-8.9500 0.5010 0.2971
-9.0000 0.4818 0.2591
-9.5000 0.4568 0.2391
-9.9000 0.4069 0.2156
-10.7500 0.3455 0.2138
-10.9500 0.3244 0.1902
-11.2500 0.3090 0.1630
-11.2500 0.3013 0.1395
-11.9000 0.2726 0.1341
-12.1500 0.2380 0.1141
-12.7000 0.1785 0.1214
-12.8000 0.1670 0.1033
-13.1000 0.1612 0.0833
-13.1500 0.1612 0.0598
-13.6500 0.1209 0.0634
-13.7500 0.0940 0.0543
-14.3500 0.0480 0.0652
-14.3500 0.0422 0.0507
-14.6000 0.0384 0.0399
-14.8000 0.0422 0.0254
-15.1000 0.0230 0.0181
-14.8000 0.0192 0.0000
-15.2500 -0.0000 0.0036
