-0.0000 0.0044 0.9167
-0.0000 -0.0000 0.9470
0.0114 0.0489 0.9545
0.0114 0.1244 0.9318
0.0568 0.1378 0.9394
0.0795 0.1467 0.9621
0.0795 0.1200 0.9621
0.0795 0.1644 0.9773
0.0909 0.2133 0.9470
0.1364 0.2667 0.9545
0.1364 0.2711 0.9697
0.1477 0.2800 0.9848
0.1364 0.2711 1.0000
0.2045 0.3378 0.9773
0.1932 0.4000 0.9394
0.2386 0.4667 0.9394
0.1818 0.4756 0.9167
0.2386 0.4444 0.9318
0.2614 0.4578 0.8939
0.2727 0.5244 0.8485
0.2841 0.6222 0.7955
0.3068 0.6311 0.8409
0.2727 0.6222 0.7803
0.3864 0.5956 0.8106
0.3977 0.6400 0.7273
0.4318 0.7244 0.6818
0.4318 0.7956 0.6212
0.4659 0.8222 0.6061
0.4545 0.7956 0.5606
0.5114 0.7733 0.5530
0.5227 0.8444 0.4697
0.5795 0.9067 0.4167
0.6023 0.9556 0.3485
0.6591 0.9333 0.3333
0.6818 0.8933 0.3030
0.8068 0.9067 0.2500
0.8182 0.9333 0.1667
0.9091 0.9733 0.1061
0.8864 1.0000 0.0379
1.0000 0.9467 0.0000
