0.0000 0.8966 1.0000
0.0224 0.9023 0.9429
0.0462 0.9023 0.9429
0.0686 0.9368 0.8952
0.0946 0.9310 0.9048
0.1192 0.9770 0.8286
0.1461 0.9828 0.8286
0.1684 0.9885 0.7714
0.1923 1.0000 0.7714
0.2168 0.9885 0.7143
0.2422 0.9770 0.6952
0.2660 0.9943 0.6381
0.2921 0.9655 0.6476
0.3152 0.9828 0.5714
0.3405 0.9885 0.5905
0.3666 0.9770 0.5619
0.3920 0.9655 0.5619
0.4188 0.9598 0.5238
0.4471 0.8966 0.5048
0.4694 0.9023 0.4762
0.4963 0.8678 0.4571
0.5231 0.8506 0.3905
0.5484 0.8448 0.3905
0.5723 0.8103 0.3333
0.6006 0.7874 0.3048
0.6244 0.7759 0.2476
0.6513 0.7069 0.2190
0.6736 0.6954 0.1524
0.7004 0.6379 0.1810
0.7250 0.5977 0.1238
0.7519 0.5690 0.1238
0.7772 0.5402 0.1333
0.8070 0.4655 0.0952
0.8286 0.4425 0.0571
0.8577 0.3448 0.0857
0.8852 0.2759 0.0381
0.9136 0.2011 0.0476
0.9419 0.1149 0.0571
0.9724 0.0517 0.0381
1.0000 -0.0000 0.0000
