1.0000 0.5469 1.0000
0.9796 0.5625 1.0000
0.8776 0.6094 0.9399
0.7755 0.6562 0.9454
0.8163 0.7031 0.8962
0.6735 0.7188 0.8689
0.6939 0.7344 0.8087
0.5510 0.7500 0.7978
0.4694 0.6562 0.7705
0.2857 0.5938 0.7377
0.2653 0.9062 0.6557
0.2857 0.8594 0.6339
0.1837 0.9375 0.6284
0.1224 0.6406 0.6175
0.1224 0.7969 0.5738
0.2041 0.7188 0.5301
0.0816 1.0000 0.4863
0.0204 0.7812 0.4754
0.0000 0.8750 0.4590
0.0000 0.7969 0.3770
0.0204 0.9531 0.3607
0.1020 0.7656 0.3333
0.1020 0.8906 0.3333
0.1020 0.6562 0.2568
0.0816 0.9062 0.2568
0.1837 0.6875 0.1858
0.1224 0.8281 0.2240
0.1633 0.5156 0.1366
0.2653 0.7344 0.1803
0.3061 0.5000 0.0984
0.2857 0.5781 0.1585
0.2857 0.3281 0.0820
0.2449 0.3594 0.1639
0.3061 0.1250 0.0492
0.2653 0.2812 0.1311
0.3061 0.1719 0.0219
0.2449 0.1875 0.1366
0.3673 0.1719 0.0164
0.2653 0.0000 0.1257
0.3673 0.0625 0.0000
