-0.0000 1.0000 0.5000
0.1000 0.8519 0.1667
-0.0000 0.8889 0.6667
0.1000 0.8889 0.5000
-0.0000 0.9630 0.5000
0.2000 0.7778 0.1667
0.1000 0.8148 0.5000
0.2000 0.7407 0.5000
0.2000 0.7778 0.5000
0.3000 0.7037 0.3333
0.2000 0.7778 0.5000
0.3000 0.6296 0.3333
0.3000 0.7778 0.5000
0.4000 0.5556 0.1667
0.4000 0.7037 0.0000
0.5000 0.5185 0.3333
0.4000 0.6296 0.3333
0.5000 0.5185 0.1667
0.4000 0.5185 0.5000
0.6000 0.4815 0.1667
0.4000 0.5185 0.5000
0.7000 0.4074 0.3333
0.5000 0.4074 0.6667
0.6000 0.3704 0.5000
0.6000 0.4444 0.5000
0.8000 0.2963 0.6667
0.6000 0.3333 0.6667
0.8000 0.1852 0.5000
0.5000 0.2963 0.6667
0.8000 0.2222 0.8333
0.8000 0.2963 1.0000
0.8000 0.1852 0.5000
0.9000 0.1481 0.5000
0.8000 0.1852 0.5000
0.9000 0.1852 0.8333
0.9000 0.0370 0.5000
1.0000 0.1481 0.5000
1.0000 0.0000 0.5000
1.0000 0.0370 1.0000
0.8000 0.0000 0.6667
