-0.0000 1.0000 1.0000
0.0595 0.9481 0.8750
0.0873 0.9506 0.6406
0.1230 0.9013 0.4844
0.1389 0.9039 0.3750
0.1984 0.8442 0.3281
0.2302 0.8364 0.3750
0.2619 0.8000 0.2656
0.2897 0.7792 0.2500
0.3611 0.7636 0.1562
0.4008 0.7377 0.1719
0.4325 0.7247 0.0781
0.4643 0.6805 0.1406
0.5198 0.6831 0.0469
0.5635 0.6468 0.1250
0.6071 0.6234 0.1094
0.6389 0.5896 0.1562
0.6667 0.5896 0.0000
0.7063 0.5636 0.0469
0.7341 0.5351 0.0312
0.7540 0.4909 0.1094
0.7738 0.4805 0.0938
0.8135 0.4442 0.1406
0.8214 0.4182 0.1406
0.8532 0.3948 0.1250
0.8651 0.3844 0.0625
0.8889 0.3455 0.1094
0.8889 0.2987 0.1562
0.9048 0.2779 0.2031
0.9087 0.2649 0.2031
0.9365 0.2338 0.2969
0.9286 0.2104 0.2812
0.9444 0.1870 0.3438
0.9563 0.1818 0.3125
0.9802 0.1221 0.4062
0.9802 0.1039 0.4375
0.9960 0.0727 0.5469
0.9921 0.0779 0.5156
0.9960 0.0312 0.6719
1.0000 -0.0000 0.7031
