0.0000 0.0000 0.0286
0.0435 0.0449 0.0000
0.0000 0.0225 0.0714
0.1304 0.0562 0.0571
0.1739 0.0562 0.0714
0.1739 0.0787 0.0143
0.3478 0.1124 0.0571
0.3478 0.1348 0.0429
0.5217 0.1685 0.1000
0.4348 0.2022 0.0857
0.4348 0.1910 0.1429
0.4783 0.2247 0.1143
0.4783 0.2247 0.1714
0.4783 0.2697 0.1571
0.5217 0.3034 0.2286
0.5652 0.3596 0.2143
0.6087 0.4045 0.3143
0.4783 0.4157 0.3143
0.5652 0.4382 0.3571
0.4783 0.4719 0.3714
0.4783 0.4831 0.4286
0.4348 0.5281 0.4571
0.4783 0.5730 0.5286
0.4783 0.6292 0.5286
0.4783 0.6742 0.5714
0.3913 0.6742 0.6000
0.3913 0.6854 0.6571
0.3043 0.7416 0.6286
0.4783 0.7753 0.7286
0.4783 0.7978 0.6714
0.5217 0.8090 0.7857
0.5217 0.8315 0.8000
0.6087 0.8202 0.8143
0.5652 0.8427 0.8429
0.7391 0.8764 0.8571
0.6957 0.9101 0.8571
0.8696 0.9663 0.9714
1.0000 0.9775 0.9286
0.9565 0.9775 0.9857
0.8696 1.0000 1.0000
