1.0000 0.0000 0.0000
0.9686 0.0159 0.0180
0.9424 0.0020 0.0842
0.9110 0.0437 0.0882
0.8534 0.0139 0.1343
0.8220 0.0377 0.1443
0.7958 0.0119 0.1964
0.7696 0.0575 0.1984
0.7225 0.0516 0.2345
0.7487 0.0833 0.2465
0.6963 0.0437 0.2986
0.6911 0.0992 0.2886
0.6702 0.0853 0.3106
0.6649 0.1329 0.3206
0.6649 0.1190 0.3467
0.6335 0.1548 0.3707
0.6230 0.1726 0.3828
0.6754 0.1865 0.4008
0.6597 0.2063 0.3948
0.6126 0.2302 0.4369
0.6073 0.2599 0.4329
0.5916 0.2917 0.4649
0.5707 0.3274 0.4770
0.5497 0.3631 0.4930
0.5654 0.4048 0.5090
0.5707 0.4444 0.5331
0.5131 0.4782 0.5671
0.5288 0.5298 0.5892
0.4817 0.5754 0.6192
0.4974 0.6071 0.6573
0.4450 0.6429 0.6633
0.4817 0.6845 0.7134
0.4084 0.7103 0.7435
0.3455 0.7500 0.8056
0.3089 0.7718 0.8156
0.2723 0.8274 0.8597
0.2251 0.8671 0.8818
0.1152 0.8869 0.9419
0.0890 0.9623 0.9479
0.0000 1.0000 1.0000
