1.0000 1.0000 0.0000
0.9481 0.9512 0.0784
0.9162 0.9512 0.1176
0.8683 0.8537 0.2745
0.8343 0.7724 0.3922
0.7804 0.7317 0.4314
0.7705 0.6179 0.6078
0.7206 0.5772 0.6471
0.7046 0.5528 0.7451
0.6587 0.5122 0.7059
0.6407 0.4634 0.8039
0.6008 0.4228 0.8039
0.5908 0.3659 0.8824
0.5469 0.3171 0.8824
0.5389 0.3415 0.9216
0.5050 0.3089 0.8824
0.5070 0.2276 1.0000
0.4671 0.1138 1.0000
0.4571 0.1382 0.9216
0.4172 0.1057 0.8627
0.4112 0.0894 0.9020
0.3772 0.0244 0.8627
0.3633 0.0650 0.8824
0.3313 0.0488 0.7843
0.3234 0.0569 0.7451
0.2934 0.0081 0.7647
0.2854 0.0000 0.7059
0.2435 0.0569 0.6078
0.2415 0.0244 0.5098
0.2056 0.0732 0.5490
0.1956 0.0407 0.5294
0.1637 0.0244 0.5098
0.1617 0.0813 0.4902
0.1357 0.0894 0.4118
0.1238 0.0813 0.4706
0.0898 0.0325 0.3725
0.0739 0.0407 0.4902
0.0519 0.0244 0.3725
0.0419 0.1057 0.2157
0.0000 0.1138 0.2157
