-19.8333 1.0000 0.9261
-19.1667 0.9712 0.9375
-18.0000 0.9539 0.9545
-16.5000 0.9366 0.9375
-15.5000 0.9164 0.9489
-15.0000 0.8790 0.9489
-12.8333 0.8473 1.0000
-12.5000 0.8213 0.9659
-11.3333 0.7983 0.9659
-10.3333 0.7723 0.9489
-9.0000 0.7579 0.9432
-9.5000 0.7147 0.9261
-8.0000 0.6542 0.9318
-6.5000 0.6138 0.9034
-5.1667 0.5994 0.8807
-5.3333 0.5591 0.8409
-4.0000 0.5303 0.8409
-3.3333 0.5101 0.7841
-2.6667 0.4813 0.7614
-2.5000 0.4352 0.7273
-1.1667 0.4063 0.7500
-1.0000 0.3862 0.6818
-0.1667 0.3573 0.6761
-0.0000 0.3256 0.6193
1.3333 0.3112 0.6080
1.0000 0.2824 0.5455
1.8333 0.2536 0.5227
1.8333 0.2161 0.4773
3.6667 0.1931 0.4659
4.0000 0.1470 0.3977
4.5000 0.1354 0.3750
4.3333 0.1210 0.3125
5.6667 0.1153 0.3068
5.5000 0.0836 0.2273
6.3333 0.0634 0.2216
6.8333 0.0346 0.1705
7.3333 0.0115 0.1477
6.8333 0.0000 0.0852
8.1667 0.0144 0.0511
8.0000 0.0173 0.0000
