8.6000 -11.6667 0.3970
7.4000 -11.8889 0.3820
8.4000 -11.3333 0.3371
8.0000 -12.1111 0.2996
6.4000 -11.6111 0.2360
5.8000 -10.4444 0.2285
5.0000 -9.7778 0.1760
4.4000 -9.3889 0.1498
3.8000 -9.6111 0.0824
3.0000 -8.2222 0.0899
2.8000 -7.5000 0.0524
2.4000 -6.7778 0.0337
1.0000 -6.3889 0.0075
0.0000 -4.7222 0.0075
-1.2000 -4.1111 0.0037
-2.2000 -3.1111 0.0000
-2.8000 -2.1111 0.0262
-2.8000 -1.0556 0.0337
-4.4000 -0.2778 0.0524
-5.6000 0.0000 0.0674
-6.4000 1.2222 0.1011
-7.4000 2.5556 0.1536
-8.0000 3.0000 0.1798
-8.6000 2.6667 0.2210
-8.4000 3.7222 0.2697
-9.4000 4.5000 0.3184
-10.6000 4.6111 0.3596
-11.6000 4.5000 0.3970
-11.4000 4.1111 0.4457
-12.8000 5.1667 0.5056
-12.4000 5.1111 0.5618
-13.0000 4.2222 0.5993
-13.2000 3.7778 0.6667
-13.0000 4.2222 0.7191
-13.6000 4.1667 0.7715
-14.8000 3.3333 0.8127
-15.4000 2.6667 0.8876
-14.6000 1.8889 0.9176
-15.4000 1.0000 0.9663
-16.2000 -0.1667 1.0000
