6.1075 3.4624 1.0000
4.0108 2.1387 0.8167
2.3871 1.0000 0.6711
1.0000 -0.0000 0.5533
-0.0000 -0.9422 0.4537
-0.9355 -1.9364 0.3686
-1.7419 -2.7746 0.3010
-2.4194 -3.5723 0.2488
-3.0108 -4.2023 0.2063
-3.5269 -4.9249 0.1672
-4.0000 -5.5376 0.1331
-4.4086 -6.0809 0.1115
-4.7957 -6.5202 0.0892
-5.2043 -7.0000 0.0794
-5.5591 -7.4451 0.0627
-5.8710 -7.8092 0.0599
-6.1720 -8.2659 0.0453
-6.5914 -8.4335 0.0551
-6.8495 -8.8497 0.0418
-7.1505 -8.9653 0.0502
-7.4731 -9.3295 0.0411
-7.8065 -9.3410 0.0537
-8.0860 -9.6936 0.0481
-8.3978 -9.6474 0.0551
-8.6667 -9.9364 0.0537
-8.9892 -9.9769 0.0502
-9.2581 -10.0520 0.0537
-9.5591 -10.1908 0.0439
-9.8172 -10.2659 0.0502
-10.1290 -10.5029 0.0362
-10.3333 -10.4509 0.0425
-10.6344 -10.7052 0.0348
-10.9032 -10.6763 0.0321
-11.1290 -10.8671 0.0328
-11.3978 -10.9249 0.0181
-11.6237 -11.0405 0.0286
-11.9355 -11.2081 0.0098
-12.0968 -11.2428 0.0244
-12.2688 -11.6127 0.0000
-12.5806 -11.4855 0.0223
