0.0000 0.0000 0.0000
0.0909 0.1304 0.0000
0.0909 0.1739 0.0575
0.1364 0.1739 0.1034
0.2273 0.4783 0.1494
0.2045 0.4348 0.1954
0.2955 0.7826 0.2529
0.3409 0.8261 0.2759
0.3409 0.8696 0.2989
0.3636 0.7391 0.3218
0.4773 0.9565 0.3563
0.5000 0.8696 0.3793
0.5455 0.9130 0.4368
0.6136 0.7391 0.4483
0.6591 0.8261 0.4828
0.6818 0.8261 0.4828
0.7500 1.0000 0.5517
0.7273 0.9130 0.5632
0.7727 0.8261 0.6092
0.7500 0.7391 0.5977
0.7727 0.9130 0.6552
0.7500 0.9130 0.6322
0.8182 1.0000 0.6897
0.7955 0.7826 0.6552
0.8182 0.8261 0.7126
0.7500 0.7826 0.7241
0.7500 0.8696 0.7356
0.7500 0.7826 0.7356
0.7955 0.7826 0.7701
0.7045 0.5652 0.7586
0.7500 0.5652 0.7931
0.7727 0.5652 0.7931
0.8182 0.5217 0.8391
0.7955 0.4783 0.8161
0.8864 0.3043 0.8966
0.8182 0.3478 0.8736
0.9091 0.5217 0.9770
1.0000 0.6087 0.9310
0.9545 0.7391 1.0000
0.9318 0.6087 0.9885
