1.0000 1.8667 1.0000
1.0000 1.9333 0.9344
1.0000 1.7333 0.9344
0.9111 1.4667 0.8689
0.9333 1.5333 0.8852
0.9111 1.2667 0.8033
0.9333 1.4000 0.8197
0.8667 1.3333 0.7869
0.8667 0.9333 0.7705
0.8667 1.0000 0.7541
0.9333 0.9333 0.7869
0.8889 0.8000 0.7213
0.9333 0.8000 0.7541
0.8667 0.8000 0.6721
0.8889 0.6667 0.7049
0.8667 0.5333 0.6557
0.8444 0.4667 0.6393
0.7778 0.5333 0.6066
0.8444 0.7333 0.6066
0.7333 0.6667 0.5246
0.7111 0.4667 0.5410
0.6444 0.3333 0.4590
0.6667 0.1333 0.4918
0.5778 0.1333 0.4262
0.5556 0.0000 0.4098
0.5111 -0.1333 0.3934
0.5111 -0.2667 0.3770
0.4444 -0.2000 0.3115
0.4667 -0.4000 0.3115
0.3556 -0.1333 0.2295
0.3333 0.0000 0.2459
0.2667 -0.1333 0.2131
0.2667 -0.1333 0.1639
0.2444 0.0000 0.1311
0.1333 -0.2000 0.1311
0.1111 -0.3333 0.0656
0.1556 -0.4667 0.1311
0.1556 -0.6667 0.0328
0.0667 -0.6000 0.0328
0.0000 -0.8000 0.0000
