0.0385 1.0000 1.0000
0.0000 0.9751 0.9686
0.0513 0.9552 0.9476
0.0385 0.9204 0.9215
0.0769 0.8856 0.9058
0.0897 0.8607 0.8953
0.1667 0.8259 0.8691
0.1538 0.7861 0.8482
0.2564 0.7512 0.8377
0.2436 0.7214 0.8063
0.3205 0.7015 0.7853
0.2692 0.6816 0.7539
0.3333 0.6517 0.7539
0.3462 0.6219 0.7330
0.3974 0.6219 0.6859
0.3590 0.5821 0.6545
0.3974 0.5771 0.6387
0.3846 0.5373 0.6073
0.4231 0.5274 0.5916
0.3718 0.5075 0.5707
0.4615 0.4876 0.5393
0.4615 0.4478 0.5079
0.5256 0.4179 0.4817
0.5256 0.3781 0.4607
0.6154 0.3483 0.4450
0.6026 0.3134 0.4188
0.6923 0.3085 0.3927
0.6538 0.2786 0.3508
0.7564 0.2637 0.3351
0.7436 0.2438 0.3037
0.8205 0.2040 0.2775
0.7564 0.1891 0.2461
0.8462 0.1642 0.2251
0.7692 0.1493 0.1832
0.8462 0.1393 0.1623
0.8333 0.1045 0.1257
0.9615 0.0945 0.0838
0.9103 0.0448 0.0576
1.0000 0.0199 0.0366
0.9487 0.0000 0.0000
