1.0000 0.0000 0.2944
1.0000 0.0171 0.2664
0.9737 0.0428 0.2056
0.9679 0.0493 0.2056
0.9473 0.0899 0.1262
0.9370 0.1349 0.1075
0.9141 0.1713 0.0654
0.8969 0.1799 0.0935
0.8625 0.2248 0.0561
0.8477 0.2505 0.0327
0.8179 0.3148 0.0000
0.8007 0.3362 0.0140
0.7617 0.3812 0.0000
0.7400 0.4004 0.0140
0.7136 0.4582 0.0047
0.6919 0.4968 0.0187
0.6609 0.5396 0.0374
0.6289 0.5632 0.0654
0.5968 0.5910 0.0888
0.5727 0.6317 0.0841
0.5418 0.6638 0.0935
0.5109 0.6959 0.1402
0.4754 0.7259 0.1589
0.4467 0.7473 0.2056
0.4204 0.7794 0.2430
0.3963 0.7901 0.2897
0.3620 0.8223 0.3037
0.3276 0.8480 0.3598
0.3001 0.8694 0.3738
0.2726 0.8865 0.4439
0.2405 0.9122 0.4766
0.2119 0.9358 0.5327
0.1821 0.9529 0.5935
0.1569 0.9743 0.6308
0.1294 0.9872 0.7009
0.1042 0.9764 0.7757
0.0756 0.9743 0.8271
0.0481 0.9807 0.8879
0.0275 1.0000 0.9065
0.0000 0.9829 1.0000
