1.0000 0.9798 0.3750
0.9571 1.0000 0.6250
0.9693 0.9697 0.7500
0.9264 0.8990 0.7500
0.9141 0.9394 0.6250
0.8650 0.9192 0.8750
0.8834 0.8788 0.6250
0.7975 0.8788 1.0000
0.8160 0.8283 0.8750
0.7423 0.8081 0.8750
0.7362 0.7677 0.8750
0.6810 0.7172 1.0000
0.6626 0.6566 0.8750
0.5828 0.5960 1.0000
0.5951 0.5960 1.0000
0.5092 0.5455 0.7500
0.5092 0.5051 0.8750
0.4540 0.4747 0.8750
0.4601 0.4141 0.6250
0.3865 0.4141 1.0000
0.3988 0.3838 0.7500
0.3129 0.3636 1.0000
0.3252 0.2929 0.7500
0.2515 0.3131 0.8750
0.2454 0.2626 0.6250
0.1963 0.2222 0.6250
0.2086 0.1717 0.5000
0.1534 0.1616 0.3750
0.1595 0.0909 0.3750
0.0920 0.0808 0.7500
0.1166 0.0707 0.2500
0.0552 0.0404 0.5000
0.0798 -0.0000 0.2500
0.0368 0.0303 0.6250
0.0675 -0.0000 0.3750
0.0123 0.0404 0.3750
0.0552 0.0404 0.1250
0.0061 0.0303 0.0000
0.0429 0.0303 0.1250
0.0000 0.0505 0.2500
