0.8462 0.6250 0.0000
0.2308 0.6250 0.2000
0.8462 0.5000 0.2000
0.2308 0.5000 0.4000
1.0000 0.5000 1.0000
-0.0000 0.5000 0.2000
0.7692 0.5000 0.0000
0.1538 0.6250 0.2000
1.0000 0.3750 0.4000
0.2308 0.7500 0.0000
0.9231 0.8750 0.6000
0.2308 0.5000 0.0000
0.8462 0.6250 0.2000
0.3077 0.7500 0.6000
0.8462 0.7500 0.2000
0.2308 0.5000 0.2000
0.8462 0.6250 0.4000
0.1538 0.7500 0.0000
0.7692 0.3750 0.4000
0.2308 0.6250 0.2000
0.8462 0.8750 0.6000
0.3077 0.3750 0.0000
0.6923 0.6250 0.4000
0.3077 0.7500 0.6000
0.7692 0.6250 0.4000
0.3846 0.7500 0.4000
0.6923 0.8750 0.2000
0.3077 0.3750 0.2000
0.8462 0.1250 0.4000
0.3077 0.3750 0.4000
0.9231 0.3750 0.6000
0.3077 -0.0000 0.2000
0.9231 0.5000 0.6000
0.3846 0.3750 0.4000
0.7692 0.7500 0.4000
0.4615 1.0000 0.2000
0.8462 0.3750 0.4000
0.3846 0.6250 0.4000
0.7692 0.2500 0.6000
0.3846 0.2500 0.2000
