11.2857 -1.3188 1.0000
10.8571 -1.2500 0.8077
10.1429 -1.1687 0.9231
9.9286 -1.1250 0.8077
9.1429 -1.0625 0.8846
9.0000 -0.9875 0.8462
8.2143 -0.9187 0.8077
8.0000 -0.8562 0.6154
7.1429 -0.7812 0.6154
7.1429 -0.7125 0.6154
6.0000 -0.6125 0.5385
5.9286 -0.5625 0.5385
4.9286 -0.4750 0.5000
4.7143 -0.3875 0.5769
3.7143 -0.2812 0.5000
3.2857 -0.2125 0.5000
2.4286 -0.0750 0.4615
2.2143 0.0000 0.3846
1.2857 0.1125 0.3846
1.0000 0.2250 0.3846
0.0000 0.3187 0.5385
-0.3571 0.4125 0.5000
-1.2143 0.5312 0.5769
-1.3571 0.6125 0.5000
-2.5000 0.7312 0.7308
-2.2143 0.8313 0.6154
-3.5000 0.9250 0.6154
-3.5000 1.0000 0.5385
-4.1429 1.1062 0.6538
-4.2143 1.1625 0.6538
-5.2143 1.2563 0.6538
-5.1429 1.3125 0.6538
-5.7143 1.3938 0.5769
-5.5714 1.4312 0.5385
-6.3571 1.4812 0.5000
-6.2143 1.5063 0.4615
-6.9286 1.5312 0.3462
-6.7143 1.5500 0.2308
-7.3571 1.5813 0.1538
-7.1429 1.5562 0.0000
