0.0345 0.0000 1.0000
-0.0000 0.0000 0.9828
0.0948 0.0433 0.9655
0.0603 0.0481 0.8966
0.1379 0.0913 0.8966
0.1034 0.1010 0.8276
0.1810 0.1250 0.8103
0.1379 0.1394 0.7586
0.2414 0.1635 0.7586
0.1983 0.1875 0.7069
0.2845 0.2115 0.7069
0.2241 0.2356 0.6552
0.3276 0.2644 0.6207
0.2845 0.2788 0.5862
0.3707 0.3317 0.5690
0.3276 0.3365 0.5172
0.4052 0.3798 0.5172
0.3793 0.3894 0.4310
0.4655 0.4279 0.4828
0.4310 0.4471 0.3793
0.5259 0.5000 0.3966
0.5000 0.4904 0.3448
0.5862 0.5240 0.2931
0.5690 0.5529 0.2931
0.6638 0.5962 0.3276
0.6034 0.5962 0.2759
0.7328 0.6346 0.2586
0.6897 0.6587 0.2241
0.7845 0.6971 0.2241
0.7414 0.7019 0.1897
0.8362 0.7452 0.1724
0.8103 0.7548 0.1207
0.8793 0.8077 0.1034
0.8621 0.7981 0.0690
0.9138 0.8606 0.0690
0.8879 0.8654 0.0517
1.0000 0.9038 0.0172
0.9483 0.9135 0.0345
1.0000 0.9808 0.0172
0.9655 1.0000 0.0000
