0.0000 0.0093 0.0000
0.0300 0.0000 0.0417
0.0700 0.0093 0.0000
0.1100 0.0648 0.0208
0.1300 0.0278 0.0208
0.1300 0.0741 0.0417
0.1800 0.0926 0.0625
0.1900 0.1759 0.0417
0.2100 0.1852 0.0625
0.2100 0.2130 0.0625
0.2400 0.2315 0.1042
0.2600 0.2870 0.1458
0.2600 0.2870 0.1250
0.2800 0.2870 0.2083
0.2900 0.2778 0.1875
0.3400 0.3333 0.2708
0.3600 0.3426 0.1875
0.3600 0.3796 0.2708
0.3800 0.3889 0.2708
0.4100 0.4815 0.3750
0.4200 0.4907 0.2917
0.4300 0.5093 0.3958
0.4600 0.5185 0.3542
0.4800 0.5648 0.4583
0.5300 0.5648 0.4167
0.5300 0.5926 0.4375
0.5900 0.6204 0.5000
0.6400 0.6481 0.4583
0.6600 0.6667 0.4792
0.7000 0.6944 0.4792
0.7400 0.7130 0.5000
0.7600 0.7963 0.5417
0.8000 0.8056 0.5625
0.8200 0.8426 0.6667
0.8300 0.8611 0.7292
0.9100 0.9537 0.7500
0.8800 0.9074 0.8125
0.9500 0.9537 0.8750
0.9800 0.9815 0.8542
1.0000 1.0000 1.0000
