0.0000 0.0000 0.0000
0.0366 0.0240 0.0366
0.0732 0.0577 0.0314
0.1341 0.0721 0.0733
0.1341 0.0962 0.0681
0.1585 0.1106 0.1047
0.2195 0.1587 0.1152
0.2439 0.1827 0.1414
0.2561 0.1827 0.1414
0.2927 0.2212 0.1675
0.3049 0.2260 0.1832
0.3537 0.2356 0.2094
0.3537 0.2500 0.2147
0.3537 0.2692 0.2513
0.3902 0.3173 0.2827
0.4146 0.3462 0.3141
0.4268 0.3558 0.3246
0.4756 0.3798 0.3613
0.4634 0.4038 0.3717
0.5244 0.4327 0.4031
0.5366 0.4375 0.4031
0.5610 0.4567 0.4293
0.6220 0.4856 0.4660
0.6341 0.5048 0.4764
0.6707 0.5192 0.5026
0.7073 0.5385 0.5236
0.7317 0.5865 0.5445
0.7805 0.6202 0.5864
0.8171 0.6683 0.6230
0.8415 0.7212 0.6492
0.8415 0.7500 0.6597
0.8902 0.8029 0.7120
0.8780 0.8365 0.7173
0.9268 0.8654 0.7644
0.9390 0.8654 0.8010
1.0000 0.9231 0.8377
0.9634 0.9423 0.8586
0.9634 0.9808 0.9215
0.9390 0.9808 0.9476
0.9756 1.0000 1.0000
