0.9765 0.0000 1.0000
1.0000 0.0200 0.9712
0.9882 0.0100 0.9615
0.9765 0.0400 0.9808
0.9882 0.1000 0.9231
1.0000 0.1500 0.8462
0.9529 0.1400 0.8365
0.9765 0.1700 0.8558
0.9647 0.2400 0.7788
0.9294 0.2700 0.7115
0.9412 0.2700 0.6923
0.8824 0.2800 0.7404
0.8706 0.3000 0.6923
0.8824 0.3700 0.6250
0.8353 0.4300 0.5865
0.8706 0.4300 0.6058
0.8824 0.4200 0.5385
0.8824 0.4600 0.5192
0.8235 0.4800 0.4712
0.7882 0.5000 0.5000
0.8118 0.4800 0.4615
0.8118 0.5100 0.4519
0.7529 0.5800 0.3654
0.7765 0.6100 0.3750
0.7412 0.6100 0.2981
0.6824 0.6400 0.2885
0.6235 0.7000 0.2596
0.6235 0.7400 0.2692
0.5529 0.7000 0.2596
0.5294 0.6900 0.2404
0.4588 0.8100 0.1731
0.4471 0.8400 0.1635
0.4000 0.8100 0.1250
0.3647 0.8400 0.0962
0.2824 0.8800 0.0769
0.2353 0.9100 0.0962
0.1529 0.8400 0.1058
0.1294 0.8500 0.0962
0.0118 0.9700 0.0000
0.0000 1.0000 0.0096
