0.8095 1.0000 0.0000
1.0000 0.7727 0.0000
0.7619 0.8182 0.1111
0.8571 0.7727 0.0741
0.7143 0.7727 0.1481
0.8095 0.6364 0.1111
0.6190 0.7273 0.1481
0.8095 0.5909 0.1852
0.5238 0.6818 0.2222
0.7619 0.5455 0.2593
0.6190 0.8182 0.3333
0.7143 0.6364 0.2593
0.4762 0.7273 0.3704
0.6667 0.5000 0.3704
0.4762 0.6364 0.4444
0.6190 0.5000 0.4444
0.4762 0.5455 0.5185
0.7143 0.3636 0.5556
0.5238 0.5455 0.5185
0.6667 0.4545 0.5556
0.6190 0.5455 0.5926
0.6667 0.5000 0.6296
0.4762 0.5455 0.6667
0.6667 0.5455 0.6667
0.4762 0.7273 0.6667
0.6190 0.4545 0.7407
0.3810 0.5455 0.7407
0.5238 0.4091 0.7037
0.2857 0.4091 0.8148
0.3810 0.2727 0.7407
0.2381 0.2727 0.8148
0.2381 0.2273 0.8148
0.1905 0.2727 0.8889
0.1905 0.0000 0.8148
0.0952 0.2273 0.8889
0.1905 0.2273 0.9259
0.0952 0.3636 0.9259
0.0952 0.1364 0.8519
0.0000 0.3182 1.0000
0.0476 0.0909 0.9259
