156.5000 0.9641 1.0000
152.0000 0.9718 0.9673
147.5000 0.9821 0.9299
142.0000 1.0000 0.8762
132.0000 0.9897 0.8481
125.5000 0.9795 0.8084
119.5000 0.9795 0.7780
116.0000 0.9667 0.7430
108.0000 0.9718 0.7056
102.5000 0.9564 0.6636
96.0000 0.9385 0.6238
92.5000 0.9410 0.5958
86.5000 0.9385 0.5537
80.5000 0.9179 0.5187
71.5000 0.8744 0.4813
69.5000 0.8692 0.4416
64.0000 0.8462 0.4182
61.0000 0.8333 0.3925
53.5000 0.8026 0.3481
48.0000 0.7718 0.3178
44.0000 0.7487 0.2921
42.5000 0.7256 0.2687
36.5000 0.7000 0.2360
33.5000 0.6590 0.2150
27.0000 0.6179 0.1799
25.0000 0.6026 0.1636
23.0000 0.5769 0.1379
21.0000 0.5385 0.1075
14.5000 0.4692 0.0841
14.0000 0.4564 0.0701
9.0000 0.4256 0.0537
9.0000 0.3821 0.0444
3.0000 0.3154 0.0234
1.0000 0.2718 0.0187
-2.5000 0.2128 0.0093
0.0000 0.1872 0.0164
-3.5000 0.1308 0.0000
-3.0000 0.0821 0.0000
-9.5000 0.0205 0.0023
-6.5000 -0.0000 0.0093
