-0.0000 -4.0714 0.0000
0.0300 -3.9286 0.0134
0.0472 -4.7857 0.0303
0.0773 -5.1429 0.0370
0.0944 -5.3571 0.0555
0.1416 -6.5000 0.0639
0.1631 -7.0000 0.0773
0.1974 -6.8571 0.0891
0.2146 -8.0000 0.1126
0.2489 -8.6429 0.1261
0.2575 -9.2143 0.1496
0.3090 -9.5714 0.1647
0.3605 -9.7857 0.1849
0.3906 -10.0714 0.2034
0.4335 -9.6429 0.2269
0.4764 -10.5714 0.2487
0.5021 -11.0000 0.2756
0.5408 -11.1429 0.2874
0.5880 -11.0714 0.3126
0.6137 -11.2857 0.3328
0.6524 -10.9286 0.3613
0.7039 -11.8571 0.3815
0.7253 -12.1429 0.4151
0.7554 -12.2143 0.4454
0.7983 -11.8571 0.4756
0.8326 -11.6429 0.5042
0.8498 -11.2143 0.5378
0.9056 -11.2143 0.5630
0.9099 -11.2857 0.6034
0.9185 -10.5000 0.6336
0.9442 -9.7857 0.6689
0.9700 -8.7143 0.6975
0.9742 -7.4286 0.7345
1.0000 -7.3571 0.7697
1.0000 -6.8571 0.8101
0.9871 -6.0000 0.8471
0.9828 -4.5714 0.8891
0.9785 -2.6429 0.9210
0.9313 -0.0000 0.9647
0.9056 1.0000 1.0000
