0.9825 1.0000 1.0000
1.0000 0.9370 0.9362
0.9950 0.8959 0.8340
0.9825 0.8685 0.7532
0.9875 0.8219 0.6553
0.9800 0.7452 0.6128
0.9675 0.7123 0.5404
0.9525 0.6521 0.4936
0.9350 0.6274 0.4553
0.9075 0.5644 0.4298
0.8750 0.5397 0.3915
0.8475 0.4904 0.3702
0.8175 0.4384 0.3787
0.7875 0.3918 0.3660
0.7425 0.3699 0.3489
0.7150 0.3562 0.3277
0.6750 0.3233 0.3149
0.6375 0.3151 0.2894
0.5925 0.3014 0.2596
0.5725 0.2795 0.2596
0.5275 0.2630 0.2468
0.4900 0.2603 0.2128
0.4425 0.2685 0.1872
0.4125 0.2575 0.1830
0.3800 0.2356 0.1532
0.3450 0.2329 0.1404
0.3225 0.2192 0.1064
0.2975 0.2082 0.1149
0.2700 0.1918 0.0809
0.2300 0.1918 0.0766
0.2125 0.1671 0.0468
0.1850 0.1370 0.0681
0.1600 0.1397 0.0255
0.1425 0.1178 0.0298
0.1225 0.1096 0.0000
0.1025 0.0603 0.0213
0.0700 0.0658 0.0043
0.0425 0.0301 0.0128
0.0150 0.0247 0.0213
-0.0000 -0.0000 0.0255
