1.0000 0.0000 0.9182
0.9738 0.0265 1.0000
0.9394 0.0531 0.9545
0.9182 0.1000 0.9273
0.8887 0.1367 0.8545
0.8658 0.1755 0.8000
0.8298 0.2082 0.8000
0.8085 0.2408 0.8182
0.7725 0.2694 0.7818
0.7463 0.3122 0.7455
0.7136 0.3388 0.6727
0.6874 0.3714 0.6727
0.6547 0.4000 0.6455
0.6285 0.4286 0.6455
0.5974 0.4653 0.5909
0.5712 0.4980 0.6091
0.5336 0.5265 0.5182
0.5106 0.5551 0.5364
0.4779 0.5776 0.4909
0.4501 0.6020 0.4727
0.4190 0.6367 0.4273
0.3912 0.6551 0.4182
0.3568 0.6857 0.3273
0.3322 0.7000 0.3364
0.2979 0.7286 0.3091
0.2717 0.7571 0.3000
0.2406 0.7816 0.2364
0.2177 0.7959 0.2455
0.1899 0.8245 0.1818
0.1604 0.8469 0.1727
0.1309 0.8592 0.1364
0.1129 0.8857 0.1545
0.0900 0.9041 0.1091
0.0736 0.9184 0.1091
0.0524 0.9367 0.0727
0.0360 0.9510 0.0636
0.0196 0.9551 0.0182
0.0131 0.9673 0.0091
0.0000 0.9816 0.0000
0.0000 1.0000 0.0000
