0.0141 1.0000 1.0000
0.0071 0.9506 0.9793
0.0000 0.9074 0.9689
0.0141 0.8889 0.9326
0.0141 0.9136 0.9119
0.0353 0.8580 0.8860
0.0353 0.8210 0.8860
0.0565 0.7901 0.8497
0.0601 0.7778 0.8446
0.0919 0.8086 0.8031
0.0989 0.7778 0.8083
0.1237 0.7469 0.7668
0.1378 0.6914 0.7513
0.1696 0.6605 0.7202
0.1979 0.6481 0.7150
0.2438 0.6296 0.6839
0.2686 0.5926 0.6632
0.3145 0.5370 0.6321
0.3463 0.5494 0.6218
0.3922 0.5062 0.5855
0.4028 0.4753 0.5751
0.4488 0.4383 0.5285
0.4806 0.4074 0.5181
0.5230 0.3951 0.4819
0.5512 0.3765 0.4715
0.5866 0.3333 0.4301
0.6219 0.2840 0.4041
0.6678 0.2778 0.4041
0.7102 0.2654 0.3731
0.7314 0.2346 0.3368
0.7562 0.2284 0.3005
0.7880 0.1852 0.2746
0.8092 0.1667 0.2435
0.8481 0.1420 0.2176
0.8587 0.1111 0.1865
0.8869 0.0617 0.1399
0.9117 0.0741 0.1192
0.9435 0.0617 0.0829
0.9611 0.0247 0.0622
1.0000 0.0000 0.0000
