1.9409 0.6334 1.0000
1.0000 0.7513 0.9271
-0.0000 0.8608 0.8449
-1.0197 0.9405 0.7597
-2.0236 0.9851 0.6732
-2.9252 1.0000 0.5830
-3.7795 0.9787 0.5014
-4.5630 0.9299 0.4250
-5.2677 0.8587 0.3593
-5.8307 0.7577 0.3016
-6.2953 0.6514 0.2561
-6.7165 0.5462 0.2107
-7.0709 0.4431 0.1667
-7.3386 0.3433 0.1263
-7.5354 0.2444 0.0931
-7.6929 0.1647 0.0649
-7.8425 0.0914 0.0447
-7.9291 0.0404 0.0253
-8.0000 0.0106 0.0115
-8.0157 -0.0000 0.0022
-8.0394 0.0106 0.0000
-8.0354 0.0351 0.0087
-8.0000 0.0765 0.0238
-7.9094 0.1265 0.0390
-7.8031 0.1838 0.0563
-7.6654 0.2465 0.0750
-7.5000 0.3082 0.0952
-7.2992 0.3730 0.1147
-7.0709 0.4261 0.1414
-6.8189 0.4740 0.1696
-6.5787 0.5207 0.1977
-6.3110 0.5654 0.2244
-6.0512 0.6057 0.2532
-5.7992 0.6419 0.2828
-5.5354 0.6684 0.3182
-5.2795 0.7014 0.3550
-5.0236 0.7205 0.3947
-4.7520 0.7450 0.4365
-4.5000 0.7545 0.4697
-4.2126 0.7715 0.5014
