-21.5714 9.0000 0.0000
-19.0000 7.2000 0.0000
-20.7143 7.8000 0.0417
-18.0000 6.8000 0.0000
-19.4286 7.4000 0.1667
-17.0000 6.6000 0.2083
-18.4286 8.4000 0.1667
-16.0000 6.6000 0.2083
-17.5714 7.2000 0.2083
-14.8571 6.6000 0.2500
-15.7143 6.2000 0.1250
-13.7143 5.4000 0.1667
-14.5714 6.0000 0.1667
-12.2857 4.0000 0.2500
-13.5714 4.6000 0.2917
-11.1429 4.0000 0.2917
-12.5714 3.8000 0.2500
-10.7143 3.6000 0.3333
-11.2857 5.0000 0.2500
-9.4286 4.0000 0.3750
-10.7143 5.2000 0.3750
-8.4286 4.2000 0.4583
-9.1429 4.8000 0.5833
-7.1429 2.8000 0.5000
-8.5714 3.4000 0.6667
-6.1429 3.8000 0.7083
-7.0000 3.6000 0.7083
-5.0000 2.0000 0.8750
-5.8571 3.0000 0.7500
-3.8571 2.6000 0.7917
-5.0000 3.6000 0.7500
-3.1429 1.4000 0.8750
-4.0000 2.6000 0.7500
-1.8571 2.2000 0.8333
-2.8571 2.8000 0.8333
-1.1429 1.0000 0.8333
-2.1429 1.2000 0.9167
0.0000 1.0000 0.9167
-0.7143 1.0000 1.0000
1.0000 0.0000 0.9583
