0.0000 0.0000 0.9815
0.0333 0.0310 1.0000
0.0333 0.0465 0.9444
0.0833 0.0775 0.9630
0.1333 0.0853 0.8889
0.1333 0.1473 0.9074
0.2000 0.1395 0.8519
0.2000 0.1705 0.8333
0.2500 0.1628 0.7963
0.2333 0.2016 0.8148
0.3000 0.2403 0.7778
0.3333 0.2868 0.7407
0.3500 0.2946 0.6852
0.3833 0.3256 0.6481
0.3333 0.3411 0.5926
0.4000 0.3798 0.5926
0.4000 0.4186 0.5185
0.4500 0.4806 0.5556
0.4833 0.4884 0.4815
0.5167 0.4961 0.4444
0.5500 0.4961 0.4259
0.5500 0.5349 0.4630
0.5667 0.5659 0.4259
0.6000 0.6047 0.3704
0.6500 0.6124 0.3519
0.7000 0.6202 0.3519
0.6833 0.6124 0.2778
0.7333 0.6589 0.3148
0.7667 0.6977 0.2407
0.8167 0.7209 0.2593
0.8333 0.7287 0.1667
0.8500 0.7209 0.2222
0.8500 0.7752 0.1296
0.8667 0.8295 0.1481
0.9167 0.8605 0.0741
0.9167 0.8760 0.0741
0.9333 0.8837 0.0185
0.9333 0.9225 0.0000
0.9667 0.9612 0.0000
1.0000 1.0000 0.0370
