0.0000 0.9512 1.0000
0.0000 1.0000 0.9889
0.0400 0.9634 0.9778
0.1600 0.9756 0.9556
0.0400 0.9634 0.9333
0.1600 0.9146 0.9000
0.0400 0.8902 0.8556
0.2400 0.8293 0.8556
0.1200 0.8049 0.8333
0.3200 0.7805 0.8333
0.3200 0.7561 0.7667
0.4400 0.7073 0.7778
0.4000 0.6220 0.7556
0.6000 0.6220 0.7111
0.4800 0.5610 0.6667
0.6000 0.5488 0.6778
0.6000 0.5488 0.6111
0.6400 0.5366 0.6000
0.6800 0.5122 0.5556
0.6400 0.5000 0.5333
0.6800 0.4634 0.4889
0.7600 0.4878 0.4667
0.6800 0.5000 0.4444
0.8000 0.4512 0.4333
0.7200 0.4268 0.4000
0.7600 0.3902 0.3889
0.8000 0.3537 0.3889
0.8800 0.3171 0.3556
0.7200 0.2927 0.3333
0.8800 0.2073 0.3222
0.8000 0.1585 0.2889
0.8800 0.1220 0.2778
0.8000 0.1463 0.2222
0.8400 0.1341 0.2222
0.8400 0.0732 0.1444
0.7600 0.0366 0.1556
0.8000 0.0244 0.0889
0.9200 0.0610 0.0667
0.9200 0.0244 0.0333
1.0000 0.0000 0.0000
