1.0000 0.9932 0.0000
0.9737 1.0000 0.0194
0.9452 0.9932 0.0500
0.9145 0.9932 0.0861
0.8816 0.9589 0.1056
0.8553 0.9247 0.1250
0.8224 0.8767 0.1556
0.8004 0.8699 0.1861
0.7675 0.8630 0.2111
0.7412 0.8425 0.2306
0.7105 0.8014 0.2722
0.6864 0.7945 0.2917
0.6579 0.7466 0.3139
0.6404 0.6918 0.3417
0.6206 0.6712 0.3694
0.5943 0.6849 0.3917
0.5614 0.6781 0.4222
0.5351 0.6438 0.4500
0.5110 0.6164 0.4778
0.4846 0.6164 0.4944
0.4539 0.5479 0.5194
0.4408 0.5274 0.5417
0.4123 0.5411 0.5750
0.3882 0.5548 0.6000
0.3575 0.5205 0.6222
0.3377 0.4589 0.6556
0.3158 0.4247 0.6750
0.2961 0.3699 0.7000
0.2719 0.3288 0.7389
0.2412 0.3014 0.7556
0.2149 0.3219 0.7778
0.1886 0.3219 0.8000
0.1601 0.2671 0.8306
0.1338 0.2123 0.8556
0.1009 0.1849 0.8806
0.0833 0.0959 0.9056
0.0658 0.0548 0.9278
0.0504 0.0685 0.9528
0.0241 0.0479 0.9750
-0.0000 -0.0000 1.0000
