-0.0000 -0.2357 0.0000
0.1186 -0.1019 0.0130
0.0678 0.0000 0.0296
0.1525 0.1529 0.0333
0.1525 0.3185 0.0611
0.2542 0.4841 0.0815
0.1864 0.5223 0.1148
0.2034 0.6242 0.1389
0.2034 0.7452 0.1648
0.3898 0.9363 0.1907
0.3390 1.0000 0.2185
0.4237 1.1146 0.2444
0.4237 1.1911 0.2870
0.4915 1.3312 0.3074
0.5254 1.3631 0.3500
0.6271 1.4331 0.3704
0.5424 1.4904 0.4130
0.7119 1.5796 0.4426
0.6102 1.5860 0.4685
0.7119 1.7197 0.5019
0.5593 1.6943 0.5296
0.6780 1.7898 0.5593
0.6271 1.7962 0.5870
0.7627 1.8726 0.6167
0.6271 1.8344 0.6481
0.7288 1.9172 0.6796
0.6441 1.8917 0.7037
0.8305 1.9363 0.7259
0.6949 1.9299 0.7481
0.8475 2.0255 0.7722
0.7627 1.9745 0.8000
0.9492 2.0510 0.8185
0.8136 2.0000 0.8426
0.9831 2.0637 0.8685
0.7966 2.0318 0.8907
0.9831 2.0701 0.9204
0.8644 2.0064 0.9352
1.0000 2.0573 0.9556
0.8136 2.0191 0.9741
0.9492 2.0828 1.0000
