8.0000 -13.4444 0.5351
8.0000 -12.8889 0.5092
7.8182 -13.8889 0.4871
8.2727 -12.1111 0.4317
7.2727 -14.4444 0.3838
7.0909 -12.0000 0.3653
6.8182 -11.4444 0.3247
6.6364 -10.0000 0.2878
6.0000 -11.0000 0.2399
5.8182 -8.1111 0.2030
5.7273 -8.6667 0.1550
4.9091 -5.5556 0.1255
4.5455 -5.5556 0.0996
4.0000 -2.2222 0.0775
3.2727 -2.3333 0.0480
2.6364 0.0000 0.0148
2.4545 1.0000 0.0074
1.9091 3.4444 0.0000
1.5455 5.8889 0.0185
1.0000 7.4444 0.0295
-0.0909 9.4444 0.0443
0.0000 10.1111 0.0664
-0.1818 12.7778 0.1033
-0.7273 11.6667 0.1255
-2.1818 16.1111 0.1808
-1.8182 14.1111 0.2030
-3.0000 17.0000 0.2620
-2.9091 14.3333 0.2989
-4.2727 16.8889 0.3764
-3.6364 14.6667 0.4244
-4.8182 15.0000 0.4797
-4.7273 15.5556 0.5572
-5.4545 13.0000 0.6089
-5.6364 14.8889 0.6790
-6.2727 8.3333 0.7085
-7.0909 13.1111 0.8007
-6.8182 7.2222 0.8450
-7.7273 8.3333 0.9041
-7.8182 3.3333 0.9631
-8.5455 3.5556 1.0000
