1.0000 0.0000 1.0000
0.9790 0.0354 0.9425
0.9581 0.0505 0.9540
0.9281 0.0404 0.9425
0.9192 0.0303 0.9080
0.8952 0.0505 0.8966
0.8802 0.0606 0.8851
0.8413 0.0707 0.8391
0.8293 0.0808 0.8046
0.8084 0.1010 0.7356
0.7665 0.0909 0.7011
0.7485 0.1010 0.6207
0.7305 0.1313 0.5517
0.7036 0.1414 0.5517
0.6737 0.1566 0.5402
0.6407 0.1869 0.4828
0.6287 0.2071 0.4368
0.6018 0.2626 0.3678
0.5719 0.2879 0.3103
0.5509 0.3030 0.3103
0.5240 0.3283 0.2874
0.4910 0.3485 0.2644
0.4581 0.3838 0.2414
0.4371 0.4141 0.1954
0.4012 0.4545 0.1034
0.3623 0.4848 0.0920
0.3563 0.5051 0.0575
0.3263 0.5455 0.0460
0.2934 0.5808 0.0115
0.2605 0.6465 0.0115
0.2335 0.6717 0.0115
0.2096 0.7121 0.0230
0.1766 0.7677 0.0000
0.1737 0.8030 0.0230
0.1497 0.7980 0.0115
0.1018 0.8333 0.0460
0.0749 0.8687 0.0690
0.0479 0.8889 0.1609
0.0240 0.9293 0.0920
0.0000 1.0000 0.0460
