0.0488 1.0000 1.0000
0.0976 0.9173 0.9750
0.0732 0.8383 0.9500
0.0407 0.7632 0.9250
0.0081 0.7030 0.9000
0.0407 0.6241 0.9250
0.0081 0.5677 0.9125
0.0325 0.5226 0.8625
0.0407 0.4925 0.7375
0.0000 0.4624 0.7500
0.0407 0.4173 0.7250
0.0894 0.3647 0.8625
0.0732 0.3271 0.8875
0.1138 0.3308 0.6500
0.1301 0.3158 0.6625
0.1626 0.3083 0.6250
0.1545 0.2857 0.5750
0.1789 0.2669 0.6000
0.1951 0.2481 0.6250
0.1951 0.2368 0.5750
0.2195 0.2406 0.4875
0.2683 0.2444 0.4375
0.2520 0.2143 0.4125
0.3089 0.1955 0.4000
0.3333 0.1692 0.3875
0.3659 0.1466 0.4875
0.3902 0.1466 0.3500
0.4553 0.1391 0.2500
0.4309 0.1278 0.2625
0.4715 0.1165 0.2375
0.5366 0.0902 0.2125
0.5610 0.0752 0.2625
0.5772 0.0526 0.3000
0.7154 0.0489 0.1125
0.7236 0.0602 0.1000
0.7805 0.0526 0.1375
0.8374 0.0263 0.0500
0.8943 0.0038 0.1125
0.9268 0.0000 0.1125
1.0000 0.0000 0.0000
