0.8095 0.0000 0.0116
0.8968 0.1019 0.0000
0.9444 0.1365 0.0482
0.9762 0.2558 0.0291
1.0000 0.3115 0.0740
0.9921 0.4077 0.0873
0.9841 0.4654 0.1131
0.9524 0.5731 0.1380
0.8571 0.6231 0.1646
0.8095 0.6865 0.2186
0.7778 0.7231 0.2369
0.7222 0.8135 0.2735
0.6508 0.8558 0.2826
0.5873 0.8712 0.3525
0.4762 0.9212 0.3533
0.4286 0.9173 0.4198
0.3571 0.9500 0.4472
0.3095 0.9404 0.4946
0.2778 1.0000 0.4971
0.2460 0.9808 0.5436
0.1825 0.9846 0.5819
0.1349 0.9500 0.6284
0.0952 0.9712 0.6575
0.0714 0.9423 0.6808
0.0397 0.9135 0.7307
0.0556 0.9019 0.7423
0.0635 0.8769 0.7839
0.0873 0.8731 0.7997
0.0397 0.8269 0.8396
0.0000 0.8231 0.8495
0.0476 0.7731 0.8878
0.0476 0.7827 0.8919
0.0635 0.7596 0.9144
0.1111 0.7481 0.9235
0.1270 0.7096 0.9451
0.0794 0.7038 0.9559
0.0397 0.6904 0.9626
0.0556 0.6808 0.9784
0.0635 0.6500 0.9875
0.0476 0.6404 1.0000
