-0.0000 1.0000 1.0000
0.0039 0.9811 0.9775
0.0506 0.9623 0.9588
0.0506 0.9434 0.9326
0.0973 0.9811 0.9101
0.1012 0.9811 0.8839
0.1479 0.9057 0.8652
0.1518 0.9245 0.8352
0.1868 0.8868 0.8202
0.1984 0.9811 0.7978
0.2412 0.9057 0.7753
0.2412 0.9057 0.7640
0.2840 0.8679 0.7341
0.2840 0.8679 0.7116
0.3268 0.8302 0.6854
0.3230 0.8491 0.6592
0.3735 0.7547 0.6330
0.3735 0.7736 0.6142
0.4241 0.7547 0.5843
0.4241 0.7547 0.5581
0.4786 0.6981 0.5356
0.4786 0.6981 0.4981
0.5331 0.6415 0.4682
0.5292 0.6604 0.4345
0.5914 0.6415 0.4082
0.5914 0.6415 0.3783
0.6420 0.5660 0.3521
0.6381 0.4528 0.3333
0.6965 0.3962 0.3071
0.6926 0.4528 0.2809
0.7471 0.3019 0.2547
0.7432 0.2642 0.2210
0.7977 0.2642 0.2097
0.7899 0.1321 0.1685
0.8638 0.1321 0.1423
0.8677 0.1132 0.1086
0.9222 0.0377 0.0861
0.9300 0.0755 0.0637
0.9883 -0.0000 0.0337
1.0000 -0.0000 0.0000
