1.0000 1.0000 0.0000
0.9901 0.9333 0.0370
0.9828 0.8833 0.0988
0.9852 0.8400 0.1276
0.9729 0.8333 0.1564
0.9754 0.7933 0.1728
0.9754 0.7433 0.1934
0.9581 0.7400 0.2305
0.9532 0.7233 0.2675
0.9286 0.7433 0.2881
0.9113 0.7233 0.3045
0.8842 0.7033 0.3210
0.8645 0.6733 0.3745
0.8300 0.6333 0.3786
0.8128 0.6700 0.4198
0.7882 0.6733 0.4527
0.7635 0.6467 0.4733
0.7291 0.6300 0.5185
0.6946 0.6233 0.5514
0.6626 0.6200 0.5926
0.6207 0.6200 0.6337
0.5985 0.6067 0.6626
0.5665 0.5700 0.6872
0.5345 0.5600 0.7160
0.5099 0.5533 0.7613
0.4655 0.5533 0.7901
0.4384 0.5233 0.8066
0.4138 0.4733 0.8313
0.3892 0.4567 0.8601
0.3547 0.4033 0.8724
0.3177 0.4333 0.9095
0.2759 0.3967 0.9218
0.2463 0.3433 0.9259
0.2020 0.2700 0.9383
0.1650 0.2267 0.9630
0.1355 0.2567 0.9835
0.0788 0.2533 0.9877
0.0567 0.1933 1.0000
0.0345 0.0733 0.9671
-0.0000 0.0000 0.9712
