2.0181 -132.2222 0.3813
2.0301 -130.7778 0.3460
2.0783 -126.7778 0.3333
2.0964 -124.4444 0.3005
2.1084 -122.4444 0.2677
2.0843 -119.8889 0.2399
2.0783 -117.0000 0.2045
2.0422 -112.8889 0.1919
2.0482 -109.8889 0.1566
1.9759 -106.8889 0.1313
1.9337 -103.5556 0.0960
1.8976 -100.1111 0.0808
1.8675 -95.5556 0.0530
1.7831 -91.3333 0.0429
1.6867 -87.4444 0.0253
1.5843 -83.3333 0.0152
1.5060 -78.5556 0.0177
1.3976 -74.2222 0.0051
1.2892 -69.7778 0.0000
1.1446 -65.7778 0.0076
1.0000 -61.1111 0.0051
0.8795 -55.7778 0.0354
0.7470 -51.7778 0.0556
0.5843 -47.4444 0.0758
0.3795 -43.5556 0.0985
0.1687 -39.3333 0.1439
0.0000 -34.2222 0.1793
-0.2169 -30.6667 0.2273
-0.4337 -27.0000 0.2626
-0.6687 -23.5556 0.3106
-0.8855 -20.8889 0.3636
-1.1446 -15.1111 0.4343
-1.3675 -12.3333 0.4975
-1.6325 -10.0000 0.5606
-1.8614 -8.3333 0.6313
-2.1145 -6.3333 0.7045
-2.3554 -1.7778 0.7778
-2.6325 0.0000 0.8586
-2.8554 1.0000 0.9242
-3.1084 1.4444 1.0000
