0.0000 1.0000 0.8333
0.0255 0.9917 0.8833
0.0828 0.9694 0.8667
0.1529 0.9806 0.8333
0.2166 0.9556 0.8000
0.2420 0.9333 0.8667
0.2611 0.9028 0.8833
0.3057 0.8722 0.8833
0.3503 0.8611 1.0000
0.4331 0.8444 0.8833
0.4522 0.8222 0.8833
0.5159 0.7861 0.8333
0.5032 0.7667 0.8667
0.5414 0.7278 0.8667
0.5732 0.7278 0.8667
0.6178 0.6972 0.9000
0.6497 0.6861 0.9000
0.6879 0.6583 0.8833
0.6879 0.6361 0.9000
0.7197 0.6167 0.8667
0.7389 0.5944 0.8833
0.7643 0.5667 0.8500
0.7771 0.5417 0.7667
0.7898 0.5056 0.7500
0.8025 0.4750 0.6667
0.8153 0.4472 0.6667
0.8153 0.4139 0.6167
0.8344 0.3833 0.6000
0.8599 0.3667 0.5333
0.8854 0.3306 0.5333
0.9299 0.3111 0.5000
0.9554 0.2778 0.4833
0.9363 0.2500 0.4833
0.9554 0.2028 0.3833
0.9363 0.1806 0.3500
0.9745 0.1444 0.2667
0.9745 0.1139 0.2000
1.0000 0.0750 0.1167
0.9682 0.0389 0.0500
1.0000 0.0000 0.0000
