0.0938 1.0000 1.0000
0.2500 0.9444 0.9732
0.1250 0.9074 0.9579
0.3125 0.9074 0.9387
0.0000 0.9074 0.9157
0.2500 0.9259 0.9042
0.0312 0.9444 0.8621
0.1875 0.8889 0.8544
0.0312 0.7778 0.8238
0.2188 0.7593 0.8123
0.1250 0.7037 0.7778
0.3750 0.6111 0.7548
0.2812 0.5556 0.7280
0.4688 0.5000 0.7088
0.2500 0.4444 0.6858
0.4375 0.4630 0.6628
0.3438 0.4630 0.6245
0.5312 0.3889 0.6054
0.4375 0.3889 0.5785
0.6562 0.3333 0.5670
0.5625 0.3333 0.5402
0.6250 0.3148 0.5172
0.5312 0.3889 0.4943
0.6562 0.3704 0.4598
0.6250 0.3333 0.4330
0.7188 0.2222 0.4061
0.6250 0.2037 0.3793
0.7500 0.1667 0.3563
0.6562 0.1481 0.3257
0.8125 0.1481 0.2989
0.7500 0.0926 0.2682
0.7812 0.0556 0.2490
0.7500 0.0741 0.2031
0.7188 0.0370 0.1762
0.7500 0.0741 0.1341
0.9375 0.0741 0.1034
0.9062 0.1111 0.0843
1.0000 0.0000 0.0460
0.9375 0.0370 0.0230
1.0000 0.1111 0.0000
