3.4255 0.0000 0.5633
1.0000 0.3671 0.3628
-0.8935 1.0000 0.1884
-1.6528 1.8369 0.0554
-1.4259 2.8323 0.0000
-0.0000 3.8127 0.0108
2.3662 4.6752 0.0987
5.1287 5.3308 0.2126
8.2222 5.7145 0.3571
11.0931 5.8625 0.5016
13.7773 5.8082 0.6334
16.0403 5.6586 0.7441
17.9000 5.4260 0.8281
19.4588 5.1828 0.9001
20.6565 4.9366 0.9395
21.6616 4.6798 0.9714
22.4741 4.4366 0.9917
23.1120 4.1979 1.0000
23.6296 4.0166 0.9987
24.0148 3.8127 0.9943
24.3639 3.6616 0.9847
24.6468 3.5121 0.9663
24.9176 3.3746 0.9510
25.1282 3.2508 0.9306
25.3208 3.1360 0.9128
25.4472 3.0785 0.8842
25.5676 2.9804 0.8638
25.6699 2.9215 0.8390
25.8204 2.8505 0.8173
25.8926 2.8127 0.7925
26.0009 2.7492 0.7721
26.0611 2.7221 0.7530
26.1454 2.7024 0.7295
26.1995 2.6707 0.7097
26.2778 2.6344 0.6913
26.3741 2.6208 0.6760
26.4463 2.6133 0.6563
26.5185 2.6012 0.6410
26.5727 2.5831 0.6270
26.6389 2.5695 0.6181
