1.0000 0.0000 0.8500
0.9626 0.0083 0.9500
0.9346 0.0333 1.0000
0.8785 0.0375 0.9000
0.8879 0.0833 0.7500
0.8598 0.1125 0.5500
0.8411 0.1333 0.5500
0.7850 0.1542 0.5500
0.7570 0.1833 0.4500
0.7103 0.2125 0.6500
0.7103 0.2250 0.5000
0.6449 0.2375 0.5500
0.6355 0.2792 0.2500
0.5981 0.3167 0.2500
0.5981 0.3000 0.5500
0.5421 0.3083 0.4000
0.5327 0.3667 0.3500
0.4673 0.3958 0.0500
0.4673 0.4292 0.0000
0.4112 0.4500 0.1500
0.4206 0.4792 0.1500
0.3738 0.4917 0.0000
0.3925 0.5333 0.0500
0.3551 0.5625 0.1000
0.3364 0.6000 0.2000
0.3178 0.6125 0.3000
0.3645 0.6542 0.2500
0.3178 0.6750 0.3500
0.2710 0.7000 0.2500
0.2617 0.7167 0.0500
0.2430 0.7708 0.1500
0.1869 0.7833 0.4000
0.1869 0.8083 0.3500
0.1495 0.8375 0.3500
0.1308 0.8917 0.2500
0.0654 0.9083 0.2000
0.0561 0.9250 0.5000
0.0561 0.9417 0.5500
0.0654 0.9958 0.6500
0.0000 1.0000 0.7500
