0.07368421 0.31544146 0.12949430
0.06963563 0.31466356 0.12657118
0.06801619 0.31427460 0.12247881
0.06639676 0.31349669 0.12101725
0.05910931 0.31232983 0.11984800
0.05425101 0.31466356 0.11575563
0.04939271 0.32010891 0.11254019
0.04858300 0.32244263 0.10990938
0.04372470 0.32905484 0.10640164
0.04210526 0.33527810 0.10523239
0.03238866 0.33838973 0.10523239
0.03157895 0.34655776 0.10347852
0.02267206 0.35511474 0.10289389
0.02186235 0.36911708 0.10084771
0.01214575 0.37845196 0.09850921
0.00890688 0.39284325 0.09997077
0.00647773 0.40178919 0.10260158
0.00404858 0.41384675 0.10552470
0.00000000 0.43601711 0.10494008
0.00000000 0.45740957 0.10903245
0.00080972 0.47763516 0.11429407
0.01133603 0.49980552 0.12014031
0.01619433 0.52119798 0.13066355
0.02591093 0.54647997 0.14177141
0.03643725 0.57876313 0.14995615
0.05587045 0.61299105 0.16281789
0.06963563 0.64877480 0.17977200
0.09797571 0.68222482 0.20023385
0.12145749 0.71839751 0.22537270
0.15222672 0.75534811 0.25548085
0.19190283 0.79657721 0.28500438
0.24453441 0.84169584 0.32125110
0.29878543 0.88331389 0.36275943
0.37004049 0.91559704 0.41069863
0.43319838 0.94671334 0.46389944
0.50202429 0.97121743 0.52294651
0.58137652 0.98638662 0.58345513
0.66720648 1.00000000 0.64659456
0.75222672 0.99922209 0.70885706
0.83238866 0.97588487 0.77287343
0.89311741 0.94126799 0.83133587
0.93603239 0.89109296 0.88629056
0.97327935 0.83197200 0.93276820
0.99838057 0.76196033 0.97018416
1.00000000 0.68222482 0.99123063
0.97732794 0.59354337 1.00000000
0.92226721 0.50330611 0.99473838
0.85425101 0.41112408 0.98012277
0.78623482 0.33022170 0.95410699
0.71012146 0.25515364 0.91815259
0.62510121 0.18747569 0.87021339
0.53684211 0.13068845 0.81759719
0.44858300 0.08129133 0.75971938
0.36437247 0.04472968 0.70301082
0.29635628 0.02255932 0.64542531
0.24372470 0.00622326 0.58813213
0.19271255 0.00038895 0.53054662
0.15627530 0.00000000 0.47763812
0.12145749 0.00233372 0.42852967
0.09716599 0.00855698 0.38380590
0.07692308 0.02139245 0.34112833
0.07125506 0.03617270 0.30371236
0.06315789 0.05017503 0.26980415
0.06882591 0.06806690 0.23852675
0.06963563 0.08129133 0.21104940
0.07044534 0.09957215 0.18795674
0.07692308 0.11979774 0.16457176
0.08906883 0.13574485 0.14557147
0.10040486 0.15130299 0.12744811
0.11497976 0.16647219 0.11283251
0.12550607 0.17852975 0.10084771
0.13927126 0.19253209 0.08857059
0.14898785 0.20653442 0.07570886
0.16437247 0.21936989 0.06781643
0.17085020 0.22948269 0.05904706
0.18299595 0.24076235 0.05320082
0.19595142 0.24893038 0.04676995
0.20485830 0.25904317 0.04180064
0.21376518 0.27148969 0.03595440
0.22510121 0.27810191 0.03186203
0.23562753 0.28471412 0.02835428
0.24858300 0.29210424 0.02426191
0.25425101 0.29677168 0.02250804
0.26396761 0.30260599 0.01987723
0.26963563 0.30844030 0.01724642
0.28016194 0.31466356 0.01461561
0.28744939 0.31816414 0.01198480
0.29716599 0.32205368 0.01081555
0.30526316 0.32477635 0.00935399
0.31255061 0.32827694 0.00935399
0.32145749 0.33099961 0.00730780
0.32955466 0.33488915 0.00555393
0.33765182 0.33800078 0.00350775
0.34493927 0.33800078 0.00233850
0.35222672 0.33761182 0.00321543
0.35870445 0.34033450 0.00292312
0.36032389 0.34227927 0.00175387
0.36923077 0.34422404 0.00146156
0.37004049 0.34577985 0.00000000
0.38137652 0.34811357 0.00087694
