-4719.0000 -39481.0000 55913.0000
-4693.0000 -39494.0000 55978.0000
-4654.0000 -39598.0000 56030.0000
-4628.0000 -39572.0000 56121.0000
-4550.0000 -39585.0000 56108.0000
-4602.0000 -39650.0000 56173.0000
-4576.0000 -39663.0000 56225.0000
-4550.0000 -39728.0000 56277.0000
-4485.0000 -39754.0000 56329.0000
-4472.0000 -39741.0000 56420.0000
-4420.0000 -39806.0000 56459.0000
-4329.0000 -39845.0000 56550.0000
-4238.0000 -39858.0000 56602.0000
-4225.0000 -39962.0000 56667.0000
-4095.0000 -40014.0000 56732.0000
-4056.0000 -40066.0000 56823.0000
-3939.0000 -40105.0000 56875.0000
-3861.0000 -40131.0000 56992.0000
-3731.0000 -40144.0000 57057.0000
-3679.0000 -40196.0000 57161.0000
-3614.0000 -40183.0000 57226.0000
-3614.0000 -40261.0000 57291.0000
-3523.0000 -40287.0000 57356.0000
-3536.0000 -40274.0000 57447.0000
-3484.0000 -40352.0000 57512.0000
-3393.0000 -40313.0000 57590.0000
-3315.0000 -40391.0000 57655.0000
-3289.0000 -40417.0000 57772.0000
-3146.0000 -40404.0000 57876.0000
-3081.0000 -40443.0000 58006.0000
-3003.0000 -40404.0000 58084.0000
-2912.0000 -40404.0000 58175.0000
-2860.0000 -40521.0000 58266.0000
-2769.0000 -40495.0000 58357.0000
-2652.0000 -40586.0000 58409.0000
-2587.0000 -40573.0000 58526.0000
-2457.0000 -40495.0000 58630.0000
-2457.0000 -40534.0000 58760.0000
-2340.0000 -40508.0000 58812.0000
-2327.0000 -40573.0000 58929.0000
-2223.0000 -40560.0000 59020.0000
-2158.0000 -40560.0000 59072.0000
-2028.0000 -40638.0000 59189.0000
-1989.0000 -40612.0000 59293.0000
-1885.0000 -40664.0000 59384.0000
-1820.0000 -40625.0000 59514.0000
-1729.0000 -40573.0000 59605.0000
-1651.0000 -40573.0000 59748.0000
-1508.0000 -40560.0000 59852.0000
-1430.0000 -40638.0000 59943.0000
-1274.0000 -40586.0000 60047.0000
-1183.0000 -40560.0000 60216.0000
-1040.0000 -40495.0000 60346.0000
-962.0000 -40482.0000 60502.0000
-884.0000 -40495.0000 60541.0000
-884.0000 -40430.0000 60645.0000
-793.0000 -40534.0000 60736.0000
-689.0000 -40508.0000 60840.0000
-598.0000 -40482.0000 60931.0000
-533.0000 -40417.0000 61048.0000
-364.0000 -40352.0000 61165.0000
-364.0000 -40313.0000 61295.0000
-169.0000 -40196.0000 61412.0000
-130.0000 -40209.0000 61529.0000
65.0000 -40196.0000 61607.0000
156.0000 -40196.0000 61750.0000
351.0000 -40144.0000 61867.0000
455.0000 -40014.0000 62036.0000
559.0000 -40001.0000 62114.0000
624.0000 -39936.0000 62218.0000
780.0000 -40053.0000 62283.0000
858.0000 -39975.0000 62387.0000
1001.0000 -40014.0000 62478.0000
1079.0000 -39871.0000 62621.0000
1248.0000 -39858.0000 62712.0000
1326.0000 -39754.0000 62868.0000
1482.0000 -39728.0000 62920.0000
1560.0000 -39715.0000 63037.0000
1755.0000 -39689.0000 63102.0000
1846.0000 -39702.0000 63232.0000
2093.0000 -39585.0000 63375.0000
2132.0000 -39533.0000 63518.0000
2327.0000 -39364.0000 63635.0000
2366.0000 -39325.0000 63713.0000
2496.0000 -39312.0000 63804.0000
2574.0000 -39299.0000 63895.0000
2717.0000 -39208.0000 63973.0000
2782.0000 -39182.0000 64116.0000
2938.0000 -39091.0000 64181.0000
3042.0000 -38987.0000 64311.0000
3133.0000 -38987.0000 64376.0000
3185.0000 -38883.0000 64454.0000
3367.0000 -38948.0000 64519.0000
3484.0000 -38779.0000 64675.0000
3692.0000 -38779.0000 64779.0000
3783.0000 -38623.0000 64935.0000
3978.0000 -38545.0000 65039.0000
4017.0000 -38454.0000 65130.0000
4147.0000 -38519.0000 65182.0000
4225.0000 -38376.0000 65299.0000
