-36478.0000 -858.0000 66287.0000
-36504.0000 -858.0000 66326.0000
-36478.0000 -897.0000 66313.0000
-36504.0000 -923.0000 66326.0000
-36478.0000 -923.0000 66339.0000
-36517.0000 -1001.0000 66391.0000
-36491.0000 -988.0000 66352.0000
-36491.0000 -1027.0000 66365.0000
-36465.0000 -1118.0000 66430.0000
-36452.0000 -1079.0000 66391.0000
-36478.0000 -1105.0000 66404.0000
-36517.0000 -1118.0000 66404.0000
-36504.0000 -1105.0000 66404.0000
-36517.0000 -1118.0000 66417.0000
-36478.0000 -1144.0000 66417.0000
-36530.0000 -1170.0000 66443.0000
-36517.0000 -1209.0000 66417.0000
-36504.0000 -1196.0000 66469.0000
-36491.0000 -1235.0000 66430.0000
-36517.0000 -1222.0000 66443.0000
-36504.0000 -1248.0000 66430.0000
-36517.0000 -1248.0000 66469.0000
-36504.0000 -1261.0000 66430.0000
-36517.0000 -1261.0000 66443.0000
-36504.0000 -1287.0000 66469.0000
-36517.0000 -1274.0000 66430.0000
-36517.0000 -1287.0000 66456.0000
-36517.0000 -1235.0000 66430.0000
-36491.0000 -1235.0000 66430.0000
-36517.0000 -1261.0000 66443.0000
-36478.0000 -1248.0000 66443.0000
-36530.0000 -1235.0000 66430.0000
-36478.0000 -1222.0000 66443.0000
-36504.0000 -1222.0000 66417.0000
-36504.0000 -1261.0000 66443.0000
-36504.0000 -1248.0000 66404.0000
-36491.0000 -1274.0000 66430.0000
-36504.0000 -1222.0000 66417.0000
-36504.0000 -1300.0000 66417.0000
-36504.0000 -1196.0000 66404.0000
-36491.0000 -1209.0000 66417.0000
-36504.0000 -1222.0000 66443.0000
-36465.0000 -1222.0000 66417.0000
-36517.0000 -1222.0000 66417.0000
-36491.0000 -1248.0000 66417.0000
-36504.0000 -1235.0000 66443.0000
-36491.0000 -1235.0000 66417.0000
-36478.0000 -1261.0000 66404.0000
-36491.0000 -1235.0000 66430.0000
-36491.0000 -1222.0000 66417.0000
-36504.0000 -1261.0000 66443.0000
-36478.0000 -1235.0000 66404.0000
-36504.0000 -1222.0000 66443.0000
-36517.0000 -1209.0000 66417.0000
-36491.0000 -1209.0000 66417.0000
-36517.0000 -1222.0000 66430.0000
-36491.0000 -1222.0000 66443.0000
-36491.0000 -1183.0000 66404.0000
-36491.0000 -1222.0000 66469.0000
-36439.0000 -1209.0000 66417.0000
-36491.0000 -1222.0000 66417.0000
-36478.0000 -1209.0000 66404.0000
-36491.0000 -1222.0000 66417.0000
-36491.0000 -1209.0000 66404.0000
-36504.0000 -1248.0000 66443.0000
-36504.0000 -1235.0000 66417.0000
-36504.0000 -1196.0000 66417.0000
-36504.0000 -1209.0000 66430.0000
-36504.0000 -1235.0000 66430.0000
-36478.0000 -1196.0000 66417.0000
-36478.0000 -1235.0000 66443.0000
-36491.0000 -1209.0000 66404.0000
-36491.0000 -1248.0000 66430.0000
-36517.0000 -1222.0000 66417.0000
-36491.0000 -1287.0000 66430.0000
-36491.0000 -1209.0000 66417.0000
-36478.0000 -1235.0000 66404.0000
-36491.0000 -1222.0000 66430.0000
-36491.0000 -1235.0000 66404.0000
-36491.0000 -1222.0000 66417.0000
-36504.0000 -1248.0000 66443.0000
-36465.0000 -1235.0000 66417.0000
-36504.0000 -1222.0000 66443.0000
-36478.0000 -1235.0000 66417.0000
-36504.0000 -1222.0000 66443.0000
-36504.0000 -1183.0000 66404.0000
-36491.0000 -1248.0000 66430.0000
-36504.0000 -1222.0000 66404.0000
-36491.0000 -1248.0000 66443.0000
-36504.0000 -1209.0000 66404.0000
-36491.0000 -1248.0000 66430.0000
-36504.0000 -1235.0000 66430.0000
-36504.0000 -1248.0000 66430.0000
-36478.0000 -1196.0000 66430.0000
-36491.0000 -1235.0000 66456.0000
-36478.0000 -1196.0000 66404.0000
-36491.0000 -1261.0000 66443.0000
-36491.0000 -1222.0000 66417.0000
-36517.0000 -1248.0000 66430.0000
-36504.0000 -1183.0000 66404.0000
