-69134.0000 45968.0000 51740.0000
-68484.0000 46241.0000 51454.0000
-67665.0000 46358.0000 51441.0000
-66989.0000 46735.0000 51207.0000
-66196.0000 46878.0000 51077.0000
-65559.0000 47216.0000 50817.0000
-64753.0000 47385.0000 50726.0000
-64038.0000 47632.0000 50440.0000
-63219.0000 47606.0000 50388.0000
-62504.0000 47788.0000 50167.0000
-61555.0000 47723.0000 50232.0000
-60697.0000 47749.0000 50154.0000
-59683.0000 47619.0000 50310.0000
-58682.0000 47658.0000 50245.0000
-57603.0000 47437.0000 50466.0000
-56602.0000 47398.0000 50505.0000
-55484.0000 47099.0000 50765.0000
-54431.0000 46904.0000 50895.0000
-53287.0000 46553.0000 51233.0000
-52195.0000 46293.0000 51402.0000
-50960.0000 45851.0000 51779.0000
-49764.0000 45474.0000 52065.0000
-48399.0000 44915.0000 52585.0000
-47086.0000 44421.0000 52910.0000
-45682.0000 43810.0000 53391.0000
-44356.0000 43355.0000 53716.0000
-42939.0000 42757.0000 54184.0000
-41574.0000 42250.0000 54548.0000
-40131.0000 41548.0000 55068.0000
-38714.0000 41002.0000 55484.0000
-37271.0000 40326.0000 55978.0000
-35841.0000 39728.0000 56368.0000
-34359.0000 39065.0000 56901.0000
-32942.0000 38532.0000 57239.0000
-31512.0000 37934.0000 57694.0000
-30108.0000 37440.0000 58032.0000
-28639.0000 36816.0000 58487.0000
-27235.0000 36426.0000 58812.0000
-25792.0000 35763.0000 59280.0000
-24414.0000 35360.0000 59514.0000
-23140.0000 34944.0000 59813.0000
-21905.0000 34645.0000 60034.0000
-20631.0000 34346.0000 60307.0000
-19461.0000 34164.0000 60476.0000
-18265.0000 33891.0000 60697.0000
-17225.0000 33800.0000 60762.0000
-16224.0000 33501.0000 60879.0000
-15340.0000 33436.0000 60931.0000
-14443.0000 33280.0000 61022.0000
-13689.0000 33358.0000 61022.0000
-12935.0000 33319.0000 61061.0000
-12259.0000 33475.0000 61022.0000
-11622.0000 33488.0000 61022.0000
-11089.0000 33644.0000 60944.0000
-10595.0000 33618.0000 60996.0000
-10153.0000 33722.0000 60944.0000
-9698.0000 33618.0000 60944.0000
-9347.0000 33748.0000 60788.0000
-9035.0000 33813.0000 60762.0000
-8723.0000 33995.0000 60645.0000
-8437.0000 34086.0000 60541.0000
-8229.0000 34203.0000 60528.0000
-8047.0000 34398.0000 60346.0000
-7904.0000 34489.0000 60255.0000
-7774.0000 34619.0000 60138.0000
-7683.0000 34619.0000 60021.0000
-7605.0000 34619.0000 59943.0000
-7605.0000 34801.0000 59774.0000
-7657.0000 34762.0000 59670.0000
-7735.0000 34892.0000 59514.0000
-7839.0000 34866.0000 59423.0000
-8021.0000 34970.0000 59254.0000
-8164.0000 35022.0000 59150.0000
-8372.0000 35061.0000 58968.0000
-8593.0000 35087.0000 58851.0000
-8827.0000 35100.0000 58682.0000
-9061.0000 35113.0000 58565.0000
-9295.0000 35178.0000 58396.0000
-9607.0000 35204.0000 58240.0000
-9919.0000 35204.0000 58019.0000
-10257.0000 35100.0000 57876.0000
-10582.0000 35061.0000 57694.0000
-10881.0000 34944.0000 57525.0000
-11128.0000 34801.0000 57330.0000
-11323.0000 34632.0000 57226.0000
-11505.0000 34554.0000 57031.0000
-11739.0000 34437.0000 56927.0000
-11934.0000 34307.0000 56732.0000
-12103.0000 34008.0000 56784.0000
-12077.0000 33995.0000 56550.0000
-11986.0000 33553.0000 56745.0000
-11778.0000 33475.0000 56654.0000
-11583.0000 33293.0000 56680.0000
-11323.0000 32968.0000 56732.0000
-11089.0000 32929.0000 56615.0000
-10868.0000 32760.0000 56589.0000
-10673.0000 32721.0000 56472.0000
-10478.0000 32643.0000 56316.0000
-10283.0000 32591.0000 56290.0000
-10062.0000 32617.0000 56043.0000
