-11778.0000 7436.0000 38688.0000
-11895.0000 7540.0000 38597.0000
-11830.0000 7371.0000 38779.0000
-11973.0000 7501.0000 38649.0000
-11921.0000 7384.0000 38844.0000
-12051.0000 7579.0000 38714.0000
-12012.0000 7436.0000 38922.0000
-12129.0000 7605.0000 38805.0000
-12103.0000 7345.0000 38961.0000
-12181.0000 7540.0000 38922.0000
-12194.0000 7371.0000 39052.0000
-12298.0000 7605.0000 38961.0000
-12259.0000 7423.0000 39117.0000
-12337.0000 7540.0000 39078.0000
-12311.0000 7371.0000 39234.0000
-12402.0000 7436.0000 39182.0000
-12350.0000 7280.0000 39299.0000
-12415.0000 7449.0000 39247.0000
-12402.0000 7280.0000 39403.0000
-12415.0000 7514.0000 39338.0000
-12441.0000 7254.0000 39455.0000
-12467.0000 7423.0000 39442.0000
-12467.0000 7267.0000 39546.0000
-12480.0000 7501.0000 39533.0000
-12467.0000 7410.0000 39598.0000
-12519.0000 7618.0000 39624.0000
-12545.0000 7410.0000 39715.0000
-12610.0000 7579.0000 39728.0000
-12636.0000 7397.0000 39767.0000
-12714.0000 7683.0000 39793.0000
-12727.0000 7579.0000 39897.0000
-12727.0000 7709.0000 39884.0000
-12792.0000 7579.0000 39975.0000
-12792.0000 7670.0000 40001.0000
-12831.0000 7605.0000 40066.0000
-12805.0000 7891.0000 40105.0000
-12831.0000 7813.0000 40170.0000
-12805.0000 7982.0000 40209.0000
-12844.0000 7878.0000 40274.0000
-12857.0000 8008.0000 40300.0000
-12909.0000 7956.0000 40365.0000
-12883.0000 8229.0000 40404.0000
-12909.0000 8177.0000 40456.0000
-12896.0000 8281.0000 40508.0000
-12948.0000 8164.0000 40560.0000
-12948.0000 8229.0000 40625.0000
-12974.0000 8151.0000 40651.0000
-12987.0000 8359.0000 40690.0000
-13013.0000 8307.0000 40755.0000
-13000.0000 8437.0000 40794.0000
-13039.0000 8320.0000 40872.0000
-13052.0000 8398.0000 40885.0000
-13117.0000 8359.0000 40898.0000
-13117.0000 8476.0000 40963.0000
-13156.0000 8463.0000 40950.0000
-13130.0000 8567.0000 40976.0000
-13156.0000 8502.0000 41041.0000
-13156.0000 8619.0000 41093.0000
-13208.0000 8554.0000 41119.0000
-13208.0000 8658.0000 41171.0000
-13299.0000 8593.0000 41171.0000
-13312.0000 8684.0000 41210.0000
-13364.0000 8593.0000 41223.0000
-13338.0000 8749.0000 41223.0000
-13390.0000 8697.0000 41210.0000
-13351.0000 8762.0000 41236.0000
-13390.0000 8684.0000 41210.0000
-13364.0000 8723.0000 41223.0000
-13377.0000 8593.0000 41275.0000
-13299.0000 8697.0000 41210.0000
-13377.0000 8593.0000 41210.0000
-13338.0000 8619.0000 41197.0000
-13377.0000 8528.0000 41171.0000
-13338.0000 8580.0000 41158.0000
-13377.0000 8437.0000 41132.0000
-13325.0000 8463.0000 41145.0000
-13364.0000 8333.0000 41119.0000
-13273.0000 8346.0000 41132.0000
-13299.0000 8203.0000 41080.0000
-13247.0000 8255.0000 41093.0000
-13260.0000 8164.0000 41080.0000
-13208.0000 8216.0000 41093.0000
-13221.0000 8177.0000 41067.0000
-13143.0000 8242.0000 41028.0000
-13195.0000 8190.0000 41015.0000
-13130.0000 8294.0000 41015.0000
-13143.0000 8203.0000 41015.0000
-13091.0000 8333.0000 40989.0000
-13117.0000 8229.0000 40989.0000
-13078.0000 8307.0000 40963.0000
-13143.0000 8242.0000 40924.0000
-13104.0000 8255.0000 40963.0000
-13130.0000 8177.0000 40911.0000
-13078.0000 8229.0000 40924.0000
-13117.0000 8125.0000 40924.0000
-13065.0000 8151.0000 40924.0000
-13065.0000 8060.0000 40911.0000
-13013.0000 8112.0000 40911.0000
-13039.0000 7995.0000 40872.0000
-12961.0000 8060.0000 40885.0000
