-13117.0000 8112.0000 40755.0000
-13052.0000 8125.0000 40729.0000
-13091.0000 8112.0000 40716.0000
-13078.0000 8099.0000 40729.0000
-13065.0000 8086.0000 40703.0000
-13013.0000 8086.0000 40716.0000
-13052.0000 8047.0000 40677.0000
-13013.0000 8021.0000 40664.0000
-13039.0000 7956.0000 40651.0000
-12987.0000 7956.0000 40612.0000
-13013.0000 7917.0000 40612.0000
-12948.0000 7917.0000 40599.0000
-12987.0000 7865.0000 40599.0000
-12948.0000 7891.0000 40573.0000
-12987.0000 7826.0000 40547.0000
-12909.0000 7826.0000 40547.0000
-12948.0000 7787.0000 40495.0000
-12909.0000 7800.0000 40469.0000
-12883.0000 7761.0000 40508.0000
-12818.0000 7787.0000 40443.0000
-12883.0000 7774.0000 40443.0000
-12844.0000 7761.0000 40417.0000
-12896.0000 7709.0000 40417.0000
-12870.0000 7761.0000 40391.0000
-12883.0000 7748.0000 40365.0000
-12857.0000 7774.0000 40378.0000
-12909.0000 7709.0000 40326.0000
-12870.0000 7761.0000 40352.0000
-12909.0000 7735.0000 40313.0000
-12857.0000 7709.0000 40326.0000
-12883.0000 7696.0000 40274.0000
-12818.0000 7722.0000 40287.0000
-12818.0000 7657.0000 40261.0000
-12779.0000 7644.0000 40274.0000
-12766.0000 7644.0000 40248.0000
-12727.0000 7644.0000 40209.0000
-12740.0000 7605.0000 40196.0000
-12675.0000 7618.0000 40183.0000
-12727.0000 7553.0000 40157.0000
-12688.0000 7592.0000 40183.0000
-12727.0000 7566.0000 40118.0000
-12662.0000 7553.0000 40157.0000
-12753.0000 7488.0000 40105.0000
-12675.0000 7540.0000 40118.0000
-12701.0000 7475.0000 40066.0000
-12662.0000 7449.0000 40092.0000
-12701.0000 7436.0000 40027.0000
-12701.0000 7436.0000 40027.0000
-12727.0000 7410.0000 40014.0000
-12662.0000 7397.0000 40001.0000
-12675.0000 7384.0000 39962.0000
-12623.0000 7384.0000 39975.0000
-12701.0000 7332.0000 39936.0000
-12662.0000 7358.0000 39936.0000
-12675.0000 7306.0000 39910.0000
-12610.0000 7358.0000 39936.0000
-12675.0000 7319.0000 39871.0000
-12649.0000 7345.0000 39910.0000
-12688.0000 7306.0000 39871.0000
-12610.0000 7332.0000 39871.0000
-12649.0000 7306.0000 39832.0000
-12610.0000 7293.0000 39832.0000
-12662.0000 7293.0000 39780.0000
-12584.0000 7345.0000 39806.0000
-12649.0000 7280.0000 39741.0000
-12584.0000 7319.0000 39767.0000
-12610.0000 7280.0000 39728.0000
-12571.0000 7293.0000 39767.0000
-12584.0000 7241.0000 39741.0000
-12454.0000 7267.0000 39715.0000
-12558.0000 7202.0000 39689.0000
-12480.0000 7215.0000 39689.0000
-12506.0000 7163.0000 39637.0000
-12428.0000 7150.0000 39650.0000
-12467.0000 7072.0000 39624.0000
-12402.0000 7098.0000 39624.0000
-12454.0000 7020.0000 39533.0000
-12350.0000 7085.0000 39598.0000
-12415.0000 6968.0000 39494.0000
-12337.0000 7033.0000 39546.0000
-12389.0000 6981.0000 39468.0000
-12259.0000 7007.0000 39507.0000
-12337.0000 6968.0000 39442.0000
-12220.0000 6981.0000 39455.0000
-12272.0000 6903.0000 39390.0000
-12142.0000 6942.0000 39429.0000
-12220.0000 6890.0000 39364.0000
-12142.0000 6916.0000 39364.0000
-12233.0000 6903.0000 39299.0000
-12142.0000 6903.0000 39338.0000
-12233.0000 6864.0000 39273.0000
-12168.0000 6903.0000 39299.0000
-12246.0000 6877.0000 39221.0000
-12129.0000 6929.0000 39247.0000
-12220.0000 6890.0000 39182.0000
-12103.0000 6877.0000 39234.0000
-12194.0000 6799.0000 39130.0000
-12038.0000 6838.0000 39208.0000
-12129.0000 6773.0000 39117.0000
-11973.0000 6799.0000 39156.0000
