-20332.0000 9828.0000 47554.0000
-20605.0000 10049.0000 47801.0000
-20891.0000 10283.0000 48035.0000
-21164.0000 10504.0000 48360.0000
-21463.0000 10712.0000 48646.0000
-21697.0000 10842.0000 48958.0000
-21996.0000 10998.0000 49309.0000
-22321.0000 11297.0000 49621.0000
-22685.0000 11674.0000 49959.0000
-22997.0000 11934.0000 50271.0000
-23452.0000 12116.0000 50648.0000
-23868.0000 12311.0000 51012.0000
-24310.0000 12558.0000 51415.0000
-24700.0000 12805.0000 51857.0000
-25233.0000 12948.0000 52286.0000
-25753.0000 13312.0000 52741.0000
-26325.0000 13663.0000 53235.0000
-26923.0000 13936.0000 53833.0000
-27547.0000 14118.0000 54366.0000
-28184.0000 14404.0000 54990.0000
-28873.0000 14599.0000 55601.0000
-29614.0000 14599.0000 56329.0000
-30420.0000 14651.0000 57031.0000
-31317.0000 14911.0000 57772.0000
-32279.0000 15132.0000 58591.0000
-33228.0000 15002.0000 59488.0000
-34255.0000 14885.0000 60307.0000
-35282.0000 14573.0000 61217.0000
-36426.0000 14196.0000 62231.0000
-37505.0000 13728.0000 63193.0000
-38740.0000 13234.0000 64272.0000
-39923.0000 12597.0000 65390.0000
-41106.0000 11466.0000 66495.0000
-42185.0000 10257.0000 67626.0000
-43108.0000 8606.0000 68627.0000
-43940.0000 6708.0000 69563.0000
-44590.0000 4433.0000 70382.0000
-44993.0000 1937.0000 71071.0000
-45136.0000 -910.0000 71539.0000
-44915.0000 -4121.0000 71825.0000
-44382.0000 -7423.0000 71877.0000
-43303.0000 -10998.0000 71513.0000
-41782.0000 -14794.0000 70616.0000
-39637.0000 -18551.0000 69290.0000
-37193.0000 -22165.0000 67678.0000
-34333.0000 -25415.0000 65689.0000
-31174.0000 -28535.0000 63323.0000
-27768.0000 -31005.0000 60697.0000
-24232.0000 -32916.0000 57850.0000
-20644.0000 -33995.0000 54756.0000
-17186.0000 -34268.0000 51623.0000
-14001.0000 -33800.0000 48594.0000
-11180.0000 -32643.0000 45682.0000
-8697.0000 -30836.0000 42952.0000
-6669.0000 -28457.0000 40625.0000
-5044.0000 -25649.0000 38623.0000
-3978.0000 -22542.0000 37154.0000
-3341.0000 -19214.0000 36075.0000
-3159.0000 -15873.0000 35464.0000
-3237.0000 -12688.0000 35035.0000
-3627.0000 -9659.0000 34996.0000
-4199.0000 -6838.0000 35087.0000
-4940.0000 -4303.0000 35516.0000
-5785.0000 -2041.0000 36140.0000
-6838.0000 -195.0000 36998.0000
-7904.0000 1391.0000 37895.0000
-9048.0000 2691.0000 38779.0000
-10101.0000 3770.0000 39728.0000
-11206.0000 4667.0000 40664.0000
-12194.0000 5382.0000 41665.0000
-13130.0000 5889.0000 42666.0000
-14066.0000 6149.0000 43654.0000
-14885.0000 6344.0000 44551.0000
-15704.0000 6474.0000 45370.0000
-16471.0000 6461.0000 46202.0000
-17134.0000 6370.0000 46956.0000
-17732.0000 6292.0000 47658.0000
-18265.0000 6032.0000 48269.0000
-18824.0000 5577.0000 48880.0000
-19279.0000 5369.0000 49374.0000
-19812.0000 5057.0000 49803.0000
-20241.0000 4602.0000 50219.0000
-20592.0000 4277.0000 50596.0000
-20917.0000 3952.0000 50947.0000
-21190.0000 3458.0000 51220.0000
-21437.0000 2951.0000 51493.0000
-21710.0000 2574.0000 51714.0000
-21905.0000 2119.0000 51883.0000
-22126.0000 1664.0000 52078.0000
-22243.0000 1417.0000 52195.0000
-22425.0000 1001.0000 52338.0000
-22464.0000 455.0000 52390.0000
-22607.0000 130.0000 52442.0000
-22685.0000 -169.0000 52468.0000
-22854.0000 -585.0000 52481.0000
-22893.0000 -767.0000 52481.0000
-22945.0000 -1105.0000 52468.0000
-22893.0000 -1469.0000 52468.0000
-22880.0000 -1885.0000 52455.0000
-22958.0000 -2093.0000 52429.0000
