35646.0000 40807.0000 32123.0000
35815.0000 40963.0000 31967.0000
35958.0000 41223.0000 31759.0000
36062.0000 41496.0000 31525.0000
36231.0000 41808.0000 31291.0000
36361.0000 41938.0000 31330.0000
36543.0000 42055.0000 31356.0000
36582.0000 42159.0000 31278.0000
36621.0000 42445.0000 31070.0000
36764.0000 42705.0000 30979.0000
36894.0000 42900.0000 30849.0000
36946.0000 43069.0000 30875.0000
37011.0000 43134.0000 30992.0000
37089.0000 43121.0000 31057.0000
37154.0000 43420.0000 30810.0000
37271.0000 43589.0000 30732.0000
37362.0000 43667.0000 30667.0000
37414.0000 43797.0000 30654.0000
37466.0000 43862.0000 30641.0000
37518.0000 43862.0000 30771.0000
37609.0000 44005.0000 30589.0000
37700.0000 44148.0000 30537.0000
37726.0000 44265.0000 30498.0000
37778.0000 44330.0000 30459.0000
37869.0000 44317.0000 30472.0000
37882.0000 44317.0000 30524.0000
37986.0000 44473.0000 30355.0000
38090.0000 44525.0000 30277.0000
38207.0000 44590.0000 30251.0000
38285.0000 44681.0000 30251.0000
38376.0000 44668.0000 30251.0000
38428.0000 44733.0000 30316.0000
38493.0000 44798.0000 30238.0000
38597.0000 44863.0000 30238.0000
38675.0000 45045.0000 30199.0000
38766.0000 45149.0000 30134.0000
38857.0000 45175.0000 30212.0000
38909.0000 45214.0000 30329.0000
39052.0000 45305.0000 30303.0000
39156.0000 45435.0000 30290.0000
39247.0000 45669.0000 30186.0000
39338.0000 45773.0000 30277.0000
39429.0000 45851.0000 30446.0000
39455.0000 45864.0000 30589.0000
39559.0000 46033.0000 30537.0000
39637.0000 46267.0000 30576.0000
39728.0000 46462.0000 30524.0000
39819.0000 46592.0000 30615.0000
39897.0000 46683.0000 30732.0000
40001.0000 46761.0000 30849.0000
40131.0000 46943.0000 30914.0000
40209.0000 47203.0000 30823.0000
40339.0000 47333.0000 30875.0000
40430.0000 47502.0000 31070.0000
40482.0000 47502.0000 31278.0000
40534.0000 47671.0000 31408.0000
40729.0000 47892.0000 31460.0000
40768.0000 48100.0000 31447.0000
40924.0000 48230.0000 31525.0000
41028.0000 48321.0000 31746.0000
41132.0000 48295.0000 32006.0000
41249.0000 48477.0000 32032.0000
41431.0000 48633.0000 32110.0000
41483.0000 48880.0000 32097.0000
41600.0000 48971.0000 32227.0000
41665.0000 49036.0000 32474.0000
41743.0000 49023.0000 32708.0000
41860.0000 49192.0000 32760.0000
41964.0000 49374.0000 32799.0000
42029.0000 49517.0000 32799.0000
42172.0000 49595.0000 32929.0000
42224.0000 49543.0000 33228.0000
42289.0000 49478.0000 33410.0000
42406.0000 49673.0000 33410.0000
42497.0000 49764.0000 33449.0000
42536.0000 49907.0000 33475.0000
42666.0000 49985.0000 33592.0000
42705.0000 49985.0000 33787.0000
42796.0000 49894.0000 34021.0000
42926.0000 50063.0000 34034.0000
43004.0000 50154.0000 34034.0000
43121.0000 50336.0000 34047.0000
43225.0000 50310.0000 34138.0000
43355.0000 50271.0000 34398.0000
43446.0000 50284.0000 34515.0000
43511.0000 50362.0000 34580.0000
43563.0000 50518.0000 34619.0000
43667.0000 50661.0000 34619.0000
43719.0000 50635.0000 34801.0000
43797.0000 50609.0000 35061.0000
43810.0000 50622.0000 35178.0000
43901.0000 50791.0000 35243.0000
43992.0000 50843.0000 35230.0000
44005.0000 50999.0000 35308.0000
44057.0000 50973.0000 35516.0000
44083.0000 51012.0000 35698.0000
44031.0000 51090.0000 35828.0000
44057.0000 51259.0000 35971.0000
44044.0000 51402.0000 35906.0000
44044.0000 51441.0000 36101.0000
