21268.0000 30095.0000 28743.0000
21372.0000 30095.0000 28821.0000
21541.0000 30004.0000 28899.0000
21697.0000 30108.0000 28977.0000
21905.0000 30056.0000 29081.0000
22061.0000 30082.0000 29107.0000
22191.0000 30017.0000 29263.0000
22347.0000 29991.0000 29276.0000
22503.0000 29913.0000 29393.0000
22659.0000 29952.0000 29419.0000
22802.0000 29913.0000 29497.0000
22971.0000 29874.0000 29575.0000
23127.0000 29744.0000 29692.0000
23296.0000 29770.0000 29718.0000
23426.0000 29718.0000 29822.0000
23608.0000 29653.0000 29874.0000
23738.0000 29549.0000 29978.0000
23907.0000 29575.0000 30108.0000
24050.0000 29432.0000 30199.0000
24206.0000 29393.0000 30264.0000
24362.0000 29328.0000 30342.0000
24466.0000 29289.0000 30459.0000
24609.0000 29120.0000 30511.0000
24726.0000 29107.0000 30615.0000
24882.0000 29042.0000 30693.0000
24973.0000 29042.0000 30823.0000
25207.0000 28951.0000 30927.0000
25298.0000 28899.0000 30992.0000
25467.0000 28769.0000 31148.0000
25584.0000 28743.0000 31213.0000
25753.0000 28665.0000 31317.0000
25844.0000 28639.0000 31395.0000
26000.0000 28587.0000 31551.0000
26117.0000 28509.0000 31603.0000
26247.0000 28418.0000 31733.0000
26416.0000 28405.0000 31798.0000
26585.0000 28340.0000 31941.0000
26754.0000 28275.0000 32019.0000
26884.0000 28184.0000 32110.0000
27040.0000 28145.0000 32240.0000
27196.0000 28054.0000 32344.0000
27352.0000 28028.0000 32461.0000
27547.0000 27911.0000 32539.0000
27742.0000 27833.0000 32695.0000
27937.0000 27690.0000 32812.0000
28145.0000 27677.0000 32903.0000
28301.0000 27586.0000 33059.0000
28522.0000 27508.0000 33163.0000
28704.0000 27365.0000 33306.0000
28847.0000 27313.0000 33397.0000
29068.0000 27144.0000 33488.0000
29250.0000 27079.0000 33592.0000
29458.0000 26962.0000 33735.0000
29601.0000 26871.0000 33839.0000
29822.0000 26728.0000 33904.0000
29991.0000 26676.0000 33995.0000
30199.0000 26546.0000 34164.0000
30407.0000 26403.0000 34190.0000
30589.0000 26286.0000 34333.0000
30784.0000 26208.0000 34359.0000
30979.0000 26065.0000 34541.0000
31148.0000 25922.0000 34580.0000
31356.0000 25792.0000 34710.0000
31564.0000 25662.0000 34762.0000
31746.0000 25584.0000 34879.0000
31928.0000 25428.0000 34944.0000
32084.0000 25246.0000 35074.0000
32305.0000 25064.0000 35126.0000
32422.0000 24947.0000 35243.0000
32591.0000 24778.0000 35308.0000
32773.0000 24622.0000 35412.0000
32916.0000 24414.0000 35477.0000
33098.0000 24206.0000 35542.0000
33293.0000 24089.0000 35581.0000
33423.0000 23933.0000 35659.0000
33540.0000 23725.0000 35763.0000
33761.0000 23543.0000 35828.0000
33865.0000 23348.0000 35828.0000
34008.0000 23244.0000 35893.0000
34099.0000 23075.0000 35919.0000
34281.0000 22828.0000 36036.0000
34372.0000 22646.0000 36023.0000
34554.0000 22425.0000 36088.0000
34658.0000 22282.0000 36101.0000
34762.0000 22113.0000 36205.0000
34879.0000 21905.0000 36218.0000
34957.0000 21684.0000 36283.0000
35074.0000 21411.0000 36257.0000
35191.0000 21268.0000 36335.0000
35256.0000 21112.0000 36309.0000
35347.0000 20943.0000 36400.0000
35425.0000 20618.0000 36400.0000
35529.0000 20436.0000 36452.0000
35633.0000 20176.0000 36439.0000
35750.0000 19968.0000 36504.0000
35802.0000 19682.0000 36478.0000
35854.0000 19448.0000 36556.0000
35945.0000 19136.0000 36569.0000
36036.0000 18837.0000 36595.0000
36127.0000 18564.0000 36569.0000
