7748.0000 1768.0000 44070.0000
7748.0000 1651.0000 44018.0000
7748.0000 1560.0000 44005.0000
7787.0000 1521.0000 43966.0000
7852.0000 1469.0000 43914.0000
7813.0000 1339.0000 43862.0000
7878.0000 1326.0000 43862.0000
7865.0000 1352.0000 43823.0000
7930.0000 1313.0000 43771.0000
7917.0000 1209.0000 43758.0000
7956.0000 1144.0000 43797.0000
8008.0000 1131.0000 43732.0000
8060.0000 1209.0000 43758.0000
8086.0000 1027.0000 43667.0000
8112.0000 949.0000 43693.0000
8151.0000 936.0000 43615.0000
8203.0000 897.0000 43628.0000
8190.0000 806.0000 43589.0000
8268.0000 754.0000 43589.0000
8294.0000 754.0000 43524.0000
8359.0000 598.0000 43550.0000
8333.0000 507.0000 43485.0000
8411.0000 481.0000 43472.0000
8424.0000 533.0000 43459.0000
8450.0000 481.0000 43459.0000
8424.0000 377.0000 43485.0000
8528.0000 273.0000 43433.0000
8489.0000 156.0000 43368.0000
8489.0000 78.0000 43394.0000
8528.0000 39.0000 43329.0000
8567.0000 13.0000 43381.0000
8593.0000 -143.0000 43290.0000
8658.0000 -247.0000 43303.0000
8671.0000 -338.0000 43212.0000
8658.0000 -416.0000 43238.0000
8697.0000 -364.0000 43173.0000
8775.0000 -455.0000 43212.0000
8736.0000 -650.0000 43147.0000
8840.0000 -806.0000 43160.0000
8801.0000 -845.0000 43095.0000
8853.0000 -910.0000 43121.0000
8879.0000 -884.0000 43069.0000
8931.0000 -975.0000 43082.0000
8892.0000 -1053.0000 43056.0000
8931.0000 -1066.0000 43095.0000
8957.0000 -1014.0000 43069.0000
8918.0000 -1040.0000 43043.0000
8905.0000 -988.0000 43043.0000
8905.0000 -871.0000 43030.0000
8827.0000 -910.0000 43004.0000
8827.0000 -1001.0000 42965.0000
8775.0000 -1170.0000 42926.0000
8775.0000 -1092.0000 42861.0000
8736.0000 -936.0000 42835.0000
8723.0000 -923.0000 42809.0000
8658.0000 -975.0000 42757.0000
8606.0000 -1040.0000 42731.0000
8528.0000 -1001.0000 42679.0000
8502.0000 -962.0000 42718.0000
8437.0000 -884.0000 42640.0000
8450.0000 -936.0000 42627.0000
8372.0000 -910.0000 42575.0000
8385.0000 -897.0000 42575.0000
8268.0000 -871.0000 42523.0000
8294.0000 -845.0000 42510.0000
8229.0000 -910.0000 42445.0000
8229.0000 -936.0000 42406.0000
8151.0000 -923.0000 42406.0000
8125.0000 -910.0000 42380.0000
8008.0000 -845.0000 42328.0000
7995.0000 -858.0000 42302.0000
7943.0000 -897.0000 42224.0000
7891.0000 -871.0000 42250.0000
7852.0000 -884.0000 42224.0000
7813.0000 -780.0000 42211.0000
7709.0000 -845.0000 42198.0000
7709.0000 -793.0000 42146.0000
7605.0000 -858.0000 42107.0000
7605.0000 -884.0000 42133.0000
7527.0000 -858.0000 42068.0000
7488.0000 -858.0000 42081.0000
7410.0000 -819.0000 41990.0000
7384.0000 -806.0000 42003.0000
7280.0000 -858.0000 41938.0000
7267.0000 -897.0000 41951.0000
7215.0000 -858.0000 41899.0000
7189.0000 -832.0000 41873.0000
7085.0000 -780.0000 41821.0000
7085.0000 -806.0000 41808.0000
7020.0000 -897.0000 41795.0000
6994.0000 -858.0000 41756.0000
6864.0000 -858.0000 41704.0000
6799.0000 -793.0000 41691.0000
6773.0000 -741.0000 41691.0000
6721.0000 -832.0000 41652.0000
6604.0000 -832.0000 41639.0000
6565.0000 -793.0000 41626.0000
6461.0000 -767.0000 41587.0000
6370.0000 -832.0000 41600.0000
6318.0000 -845.0000 41535.0000
