-4069.0000 -40352.0000 48334.0000
-3887.0000 -40547.0000 47879.0000
-3718.0000 -40430.0000 47814.0000
-3354.0000 -40638.0000 47437.0000
-3211.0000 -40625.0000 47203.0000
-3016.0000 -40807.0000 46904.0000
-2756.0000 -40664.0000 46605.0000
-2587.0000 -40794.0000 46176.0000
-2366.0000 -40833.0000 45864.0000
-2093.0000 -41002.0000 45422.0000
-1846.0000 -40820.0000 45123.0000
-1573.0000 -40846.0000 44668.0000
-1352.0000 -40872.0000 44135.0000
-1079.0000 -40859.0000 43680.0000
-884.0000 -40651.0000 43277.0000
-611.0000 -40482.0000 42731.0000
-416.0000 -40443.0000 42146.0000
-130.0000 -40209.0000 41704.0000
26.0000 -39949.0000 41210.0000
221.0000 -39650.0000 40664.0000
312.0000 -39403.0000 40105.0000
494.0000 -39052.0000 39676.0000
598.0000 -38649.0000 39208.0000
819.0000 -38194.0000 38870.0000
793.0000 -37830.0000 38402.0000
884.0000 -37284.0000 38155.0000
923.0000 -36920.0000 37778.0000
949.0000 -36413.0000 37479.0000
897.0000 -36088.0000 37193.0000
923.0000 -35490.0000 37050.0000
910.0000 -35139.0000 36803.0000
897.0000 -34736.0000 36582.0000
819.0000 -34411.0000 36400.0000
858.0000 -34021.0000 36231.0000
780.0000 -33722.0000 36010.0000
819.0000 -33319.0000 35971.0000
728.0000 -33072.0000 35789.0000
845.0000 -32617.0000 35737.0000
858.0000 -32448.0000 35633.0000
845.0000 -32084.0000 35516.0000
819.0000 -31707.0000 35542.0000
832.0000 -31395.0000 35334.0000
845.0000 -31005.0000 35438.0000
884.0000 -30784.0000 35256.0000
845.0000 -30199.0000 35464.0000
975.0000 -30134.0000 35334.0000
923.0000 -29653.0000 35412.0000
949.0000 -29419.0000 35399.0000
923.0000 -29042.0000 35308.0000
1053.0000 -28652.0000 35412.0000
1001.0000 -28418.0000 35347.0000
1105.0000 -27768.0000 35542.0000
1235.0000 -27859.0000 35334.0000
1248.0000 -27209.0000 35477.0000
1378.0000 -27209.0000 35373.0000
1430.0000 -26689.0000 35412.0000
1599.0000 -26377.0000 35503.0000
1651.0000 -26156.0000 35321.0000
1794.0000 -25649.0000 35568.0000
1950.0000 -25649.0000 35295.0000
1937.0000 -25038.0000 35490.0000
2106.0000 -25064.0000 35243.0000
2028.0000 -24401.0000 35321.0000
2171.0000 -24284.0000 35243.0000
2145.0000 -23946.0000 35191.0000
2236.0000 -23660.0000 35113.0000
2184.0000 -23270.0000 35022.0000
2197.0000 -22841.0000 34918.0000
2210.0000 -22711.0000 34710.0000
2132.0000 -22165.0000 34671.0000
2054.0000 -21853.0000 34515.0000
1937.0000 -21463.0000 34307.0000
1885.0000 -21203.0000 34203.0000
1651.0000 -20670.0000 34086.0000
1443.0000 -20332.0000 33995.0000
1274.0000 -20007.0000 33787.0000
1014.0000 -19539.0000 33748.0000
702.0000 -19019.0000 33631.0000
494.0000 -18538.0000 33618.0000
104.0000 -18187.0000 33488.0000
-234.0000 -17680.0000 33605.0000
-611.0000 -17212.0000 33631.0000
-1118.0000 -16770.0000 33605.0000
-1586.0000 -16328.0000 33670.0000
-2132.0000 -15873.0000 33774.0000
-2665.0000 -15327.0000 33930.0000
-3237.0000 -15106.0000 34008.0000
-3757.0000 -14768.0000 34164.0000
-4433.0000 -14417.0000 34359.0000
-5031.0000 -14105.0000 34567.0000
-5655.0000 -14027.0000 34749.0000
-6266.0000 -13806.0000 34983.0000
-6968.0000 -13520.0000 35295.0000
-7553.0000 -13312.0000 35607.0000
-8229.0000 -13299.0000 35893.0000
-8801.0000 -13273.0000 36192.0000
-9529.0000 -13247.0000 36465.0000
-10153.0000 -13091.0000 36777.0000
-10751.0000 -13156.0000 37128.0000
-11440.0000 -12948.0000 37479.0000
