29796.0000 11921.0000 36738.0000
29835.0000 11804.0000 36790.0000
29835.0000 11648.0000 36816.0000
29887.0000 11401.0000 36855.0000
29926.0000 11193.0000 36894.0000
29952.0000 10959.0000 36920.0000
30017.0000 10777.0000 36894.0000
30030.0000 10556.0000 36920.0000
30069.0000 10361.0000 36933.0000
30095.0000 10166.0000 36972.0000
30095.0000 9958.0000 36946.0000
30095.0000 9763.0000 36998.0000
30108.0000 9633.0000 36972.0000
30121.0000 9399.0000 37024.0000
30108.0000 9256.0000 36998.0000
30147.0000 9035.0000 37089.0000
30212.0000 8905.0000 36985.0000
30108.0000 8723.0000 37024.0000
30173.0000 8580.0000 36985.0000
30121.0000 8346.0000 37024.0000
30108.0000 8177.0000 37011.0000
30095.0000 7891.0000 37037.0000
30056.0000 7696.0000 36998.0000
30056.0000 7462.0000 37024.0000
30030.0000 7254.0000 37011.0000
29991.0000 7046.0000 37050.0000
30004.0000 6851.0000 37024.0000
29939.0000 6617.0000 37050.0000
29939.0000 6474.0000 37037.0000
29848.0000 6253.0000 37089.0000
29809.0000 6045.0000 37024.0000
29770.0000 5850.0000 37076.0000
29718.0000 5668.0000 37050.0000
29692.0000 5460.0000 37050.0000
29640.0000 5330.0000 37076.0000
29562.0000 5122.0000 37037.0000
29497.0000 4979.0000 37037.0000
29406.0000 4745.0000 37076.0000
29367.0000 4589.0000 37050.0000
29276.0000 4381.0000 37076.0000
29224.0000 4212.0000 37011.0000
29159.0000 4043.0000 37063.0000
29081.0000 3861.0000 37024.0000
28977.0000 3679.0000 37024.0000
28899.0000 3523.0000 37024.0000
28834.0000 3328.0000 37024.0000
28756.0000 3172.0000 36985.0000
28665.0000 2964.0000 36985.0000
28600.0000 2847.0000 36946.0000
28535.0000 2639.0000 36959.0000
28444.0000 2522.0000 36946.0000
28405.0000 2366.0000 36946.0000
28288.0000 2223.0000 36907.0000
28197.0000 2028.0000 36920.0000
28106.0000 1872.0000 36894.0000
28002.0000 1677.0000 36907.0000
27898.0000 1547.0000 36855.0000
27794.0000 1378.0000 36881.0000
27703.0000 1196.0000 36803.0000
27599.0000 988.0000 36829.0000
27456.0000 845.0000 36803.0000
27339.0000 598.0000 36803.0000
27222.0000 468.0000 36777.0000
27105.0000 260.0000 36764.0000
26988.0000 117.0000 36712.0000
26806.0000 -117.0000 36803.0000
26767.0000 -234.0000 36660.0000
26559.0000 -455.0000 36686.0000
26429.0000 -585.0000 36660.0000
26299.0000 -767.0000 36673.0000
26143.0000 -962.0000 36595.0000
25987.0000 -1183.0000 36608.0000
25818.0000 -1326.0000 36556.0000
25636.0000 -1560.0000 36556.0000
25493.0000 -1664.0000 36504.0000
25285.0000 -1911.0000 36517.0000
25090.0000 -2002.0000 36452.0000
24934.0000 -2236.0000 36465.0000
24739.0000 -2405.0000 36413.0000
24544.0000 -2574.0000 36400.0000
24336.0000 -2704.0000 36322.0000
24154.0000 -2951.0000 36309.0000
23933.0000 -3055.0000 36270.0000
23738.0000 -3276.0000 36270.0000
23530.0000 -3393.0000 36218.0000
23296.0000 -3601.0000 36244.0000
23101.0000 -3692.0000 36140.0000
22906.0000 -3913.0000 36127.0000
22646.0000 -3978.0000 36088.0000
22399.0000 -4186.0000 36140.0000
22139.0000 -4264.0000 36075.0000
21931.0000 -4472.0000 36114.0000
21684.0000 -4485.0000 36075.0000
21450.0000 -4693.0000 36075.0000
21203.0000 -4784.0000 36062.0000
20930.0000 -4966.0000 36049.0000
20657.0000 -5044.0000 36023.0000
20423.0000 -5187.0000 36049.0000
20137.0000 -5291.0000 36023.0000
19864.0000 -5421.0000 36062.0000
