49283.0000 35295.0000 30407.0000
49062.0000 35594.0000 30264.0000
48854.0000 35854.0000 30199.0000
48607.0000 36075.0000 30069.0000
48360.0000 36387.0000 30004.0000
48152.0000 36686.0000 29848.0000
47905.0000 36985.0000 29783.0000
47671.0000 37336.0000 29640.0000
47424.0000 37544.0000 29549.0000
47151.0000 37778.0000 29484.0000
46904.0000 38025.0000 29354.0000
46644.0000 38246.0000 29237.0000
46397.0000 38545.0000 29146.0000
46098.0000 38831.0000 29042.0000
45851.0000 39039.0000 28977.0000
45617.0000 39325.0000 28886.0000
45409.0000 39546.0000 28808.0000
45136.0000 39806.0000 28678.0000
44850.0000 40053.0000 28613.0000
44603.0000 40222.0000 28496.0000
44343.0000 40534.0000 28470.0000
44070.0000 40781.0000 28314.0000
43784.0000 40989.0000 28236.0000
43537.0000 41288.0000 28119.0000
43290.0000 41548.0000 28041.0000
42965.0000 41730.0000 27963.0000
42718.0000 41990.0000 27950.0000
42406.0000 42146.0000 27807.0000
42107.0000 42406.0000 27833.0000
41834.0000 42653.0000 27703.0000
41496.0000 42861.0000 27625.0000
41249.0000 43108.0000 27560.0000
40989.0000 43277.0000 27521.0000
40690.0000 43446.0000 27456.0000
40404.0000 43719.0000 27430.0000
40105.0000 43823.0000 27365.0000
39832.0000 43992.0000 27313.0000
39559.0000 44213.0000 27183.0000
39286.0000 44382.0000 27144.0000
39013.0000 44603.0000 27079.0000
38766.0000 44772.0000 27014.0000
38441.0000 44902.0000 26962.0000
38142.0000 45084.0000 26936.0000
37869.0000 45188.0000 26884.0000
37570.0000 45318.0000 26884.0000
37245.0000 45474.0000 26884.0000
37024.0000 45669.0000 26806.0000
36634.0000 45799.0000 26741.0000
36361.0000 45994.0000 26728.0000
36036.0000 46059.0000 26663.0000
35750.0000 46189.0000 26663.0000
35373.0000 46293.0000 26650.0000
35100.0000 46397.0000 26585.0000
34788.0000 46566.0000 26546.0000
34463.0000 46657.0000 26520.0000
34203.0000 46774.0000 26442.0000
33891.0000 46956.0000 26416.0000
33592.0000 47021.0000 26338.0000
33293.0000 47138.0000 26338.0000
32994.0000 47255.0000 26312.0000
32708.0000 47216.0000 26312.0000
32357.0000 47346.0000 26273.0000
32058.0000 47437.0000 26273.0000
31733.0000 47502.0000 26234.0000
31421.0000 47567.0000 26247.0000
31174.0000 47658.0000 26221.0000
30953.0000 47723.0000 26221.0000
30680.0000 47762.0000 26169.0000
30459.0000 47801.0000 26195.0000
30251.0000 47814.0000 26156.0000
30082.0000 47827.0000 26156.0000
29900.0000 47892.0000 26169.0000
29796.0000 47931.0000 26143.0000
29640.0000 47931.0000 26130.0000
29601.0000 47996.0000 26130.0000
29510.0000 48022.0000 26091.0000
29458.0000 48009.0000 26117.0000
29419.0000 48061.0000 26104.0000
29393.0000 48061.0000 26130.0000
29367.0000 48074.0000 26104.0000
29367.0000 48087.0000 26117.0000
29367.0000 48087.0000 26104.0000
29393.0000 48100.0000 26130.0000
29367.0000 48087.0000 26117.0000
29419.0000 48087.0000 26117.0000
29406.0000 48074.0000 26091.0000
29445.0000 48100.0000 26156.0000
29419.0000 48061.0000 26117.0000
29419.0000 48100.0000 26130.0000
29419.0000 48113.0000 26091.0000
29380.0000 48087.0000 26117.0000
29406.0000 48139.0000 26104.0000
29406.0000 48113.0000 26104.0000
29406.0000 48100.0000 26104.0000
29432.0000 48074.0000 26104.0000
29419.0000 48087.0000 26130.0000
29484.0000 48113.0000 26091.0000
29406.0000 48087.0000 26078.0000
29432.0000 48126.0000 26104.0000
29406.0000 48100.0000 26065.0000
