48100.0000 24778.0000 58916.0000
48100.0000 24726.0000 58344.0000
48152.0000 24765.0000 57642.0000
48165.0000 24687.0000 57161.0000
48256.0000 25090.0000 56316.0000
48269.0000 24960.0000 55913.0000
48308.0000 25402.0000 55276.0000
48347.0000 25285.0000 54834.0000
48451.0000 25766.0000 54223.0000
48594.0000 25610.0000 53833.0000
48581.0000 26169.0000 53404.0000
48724.0000 26104.0000 52858.0000
48763.0000 26403.0000 52637.0000
48906.0000 26689.0000 52039.0000
48971.0000 26572.0000 52026.0000
49127.0000 27092.0000 51415.0000
49244.0000 27079.0000 51337.0000
49309.0000 27742.0000 50856.0000
49348.0000 27521.0000 50765.0000
49452.0000 28223.0000 50388.0000
49517.0000 28119.0000 50193.0000
49543.0000 28483.0000 50063.0000
49569.0000 28587.0000 49764.0000
49634.0000 29120.0000 49725.0000
49621.0000 29614.0000 49439.0000
49621.0000 29744.0000 49582.0000
49556.0000 30394.0000 49309.0000
49634.0000 30537.0000 49478.0000
49491.0000 31369.0000 49296.0000
49439.0000 31369.0000 49543.0000
49322.0000 32149.0000 49517.0000
49283.0000 32136.0000 49790.0000
49127.0000 32617.0000 50011.0000
49088.0000 32643.0000 50180.0000
48958.0000 33215.0000 50401.0000
48945.0000 33397.0000 50505.0000
48854.0000 33501.0000 50921.0000
48763.0000 33722.0000 50934.0000
48685.0000 33800.0000 51428.0000
48633.0000 34112.0000 51363.0000
48542.0000 34047.0000 51766.0000
48477.0000 34294.0000 51844.0000
48464.0000 34177.0000 52130.0000
48373.0000 34385.0000 52208.0000
48295.0000 34307.0000 52416.0000
48256.0000 34528.0000 52546.0000
48204.0000 34333.0000 52728.0000
48152.0000 34359.0000 52871.0000
48100.0000 34320.0000 52936.0000
48074.0000 34424.0000 53053.0000
48035.0000 34385.0000 53170.0000
48048.0000 34359.0000 53287.0000
48035.0000 34372.0000 53378.0000
48022.0000 34346.0000 53508.0000
47957.0000 34489.0000 53521.0000
48035.0000 34242.0000 53703.0000
47931.0000 34541.0000 53586.0000
48022.0000 34411.0000 53794.0000
47996.0000 34502.0000 53898.0000
48009.0000 34528.0000 54028.0000
48061.0000 34775.0000 54132.0000
48100.0000 34892.0000 54054.0000
48009.0000 34775.0000 54405.0000
48113.0000 34866.0000 54340.0000
48126.0000 34723.0000 54717.0000
48204.0000 35139.0000 54665.0000
48191.0000 34632.0000 55094.0000
48295.0000 35087.0000 55081.0000
48347.0000 34554.0000 55341.0000
48451.0000 34567.0000 55588.0000
48451.0000 34151.0000 55809.0000
48607.0000 34203.0000 56121.0000
48724.0000 33800.0000 56212.0000
48776.0000 33644.0000 56576.0000
48880.0000 33215.0000 56628.0000
49088.0000 32747.0000 56966.0000
49244.0000 32461.0000 56966.0000
49517.0000 31499.0000 57278.0000
49751.0000 31369.0000 57161.0000
50219.0000 30238.0000 57291.0000
50570.0000 29562.0000 57213.0000
51116.0000 28509.0000 57122.0000
51818.0000 27729.0000 56706.0000
52728.0000 26611.0000 56186.0000
53599.0000 25363.0000 55601.0000
54834.0000 24349.0000 54600.0000
56277.0000 23192.0000 53469.0000
58019.0000 22399.0000 51883.0000
59748.0000 21385.0000 50141.0000
61984.0000 21307.0000 47801.0000
64207.0000 21281.0000 45383.0000
66716.0000 22490.0000 42640.0000
68874.0000 24570.0000 40001.0000
71136.0000 28327.0000 37284.0000
72176.0000 33475.0000 35490.0000
72306.0000 40612.0000 34827.0000
70343.0000 49010.0000 35867.0000
66768.0000 58409.0000 39078.0000
60619.0000 67353.0000 44694.0000
52949.0000 74594.0000 52819.0000
