1638.0000 1027.0000 41392.0000
1677.0000 1001.0000 41379.0000
1638.0000 1027.0000 41379.0000
1651.0000 1079.0000 41353.0000
1664.0000 1092.0000 41366.0000
1690.0000 1131.0000 41340.0000
1677.0000 1105.0000 41366.0000
1716.0000 1196.0000 41353.0000
1703.0000 1196.0000 41353.0000
1716.0000 1222.0000 41327.0000
1729.0000 1248.0000 41327.0000
1794.0000 1287.0000 41301.0000
1781.0000 1261.0000 41301.0000
1768.0000 1287.0000 41301.0000
1781.0000 1365.0000 41314.0000
1807.0000 1378.0000 41288.0000
1781.0000 1365.0000 41275.0000
1833.0000 1404.0000 41249.0000
1794.0000 1417.0000 41262.0000
1820.0000 1404.0000 41223.0000
1807.0000 1417.0000 41236.0000
1859.0000 1482.0000 41223.0000
1820.0000 1430.0000 41210.0000
1820.0000 1521.0000 41223.0000
1794.0000 1560.0000 41223.0000
1820.0000 1586.0000 41288.0000
1820.0000 1664.0000 41171.0000
1794.0000 1703.0000 41197.0000
1794.0000 1703.0000 41197.0000
1833.0000 1651.0000 41184.0000
1781.0000 1664.0000 41158.0000
1872.0000 1677.0000 41171.0000
1846.0000 1703.0000 41171.0000
1911.0000 1703.0000 41171.0000
1898.0000 1781.0000 41197.0000
1937.0000 1768.0000 41184.0000
1898.0000 1807.0000 41197.0000
2002.0000 1820.0000 41184.0000
1937.0000 1794.0000 41171.0000
1963.0000 1807.0000 41145.0000
1950.0000 1833.0000 41158.0000
1950.0000 1859.0000 41145.0000
1911.0000 1846.0000 41119.0000
1976.0000 1924.0000 41132.0000
1911.0000 1911.0000 41132.0000
1911.0000 1937.0000 41119.0000
1859.0000 2028.0000 41119.0000
1898.0000 1989.0000 41067.0000
1833.0000 1950.0000 41093.0000
1911.0000 2015.0000 41054.0000
1885.0000 1963.0000 41067.0000
1911.0000 2028.0000 41041.0000
1898.0000 2080.0000 41028.0000
1924.0000 2080.0000 41041.0000
1885.0000 2093.0000 41041.0000
1937.0000 2093.0000 41002.0000
1885.0000 2093.0000 40989.0000
1937.0000 2067.0000 40976.0000
1898.0000 2158.0000 40976.0000
1950.0000 2106.0000 40924.0000
1898.0000 2236.0000 40937.0000
1963.0000 2249.0000 40924.0000
1898.0000 2236.0000 40950.0000
1898.0000 2301.0000 40924.0000
1833.0000 2288.0000 40937.0000
1885.0000 2314.0000 40885.0000
1807.0000 2353.0000 40898.0000
1859.0000 2340.0000 40872.0000
1781.0000 2379.0000 40898.0000
1859.0000 2418.0000 40885.0000
1807.0000 2470.0000 40859.0000
1885.0000 2496.0000 40898.0000
1820.0000 2522.0000 40885.0000
1833.0000 2444.0000 40846.0000
1781.0000 2509.0000 40846.0000
1846.0000 2444.0000 40911.0000
1846.0000 2522.0000 40859.0000
1859.0000 2587.0000 40820.0000
1781.0000 2548.0000 40846.0000
1833.0000 2626.0000 40820.0000
1768.0000 2587.0000 40833.0000
1742.0000 2600.0000 40781.0000
1690.0000 2626.0000 40768.0000
1729.0000 2613.0000 40781.0000
1651.0000 2665.0000 40768.0000
1716.0000 2691.0000 40755.0000
1664.0000 2717.0000 40768.0000
1716.0000 2756.0000 40716.0000
1651.0000 2756.0000 40755.0000
1664.0000 2795.0000 40690.0000
1625.0000 2782.0000 40703.0000
1677.0000 2743.0000 40703.0000
1599.0000 2808.0000 40755.0000
1664.0000 2834.0000 40677.0000
1547.0000 2873.0000 40716.0000
1612.0000 2886.0000 40703.0000
1495.0000 2886.0000 40716.0000
1534.0000 2938.0000 40677.0000
1417.0000 2938.0000 40703.0000
1482.0000 2951.0000 40703.0000
