-5616.0000 -27833.0000 35906.0000
-5629.0000 -27586.0000 35789.0000
-5629.0000 -27521.0000 35594.0000
-5720.0000 -27352.0000 35425.0000
-5746.0000 -27183.0000 35269.0000
-5759.0000 -27014.0000 35139.0000
-5811.0000 -26858.0000 34983.0000
-5863.0000 -26676.0000 34931.0000
-5889.0000 -26494.0000 34788.0000
-5967.0000 -26377.0000 34697.0000
-6071.0000 -26273.0000 34554.0000
-6188.0000 -26078.0000 34502.0000
-6201.0000 -25948.0000 34372.0000
-6279.0000 -25805.0000 34255.0000
-6331.0000 -25675.0000 34190.0000
-6409.0000 -25532.0000 34164.0000
-6461.0000 -25467.0000 34060.0000
-6539.0000 -25311.0000 33995.0000
-6617.0000 -25155.0000 33930.0000
-6708.0000 -25012.0000 33865.0000
-6747.0000 -24934.0000 33800.0000
-6864.0000 -24778.0000 33722.0000
-6903.0000 -24661.0000 33709.0000
-7020.0000 -24544.0000 33748.0000
-7020.0000 -24414.0000 33644.0000
-7150.0000 -24284.0000 33605.0000
-7267.0000 -24141.0000 33553.0000
-7384.0000 -24011.0000 33527.0000
-7449.0000 -23894.0000 33462.0000
-7592.0000 -23777.0000 33449.0000
-7657.0000 -23738.0000 33410.0000
-7761.0000 -23660.0000 33410.0000
-7787.0000 -23517.0000 33384.0000
-7891.0000 -23361.0000 33345.0000
-7995.0000 -23322.0000 33319.0000
-8099.0000 -23127.0000 33280.0000
-8177.0000 -22997.0000 33228.0000
-8242.0000 -22893.0000 33215.0000
-8372.0000 -22841.0000 33215.0000
-8463.0000 -22698.0000 33241.0000
-8567.0000 -22594.0000 33176.0000
-8632.0000 -22451.0000 33176.0000
-8710.0000 -22321.0000 33163.0000
-8866.0000 -22165.0000 33163.0000
-8931.0000 -22100.0000 33137.0000
-9048.0000 -22009.0000 33098.0000
-9139.0000 -21970.0000 33072.0000
-9269.0000 -21840.0000 33046.0000
-9334.0000 -21710.0000 33059.0000
-9425.0000 -21658.0000 33059.0000
-9529.0000 -21554.0000 33033.0000
-9620.0000 -21424.0000 33033.0000
-9646.0000 -21320.0000 33033.0000
-9776.0000 -21242.0000 33020.0000
-9867.0000 -21216.0000 33033.0000
-9945.0000 -21060.0000 32981.0000
-9997.0000 -20904.0000 33072.0000
-10114.0000 -20839.0000 33072.0000
-10192.0000 -20852.0000 33072.0000
-10218.0000 -20774.0000 33098.0000
-10257.0000 -20722.0000 33150.0000
-10348.0000 -20670.0000 33215.0000
-10374.0000 -20618.0000 33189.0000
-10452.0000 -20579.0000 33215.0000
-10439.0000 -20488.0000 33254.0000
-10543.0000 -20410.0000 33254.0000
-10517.0000 -20306.0000 33306.0000
-10634.0000 -20215.0000 33319.0000
-10686.0000 -20176.0000 33384.0000
-10829.0000 -20202.0000 33358.0000
-10868.0000 -20163.0000 33397.0000
-10946.0000 -20150.0000 33384.0000
-11050.0000 -20033.0000 33514.0000
-11076.0000 -20007.0000 33527.0000
-11102.0000 -19942.0000 33527.0000
-11219.0000 -20007.0000 33527.0000
-11258.0000 -19968.0000 33579.0000
-11375.0000 -19903.0000 33618.0000
-11414.0000 -19916.0000 33657.0000
-11505.0000 -19929.0000 33618.0000
-11570.0000 -19942.0000 33709.0000
-11622.0000 -19916.0000 33709.0000
-11700.0000 -19851.0000 33735.0000
-11791.0000 -19864.0000 33722.0000
-11895.0000 -19916.0000 33761.0000
-11999.0000 -19812.0000 33787.0000
-12090.0000 -19864.0000 33826.0000
-12155.0000 -19864.0000 33787.0000
-12220.0000 -19903.0000 33852.0000
-12311.0000 -19942.0000 33839.0000
-12402.0000 -19981.0000 33904.0000
-12467.0000 -20072.0000 33904.0000
-12506.0000 -20189.0000 33917.0000
-12493.0000 -20254.0000 33930.0000
-12532.0000 -20397.0000 33982.0000
-12506.0000 -20592.0000 33930.0000
-12415.0000 -20839.0000 33956.0000
-12389.0000 -21047.0000 33904.0000
-12311.0000 -21281.0000 33995.0000
-12207.0000 -21489.0000 33956.0000
