19721.0000 61724.0000 61282.0000
20150.0000 60970.0000 61607.0000
20787.0000 59566.0000 61919.0000
21463.0000 58474.0000 62114.0000
22360.0000 57148.0000 61997.0000
23439.0000 55926.0000 61854.0000
24726.0000 54405.0000 61412.0000
26247.0000 52910.0000 60840.0000
27950.0000 51688.0000 59670.0000
29991.0000 50635.0000 58682.0000
32110.0000 50180.0000 56966.0000
34216.0000 50310.0000 55237.0000
36127.0000 51493.0000 53339.0000
37583.0000 53664.0000 51753.0000
37973.0000 57369.0000 50596.0000
37128.0000 62049.0000 50440.0000
34840.0000 68029.0000 51454.0000
30485.0000 73996.0000 54145.0000
24323.0000 78923.0000 58890.0000
17186.0000 82264.0000 64441.0000
9828.0000 82147.0000 71266.0000
3289.0000 79547.0000 77285.0000
-1781.0000 73554.0000 82511.0000
-5135.0000 66716.0000 85891.0000
-6435.0000 58136.0000 87724.0000
-6474.0000 50414.0000 87958.0000
-5226.0000 43069.0000 86931.0000
-3484.0000 37453.0000 85124.0000
-1287.0000 33189.0000 82394.0000
1105.0000 29419.0000 79833.0000
3120.0000 27469.0000 76804.0000
5200.0000 25311.0000 74230.0000
6786.0000 24752.0000 71539.0000
8437.0000 23777.0000 69225.0000
9581.0000 24037.0000 66950.0000
10946.0000 24063.0000 64883.0000
11960.0000 24375.0000 63193.0000
12974.0000 24817.0000 61672.0000
13741.0000 25675.0000 60372.0000
14573.0000 26650.0000 59137.0000
15314.0000 27157.0000 58331.0000
16003.0000 28028.0000 57395.0000
16705.0000 28600.0000 56771.0000
17290.0000 29614.0000 56147.0000
17849.0000 30108.0000 55809.0000
18382.0000 31083.0000 55367.0000
18902.0000 31473.0000 55081.0000
19435.0000 32123.0000 54951.0000
19825.0000 32487.0000 54821.0000
20293.0000 33163.0000 54626.0000
20709.0000 33605.0000 54392.0000
21151.0000 33904.0000 54431.0000
21489.0000 34203.0000 54314.0000
21840.0000 34619.0000 54262.0000
22165.0000 35022.0000 54028.0000
22542.0000 35165.0000 54028.0000
22789.0000 35425.0000 53872.0000
23179.0000 35568.0000 53846.0000
23413.0000 35854.0000 53651.0000
23790.0000 36010.0000 53716.0000
24011.0000 36530.0000 53326.0000
24323.0000 36530.0000 53378.0000
24518.0000 36829.0000 53287.0000
24804.0000 36894.0000 53183.0000
24973.0000 37388.0000 52988.0000
25363.0000 37635.0000 52936.0000
25519.0000 37999.0000 52858.0000
25831.0000 38324.0000 52728.0000
26039.0000 38506.0000 52923.0000
26273.0000 39065.0000 52585.0000
26429.0000 39169.0000 52767.0000
26741.0000 39793.0000 52468.0000
26884.0000 40001.0000 52572.0000
27118.0000 40482.0000 52572.0000
27261.0000 40703.0000 52572.0000
27586.0000 41223.0000 52624.0000
27703.0000 41587.0000 52598.0000
27885.0000 41756.0000 52897.0000
28067.0000 42263.0000 52806.0000
28288.0000 42653.0000 53014.0000
28431.0000 42900.0000 53261.0000
28587.0000 43108.0000 53456.0000
28834.0000 43394.0000 53690.0000
28938.0000 43706.0000 53963.0000
29055.0000 43914.0000 54301.0000
29263.0000 44096.0000 54665.0000
29445.0000 44434.0000 54925.0000
29640.0000 44447.0000 55341.0000
29627.0000 44564.0000 55692.0000
29926.0000 44798.0000 56017.0000
30017.0000 44954.0000 56381.0000
30225.0000 44928.0000 56732.0000
30277.0000 45032.0000 57070.0000
30719.0000 45123.0000 57447.0000
30810.0000 45240.0000 57915.0000
31005.0000 45318.0000 58357.0000
31239.0000 45279.0000 58734.0000
31486.0000 45370.0000 59033.0000
31733.0000 45071.0000 59592.0000
31902.0000 45019.0000 59982.0000
