-442.0000 -7761.0000 26559.0000
-936.0000 -7930.0000 27989.0000
-1326.0000 -8346.0000 29237.0000
-1599.0000 -8788.0000 30264.0000
-1833.0000 -9113.0000 31330.0000
-1976.0000 -9607.0000 32149.0000
-2093.0000 -9854.0000 33007.0000
-2158.0000 -10361.0000 33657.0000
-2249.0000 -10556.0000 34372.0000
-2210.0000 -11115.0000 34918.0000
-2275.0000 -11453.0000 35412.0000
-2197.0000 -12012.0000 35802.0000
-2210.0000 -12337.0000 36179.0000
-2093.0000 -12753.0000 36556.0000
-2223.0000 -13299.0000 36712.0000
-2171.0000 -13390.0000 37011.0000
-2171.0000 -14222.0000 36920.0000
-2236.0000 -14378.0000 36985.0000
-2249.0000 -15158.0000 36803.0000
-2418.0000 -15210.0000 36751.0000
-2366.0000 -15743.0000 36595.0000
-2574.0000 -15795.0000 36374.0000
-2717.0000 -16133.0000 36205.0000
-2860.0000 -16315.0000 35841.0000
-2938.0000 -16406.0000 35646.0000
-3146.0000 -16679.0000 35217.0000
-3367.0000 -16393.0000 35113.0000
-3432.0000 -16757.0000 34684.0000
-3679.0000 -16406.0000 34580.0000
-3874.0000 -16666.0000 34268.0000
-4095.0000 -16445.0000 34086.0000
-4225.0000 -16497.0000 33852.0000
-4446.0000 -16341.0000 33735.0000
-4576.0000 -16289.0000 33657.0000
-4875.0000 -16055.0000 33579.0000
-4966.0000 -15860.0000 33592.0000
-5252.0000 -16003.0000 33449.0000
-5421.0000 -15756.0000 33488.0000
-5590.0000 -15808.0000 33358.0000
-5759.0000 -15405.0000 33423.0000
-5928.0000 -15522.0000 33332.0000
-6123.0000 -15223.0000 33410.0000
-6279.0000 -15288.0000 33410.0000
-6500.0000 -14976.0000 33436.0000
-6604.0000 -15054.0000 33397.0000
-6799.0000 -14781.0000 33436.0000
-6838.0000 -14807.0000 33462.0000
-7007.0000 -14599.0000 33449.0000
-7111.0000 -14482.0000 33527.0000
-7228.0000 -14365.0000 33553.0000
-7345.0000 -14274.0000 33592.0000
-7423.0000 -14235.0000 33579.0000
-7514.0000 -14066.0000 33618.0000
-7579.0000 -14014.0000 33657.0000
-7605.0000 -13832.0000 33696.0000
-7657.0000 -13871.0000 33696.0000
-7787.0000 -13676.0000 33774.0000
-7800.0000 -13676.0000 33748.0000
-7878.0000 -13520.0000 33800.0000
-7930.0000 -13585.0000 33748.0000
-8034.0000 -13351.0000 33826.0000
-7995.0000 -13247.0000 33891.0000
-8086.0000 -13182.0000 33891.0000
-8112.0000 -12896.0000 34008.0000
-8151.0000 -12974.0000 33943.0000
-8177.0000 -12545.0000 34060.0000
-8151.0000 -12831.0000 33995.0000
-8242.0000 -12298.0000 34099.0000
-8138.0000 -12545.0000 34099.0000
-8294.0000 -12116.0000 34229.0000
-8203.0000 -12077.0000 34294.0000
-8294.0000 -12012.0000 34255.0000
-8307.0000 -11804.0000 34372.0000
-8320.0000 -11960.0000 34268.0000
-8398.0000 -11440.0000 34463.0000
-8346.0000 -11726.0000 34437.0000
-8424.0000 -11193.0000 34619.0000
-8411.0000 -11531.0000 34580.0000
-8528.0000 -10959.0000 34710.0000
-8398.0000 -11245.0000 34736.0000
-8515.0000 -10933.0000 34788.0000
-8424.0000 -11037.0000 34879.0000
-8476.0000 -10712.0000 34944.0000
-8411.0000 -10543.0000 35074.0000
-8515.0000 -10621.0000 35100.0000
-8502.0000 -10166.0000 35321.0000
-8463.0000 -10439.0000 35360.0000
-8437.0000 -10036.0000 35503.0000
-8437.0000 -10296.0000 35581.0000
-8528.0000 -9620.0000 35854.0000
-8502.0000 -9802.0000 36036.0000
-8541.0000 -9594.0000 36179.0000
-8580.0000 -9750.0000 36348.0000
-8632.0000 -9347.0000 36582.0000
-8593.0000 -9360.0000 36777.0000
-8606.0000 -9230.0000 36985.0000
-8606.0000 -9074.0000 37271.0000
-8671.0000 -8879.0000 37518.0000
-8645.0000 -8697.0000 37856.0000
-8671.0000 -8645.0000 38064.0000
