-11414.0000 15938.0000 35919.0000
-11427.0000 15275.0000 35997.0000
-11362.0000 15470.0000 35932.0000
-11336.0000 14742.0000 36023.0000
-11284.0000 14937.0000 35919.0000
-11271.0000 14222.0000 35932.0000
-11219.0000 14430.0000 35893.0000
-11154.0000 13728.0000 35932.0000
-11141.0000 13897.0000 35893.0000
-11063.0000 13221.0000 35880.0000
-11024.0000 13442.0000 35854.0000
-10959.0000 12727.0000 35802.0000
-10920.0000 12948.0000 35841.0000
-10829.0000 12207.0000 35815.0000
-10777.0000 12402.0000 35815.0000
-10686.0000 11661.0000 35698.0000
-10634.0000 11830.0000 35750.0000
-10504.0000 11193.0000 35659.0000
-10504.0000 11362.0000 35763.0000
-10335.0000 10660.0000 35646.0000
-10296.0000 10803.0000 35711.0000
-10166.0000 10049.0000 35568.0000
-10140.0000 10244.0000 35659.0000
-9984.0000 9503.0000 35516.0000
-9945.0000 9646.0000 35646.0000
-9789.0000 8957.0000 35477.0000
-9776.0000 9100.0000 35607.0000
-9607.0000 8502.0000 35412.0000
-9620.0000 8658.0000 35542.0000
-9451.0000 8021.0000 35412.0000
-9438.0000 8190.0000 35542.0000
-9321.0000 7579.0000 35334.0000
-9347.0000 7800.0000 35516.0000
-9191.0000 7319.0000 35321.0000
-9217.0000 7488.0000 35542.0000
-9048.0000 6994.0000 35360.0000
-9087.0000 7215.0000 35594.0000
-8931.0000 6825.0000 35360.0000
-8983.0000 7098.0000 35594.0000
-8905.0000 6786.0000 35386.0000
-8983.0000 7046.0000 35646.0000
-8892.0000 6721.0000 35412.0000
-8970.0000 7059.0000 35672.0000
-8918.0000 6760.0000 35412.0000
-9009.0000 7033.0000 35698.0000
-8931.0000 6799.0000 35425.0000
-9022.0000 7085.0000 35763.0000
-8957.0000 6864.0000 35464.0000
-9035.0000 7098.0000 35789.0000
-8983.0000 6851.0000 35477.0000
-9035.0000 7072.0000 35828.0000
-8970.0000 6877.0000 35516.0000
-9048.0000 7072.0000 35906.0000
-8957.0000 6877.0000 35555.0000
-9009.0000 6994.0000 35919.0000
-8944.0000 6825.0000 35568.0000
-9048.0000 7020.0000 35971.0000
-9009.0000 6877.0000 35607.0000
-9061.0000 7020.0000 36023.0000
-9022.0000 6903.0000 35633.0000
-9126.0000 6994.0000 36036.0000
-9087.0000 6916.0000 35633.0000
-9191.0000 6981.0000 36088.0000
-9126.0000 6903.0000 35672.0000
-9204.0000 6903.0000 36140.0000
-9165.0000 6812.0000 35685.0000
-9243.0000 6838.0000 36153.0000
-9191.0000 6786.0000 35724.0000
-9269.0000 6760.0000 36218.0000
-9217.0000 6682.0000 35750.0000
-9256.0000 6656.0000 36270.0000
-9165.0000 6669.0000 35828.0000
-9165.0000 6604.0000 36348.0000
-9152.0000 6591.0000 35841.0000
-9230.0000 6500.0000 36387.0000
-9178.0000 6604.0000 35880.0000
-9230.0000 6578.0000 36452.0000
-9230.0000 6643.0000 35958.0000
-9308.0000 6513.0000 36491.0000
-9269.0000 6604.0000 36036.0000
-9256.0000 6513.0000 36569.0000
-9308.0000 6565.0000 36036.0000
-9347.0000 6370.0000 36595.0000
-9321.0000 6474.0000 36062.0000
-9373.0000 6292.0000 36634.0000
-9386.0000 6435.0000 36127.0000
-9412.0000 6214.0000 36712.0000
-9425.0000 6422.0000 36192.0000
-9451.0000 6279.0000 36764.0000
-9438.0000 6474.0000 36218.0000
-9503.0000 6253.0000 36803.0000
-9490.0000 6435.0000 36257.0000
-9529.0000 6214.0000 36842.0000
-9516.0000 6357.0000 36348.0000
-9568.0000 6110.0000 36881.0000
-9542.0000 6279.0000 36374.0000
-9620.0000 6045.0000 36907.0000
-9594.0000 6214.0000 36426.0000
-9659.0000 5928.0000 36959.0000
-9646.0000 6175.0000 36504.0000
