6786.0000 27014.0000 32188.0000
6799.0000 27300.0000 31993.0000
6786.0000 27482.0000 31772.0000
6786.0000 27716.0000 31551.0000
6812.0000 27963.0000 31395.0000
6799.0000 28223.0000 31174.0000
6851.0000 28483.0000 31018.0000
6864.0000 28678.0000 30849.0000
6890.0000 28925.0000 30719.0000
6916.0000 29107.0000 30498.0000
6955.0000 29354.0000 30381.0000
7007.0000 29614.0000 30199.0000
7059.0000 29796.0000 30004.0000
7098.0000 30121.0000 29848.0000
7176.0000 30368.0000 29679.0000
7215.0000 30537.0000 29601.0000
7267.0000 30849.0000 29432.0000
7345.0000 31044.0000 29328.0000
7436.0000 31278.0000 29185.0000
7514.0000 31564.0000 29120.0000
7683.0000 31785.0000 28925.0000
7722.0000 32032.0000 28821.0000
7839.0000 32279.0000 28704.0000
7904.0000 32513.0000 28613.0000
8008.0000 32773.0000 28470.0000
8112.0000 32968.0000 28418.0000
8216.0000 33176.0000 28288.0000
8359.0000 33449.0000 28197.0000
8476.0000 33631.0000 28106.0000
8606.0000 33878.0000 28015.0000
8762.0000 34164.0000 27963.0000
8866.0000 34346.0000 27885.0000
9009.0000 34567.0000 27872.0000
9152.0000 34801.0000 27729.0000
9256.0000 34957.0000 27664.0000
9451.0000 35230.0000 27560.0000
9581.0000 35451.0000 27469.0000
9750.0000 35633.0000 27404.0000
9958.0000 35867.0000 27313.0000
10075.0000 36062.0000 27261.0000
10257.0000 36296.0000 27209.0000
10426.0000 36517.0000 27157.0000
10608.0000 36686.0000 27066.0000
10777.0000 36920.0000 27053.0000
10959.0000 37102.0000 27001.0000
11141.0000 37297.0000 26975.0000
11349.0000 37544.0000 26949.0000
11518.0000 37713.0000 26936.0000
11713.0000 37947.0000 26936.0000
11921.0000 38168.0000 26897.0000
12116.0000 38272.0000 26910.0000
12337.0000 38493.0000 26845.0000
12558.0000 38714.0000 26832.0000
12831.0000 38883.0000 26754.0000
13039.0000 39130.0000 26741.0000
13299.0000 39299.0000 26767.0000
13507.0000 39455.0000 26741.0000
13754.0000 39689.0000 26715.0000
13975.0000 39806.0000 26689.0000
14196.0000 40001.0000 26637.0000
14443.0000 40170.0000 26624.0000
14638.0000 40248.0000 26663.0000
14911.0000 40430.0000 26663.0000
15158.0000 40560.0000 26702.0000
15379.0000 40690.0000 26702.0000
15626.0000 40833.0000 26728.0000
15886.0000 40924.0000 26728.0000
16159.0000 41080.0000 26728.0000
16432.0000 41197.0000 26728.0000
16705.0000 41301.0000 26741.0000
17017.0000 41405.0000 26715.0000
17290.0000 41548.0000 26715.0000
17576.0000 41587.0000 26702.0000
17849.0000 41730.0000 26728.0000
18135.0000 41782.0000 26689.0000
18421.0000 41847.0000 26728.0000
18720.0000 41951.0000 26728.0000
19045.0000 42029.0000 26741.0000
19331.0000 42094.0000 26741.0000
19643.0000 42185.0000 26806.0000
19942.0000 42224.0000 26845.0000
20267.0000 42276.0000 26923.0000
20605.0000 42341.0000 26975.0000
20917.0000 42302.0000 27027.0000
21242.0000 42393.0000 27066.0000
21580.0000 42419.0000 27066.0000
21892.0000 42406.0000 27079.0000
22243.0000 42471.0000 27105.0000
22555.0000 42458.0000 27157.0000
22893.0000 42510.0000 27170.0000
23231.0000 42497.0000 27196.0000
23543.0000 42445.0000 27196.0000
23842.0000 42471.0000 27196.0000
24206.0000 42419.0000 27261.0000
24479.0000 42380.0000 27248.0000
24830.0000 42432.0000 27326.0000
25142.0000 42354.0000 27339.0000
25454.0000 42341.0000 27469.0000
25805.0000 42328.0000 27495.0000
26065.0000 42185.0000 27560.0000
