-3224.0000 5759.0000 36062.0000
-3237.0000 5798.0000 36075.0000
-3250.0000 5772.0000 36036.0000
-3289.0000 5772.0000 36049.0000
-3263.0000 5746.0000 36049.0000
-3276.0000 5759.0000 36062.0000
-3250.0000 5772.0000 36062.0000
-3263.0000 5785.0000 36088.0000
-3263.0000 5707.0000 36062.0000
-3250.0000 5785.0000 36088.0000
-3237.0000 5694.0000 36062.0000
-3263.0000 5759.0000 36101.0000
-3211.0000 5772.0000 36049.0000
-3237.0000 5759.0000 36114.0000
-3224.0000 5798.0000 36075.0000
-3211.0000 5798.0000 36075.0000
-3224.0000 5811.0000 36114.0000
-3211.0000 5850.0000 36127.0000
-3237.0000 5850.0000 36101.0000
-3198.0000 5876.0000 36140.0000
-3224.0000 5837.0000 36114.0000
-3237.0000 5850.0000 36153.0000
-3250.0000 5824.0000 36114.0000
-3250.0000 5811.0000 36140.0000
-3263.0000 5811.0000 36127.0000
-3276.0000 5798.0000 36166.0000
-3276.0000 5798.0000 36140.0000
-3289.0000 5811.0000 36166.0000
-3276.0000 5785.0000 36153.0000
-3276.0000 5811.0000 36153.0000
-3276.0000 5837.0000 36166.0000
-3263.0000 5837.0000 36192.0000
-3250.0000 5837.0000 36205.0000
-3276.0000 5863.0000 36205.0000
-3263.0000 5837.0000 36192.0000
-3276.0000 5889.0000 36231.0000
-3302.0000 5837.0000 36205.0000
-3315.0000 5824.0000 36231.0000
-3315.0000 5798.0000 36205.0000
-3302.0000 5811.0000 36231.0000
-3315.0000 5837.0000 36257.0000
-3315.0000 5811.0000 36244.0000
-3315.0000 5824.0000 36231.0000
-3302.0000 5863.0000 36283.0000
-3315.0000 5863.0000 36296.0000
-3276.0000 5915.0000 36283.0000
-3315.0000 5876.0000 36270.0000
-3341.0000 5902.0000 36296.0000
-3367.0000 5850.0000 36296.0000
-3341.0000 5850.0000 36309.0000
-3380.0000 5863.0000 36335.0000
-3328.0000 5889.0000 36361.0000
-3328.0000 5902.0000 36361.0000
-3289.0000 5941.0000 36374.0000
-3302.0000 5915.0000 36400.0000
-3289.0000 5941.0000 36413.0000
-3328.0000 5928.0000 36413.0000
-3328.0000 5941.0000 36439.0000
-3328.0000 5889.0000 36426.0000
-3315.0000 5928.0000 36465.0000
-3315.0000 5928.0000 36465.0000
-3315.0000 5928.0000 36478.0000
-3328.0000 5954.0000 36465.0000
-3328.0000 5928.0000 36504.0000
-3315.0000 5889.0000 36491.0000
-3354.0000 5876.0000 36504.0000
-3354.0000 5876.0000 36517.0000
-3328.0000 5863.0000 36543.0000
-3367.0000 5876.0000 36556.0000
-3341.0000 5876.0000 36569.0000
-3354.0000 5915.0000 36569.0000
-3328.0000 5967.0000 36569.0000
-3341.0000 5941.0000 36556.0000
-3328.0000 5928.0000 36608.0000
-3354.0000 5967.0000 36582.0000
-3328.0000 5980.0000 36634.0000
-3354.0000 6006.0000 36647.0000
-3315.0000 6045.0000 36686.0000
-3315.0000 6084.0000 36686.0000
-3289.0000 6058.0000 36673.0000
-3315.0000 6071.0000 36712.0000
-3289.0000 6019.0000 36725.0000
-3328.0000 6058.0000 36738.0000
-3302.0000 6058.0000 36751.0000
-3315.0000 6071.0000 36751.0000
-3276.0000 6084.0000 36777.0000
-3302.0000 6058.0000 36777.0000
-3289.0000 6071.0000 36803.0000
-3315.0000 6058.0000 36777.0000
-3315.0000 6097.0000 36816.0000
-3367.0000 6123.0000 36829.0000
-3341.0000 6162.0000 36855.0000
-3367.0000 6123.0000 36842.0000
-3354.0000 6123.0000 36868.0000
-3367.0000 6110.0000 36933.0000
-3341.0000 6162.0000 36894.0000
-3367.0000 6214.0000 36920.0000
-3341.0000 6201.0000 36959.0000
-3354.0000 6253.0000 36959.0000
-3341.0000 6188.0000 36972.0000
