6123.0000 18096.0000 121430.0000
6032.0000 13624.0000 121240.0000
5759.0000 9126.0000 119940.0000
5174.0000 4836.0000 117530.0000
4264.0000 1300.0000 114060.0000
3419.0000 -1781.0000 109690.0000
2574.0000 -4264.0000 105030.0000
1768.0000 -6006.0000 100870.0000
793.0000 -7033.0000 96811.0000
-338.0000 -7852.0000 92833.0000
-1703.0000 -8281.0000 89050.0000
-3211.0000 -8307.0000 85501.0000
-4602.0000 -8229.0000 82186.0000
-5863.0000 -8190.0000 79326.0000
-7046.0000 -7670.0000 76960.0000
-8177.0000 -7293.0000 74789.0000
-9386.0000 -7059.0000 72891.0000
-10582.0000 -6656.0000 71240.0000
-11674.0000 -6409.0000 69706.0000
-12610.0000 -6279.0000 68380.0000
-13481.0000 -5876.0000 67314.0000
-14235.0000 -5642.0000 66391.0000
-14976.0000 -5551.0000 65611.0000
-15756.0000 -5291.0000 64883.0000
-16380.0000 -5239.0000 64168.0000
-16900.0000 -5447.0000 63557.0000
-17407.0000 -5200.0000 63024.0000
-17836.0000 -5187.0000 62569.0000
-18226.0000 -5291.0000 62075.0000
-18694.0000 -5213.0000 61646.0000
-19045.0000 -5291.0000 61178.0000
-19331.0000 -5525.0000 60762.0000
-19656.0000 -5408.0000 60437.0000
-19851.0000 -5447.0000 60125.0000
-20046.0000 -5564.0000 59787.0000
-20241.0000 -5629.0000 59462.0000
-20449.0000 -5642.0000 59124.0000
-20566.0000 -5785.0000 58838.0000
-20761.0000 -5746.0000 58552.0000
-20813.0000 -5811.0000 58266.0000
-20878.0000 -5967.0000 58006.0000
-21021.0000 -6058.0000 57694.0000
-21099.0000 -6071.0000 57421.0000
-21164.0000 -6097.0000 57148.0000
-21255.0000 -6058.0000 56901.0000
-21255.0000 -6071.0000 56693.0000
-21242.0000 -6110.0000 56459.0000
-21203.0000 -6305.0000 56225.0000
-21281.0000 -6240.0000 56030.0000
-21255.0000 -6188.0000 55848.0000
-21281.0000 -6201.0000 55601.0000
-21255.0000 -6084.0000 55458.0000
-21229.0000 -6175.0000 55237.0000
-21177.0000 -6422.0000 54990.0000
-21255.0000 -6201.0000 54860.0000
-21255.0000 -6149.0000 54665.0000
-21229.0000 -6149.0000 54457.0000
-21216.0000 -6006.0000 54340.0000
-21177.0000 -6045.0000 54158.0000
-21125.0000 -6188.0000 53989.0000
-21190.0000 -5954.0000 53846.0000
-21112.0000 -5915.0000 53703.0000
-21099.0000 -5954.0000 53534.0000
-21073.0000 -5824.0000 53378.0000
-21047.0000 -5824.0000 53300.0000
-20930.0000 -5902.0000 53079.0000
-21060.0000 -5811.0000 52962.0000
-20995.0000 -5707.0000 52806.0000
-20995.0000 -5798.0000 52702.0000
-20930.0000 -5681.0000 52598.0000
-20878.0000 -5785.0000 52494.0000
-20800.0000 -5759.0000 52403.0000
-20878.0000 -5577.0000 52260.0000
-20917.0000 -5681.0000 52143.0000
-20865.0000 -5850.0000 52000.0000
-20761.0000 -5876.0000 51857.0000
-20709.0000 -5928.0000 51805.0000
-20709.0000 -5746.0000 51714.0000
-20787.0000 -5720.0000 51584.0000
-20722.0000 -5837.0000 51467.0000
-20631.0000 -6045.0000 51402.0000
-20540.0000 -6149.0000 51311.0000
-20475.0000 -6175.0000 51246.0000
-20397.0000 -6045.0000 51155.0000
-20397.0000 -6097.0000 51051.0000
-20280.0000 -6149.0000 50947.0000
-20202.0000 -6383.0000 50856.0000
-20085.0000 -6474.0000 50765.0000
-20059.0000 -6552.0000 50687.0000
-20033.0000 -6435.0000 50570.0000
-19981.0000 -6409.0000 50453.0000
-19812.0000 -6656.0000 50310.0000
-19760.0000 -6864.0000 50154.0000
-19643.0000 -7020.0000 50037.0000
-19656.0000 -6929.0000 49894.0000
-19591.0000 -7033.0000 49673.0000
-19643.0000 -7098.0000 49517.0000
-19500.0000 -7280.0000 49296.0000
-19487.0000 -7462.0000 49062.0000
-19448.0000 -7579.0000 48893.0000
