-12272.0000 7150.0000 40521.0000
-12389.0000 7072.0000 40547.0000
-12298.0000 6903.0000 40599.0000
-12389.0000 6968.0000 40612.0000
-12311.0000 6903.0000 40677.0000
-12428.0000 6994.0000 40651.0000
-12376.0000 6942.0000 40716.0000
-12480.0000 6981.0000 40703.0000
-12376.0000 6916.0000 40768.0000
-12519.0000 6916.0000 40755.0000
-12428.0000 6916.0000 40859.0000
-12532.0000 6929.0000 40820.0000
-12428.0000 6929.0000 40898.0000
-12545.0000 6994.0000 40898.0000
-12493.0000 6929.0000 40976.0000
-12636.0000 6929.0000 40976.0000
-12545.0000 6825.0000 41054.0000
-12649.0000 6942.0000 41054.0000
-12597.0000 6864.0000 41145.0000
-12675.0000 6968.0000 41145.0000
-12636.0000 6942.0000 41249.0000
-12740.0000 7020.0000 41249.0000
-12649.0000 6981.0000 41314.0000
-12753.0000 6981.0000 41327.0000
-12675.0000 6916.0000 41340.0000
-12792.0000 6981.0000 41379.0000
-12714.0000 6942.0000 41405.0000
-12805.0000 6981.0000 41444.0000
-12740.0000 6903.0000 41457.0000
-12818.0000 6955.0000 41509.0000
-12818.0000 6812.0000 41535.0000
-12870.0000 6851.0000 41522.0000
-12831.0000 6747.0000 41535.0000
-12935.0000 6812.0000 41587.0000
-12870.0000 6773.0000 41665.0000
-12909.0000 6890.0000 41652.0000
-12896.0000 6851.0000 41704.0000
-12974.0000 6903.0000 41756.0000
-12935.0000 6864.0000 41821.0000
-13039.0000 6968.0000 41834.0000
-12974.0000 6890.0000 41821.0000
-13065.0000 6942.0000 41860.0000
-13026.0000 6825.0000 41938.0000
-13104.0000 6877.0000 41977.0000
-13026.0000 6838.0000 42029.0000
-13078.0000 6903.0000 42081.0000
-13039.0000 6838.0000 42107.0000
-13130.0000 6877.0000 42146.0000
-13143.0000 6747.0000 42172.0000
-13182.0000 6825.0000 42263.0000
-13169.0000 6734.0000 42276.0000
-13182.0000 6851.0000 42328.0000
-13182.0000 6825.0000 42367.0000
-13273.0000 6825.0000 42380.0000
-13234.0000 6799.0000 42419.0000
-13312.0000 6786.0000 42445.0000
-13234.0000 6760.0000 42497.0000
-13286.0000 6773.0000 42536.0000
-13286.0000 6708.0000 42562.0000
-13325.0000 6773.0000 42640.0000
-13364.0000 6643.0000 42640.0000
-13377.0000 6682.0000 42679.0000
-13403.0000 6539.0000 42679.0000
-13442.0000 6487.0000 42731.0000
-13429.0000 6487.0000 42796.0000
-13481.0000 6474.0000 42796.0000
-13455.0000 6487.0000 42822.0000
-13481.0000 6409.0000 42848.0000
-13520.0000 6279.0000 42848.0000
-13559.0000 6279.0000 42887.0000
-13572.0000 6175.0000 42874.0000
-13533.0000 6227.0000 42965.0000
-13520.0000 6045.0000 42913.0000
-13533.0000 5967.0000 43004.0000
-13520.0000 5876.0000 43004.0000
-13585.0000 5876.0000 43017.0000
-13585.0000 5863.0000 43017.0000
-13572.0000 5772.0000 43043.0000
-13585.0000 5642.0000 43095.0000
-13585.0000 5642.0000 43121.0000
-13624.0000 5655.0000 43121.0000
-13637.0000 5668.0000 43147.0000
-13676.0000 5720.0000 43147.0000
-13663.0000 5707.0000 43212.0000
-13676.0000 5668.0000 43264.0000
-13676.0000 5668.0000 43238.0000
-13728.0000 5694.0000 43251.0000
-13767.0000 5707.0000 43290.0000
-13741.0000 5720.0000 43316.0000
-13780.0000 5733.0000 43329.0000
-13780.0000 5720.0000 43329.0000
-13806.0000 5642.0000 43381.0000
-13832.0000 5616.0000 43355.0000
-13845.0000 5668.0000 43420.0000
-13884.0000 5694.0000 43394.0000
-13858.0000 5733.0000 43433.0000
-13858.0000 5733.0000 43420.0000
-13871.0000 5668.0000 43498.0000
-13910.0000 5681.0000 43472.0000
-13910.0000 5642.0000 43472.0000
