-3874.0000 -42861.0000 42731.0000
-3731.0000 -43043.0000 41938.0000
-3679.0000 -42809.0000 41301.0000
-3588.0000 -42627.0000 40651.0000
-3471.0000 -42393.0000 40040.0000
-3471.0000 -42107.0000 39377.0000
-3393.0000 -41769.0000 38818.0000
-3328.0000 -41509.0000 38142.0000
-3198.0000 -41067.0000 37661.0000
-3120.0000 -40599.0000 37089.0000
-2977.0000 -40092.0000 36712.0000
-2873.0000 -39624.0000 36231.0000
-2717.0000 -39039.0000 35997.0000
-2535.0000 -38480.0000 35698.0000
-2379.0000 -37986.0000 35594.0000
-2184.0000 -37414.0000 35360.0000
-2054.0000 -36920.0000 35269.0000
-1794.0000 -36374.0000 35191.0000
-1612.0000 -35997.0000 35191.0000
-1404.0000 -35516.0000 35191.0000
-1209.0000 -35100.0000 35321.0000
-1001.0000 -34697.0000 35399.0000
-832.0000 -34502.0000 35425.0000
-624.0000 -34099.0000 35529.0000
-468.0000 -33969.0000 35516.0000
-247.0000 -33683.0000 35594.0000
-52.0000 -33514.0000 35568.0000
117.0000 -33150.0000 35698.0000
260.0000 -33033.0000 35672.0000
468.0000 -32799.0000 35776.0000
637.0000 -32682.0000 35659.0000
832.0000 -32344.0000 35724.0000
1027.0000 -32266.0000 35607.0000
1183.0000 -31967.0000 35633.0000
1378.0000 -31837.0000 35529.0000
1573.0000 -31395.0000 35620.0000
1729.0000 -31291.0000 35529.0000
1872.0000 -30862.0000 35633.0000
2093.0000 -30823.0000 35451.0000
2262.0000 -30472.0000 35451.0000
2457.0000 -30368.0000 35334.0000
2626.0000 -29900.0000 35399.0000
2860.0000 -29718.0000 35282.0000
3016.0000 -29341.0000 35269.0000
3224.0000 -29315.0000 35087.0000
3419.0000 -28925.0000 35022.0000
3601.0000 -28769.0000 34827.0000
3809.0000 -28275.0000 34788.0000
4004.0000 -28210.0000 34515.0000
4173.0000 -27794.0000 34437.0000
4381.0000 -27573.0000 34138.0000
4511.0000 -27157.0000 34060.0000
4654.0000 -27001.0000 33774.0000
4784.0000 -26494.0000 33644.0000
4875.0000 -26143.0000 33358.0000
4914.0000 -25649.0000 33215.0000
4940.0000 -25350.0000 32929.0000
4992.0000 -24908.0000 32734.0000
4979.0000 -24323.0000 32539.0000
4953.0000 -23803.0000 32383.0000
4875.0000 -23283.0000 32149.0000
4758.0000 -22867.0000 31915.0000
4615.0000 -22230.0000 31694.0000
4472.0000 -21736.0000 31525.0000
4303.0000 -21125.0000 31395.0000
4134.0000 -20384.0000 31291.0000
3796.0000 -19682.0000 31200.0000
3497.0000 -19149.0000 31135.0000
3159.0000 -18473.0000 31070.0000
2808.0000 -17732.0000 31070.0000
2353.0000 -17017.0000 31070.0000
1950.0000 -16250.0000 31213.0000
1469.0000 -15626.0000 31343.0000
1014.0000 -14872.0000 31603.0000
494.0000 -14144.0000 31850.0000
-52.0000 -13494.0000 32149.0000
-637.0000 -13000.0000 32448.0000
-1183.0000 -12285.0000 32838.0000
-1794.0000 -11739.0000 33241.0000
-2431.0000 -11128.0000 33748.0000
-3068.0000 -10699.0000 34242.0000
-3679.0000 -10205.0000 34827.0000
-4355.0000 -9880.0000 35373.0000
-5070.0000 -9594.0000 35971.0000
-5707.0000 -9399.0000 36504.0000
-6370.0000 -9022.0000 37193.0000
-7059.0000 -8775.0000 37843.0000
-7761.0000 -8710.0000 38506.0000
-8372.0000 -8710.0000 39182.0000
-9009.0000 -8619.0000 39845.0000
-9659.0000 -8658.0000 40508.0000
-10322.0000 -8801.0000 41119.0000
-10829.0000 -9061.0000 41730.0000
-11453.0000 -9113.0000 42328.0000
-11973.0000 -9321.0000 42926.0000
-12506.0000 -9685.0000 43472.0000
-12974.0000 -9828.0000 44070.0000
-13416.0000 -10244.0000 44499.0000
-13819.0000 -10530.0000 44941.0000
-14196.0000 -11167.0000 45292.0000
