-5148.0000 -39975.0000 52000.0000
-5187.0000 -39559.0000 52052.0000
-5291.0000 -39559.0000 51948.0000
-5434.0000 -39429.0000 51857.0000
-5473.0000 -39507.0000 51740.0000
-5564.0000 -39260.0000 51753.0000
-5668.0000 -39429.0000 51636.0000
-5746.0000 -39416.0000 51636.0000
-5720.0000 -39481.0000 51519.0000
-5785.0000 -39533.0000 51376.0000
-5772.0000 -39663.0000 51298.0000
-5837.0000 -39754.0000 51207.0000
-5798.0000 -39884.0000 51077.0000
-5850.0000 -39884.0000 50973.0000
-5811.0000 -40014.0000 50843.0000
-5824.0000 -40157.0000 50713.0000
-5629.0000 -40365.0000 50492.0000
-5616.0000 -40417.0000 50245.0000
-5512.0000 -40534.0000 50089.0000
-5434.0000 -40612.0000 49868.0000
-5278.0000 -40716.0000 49595.0000
-5161.0000 -41041.0000 49140.0000
-4966.0000 -41223.0000 48776.0000
-4810.0000 -41236.0000 48581.0000
-4563.0000 -41444.0000 48282.0000
-4290.0000 -41574.0000 47762.0000
-4095.0000 -41808.0000 47294.0000
-4004.0000 -41782.0000 46982.0000
-3744.0000 -42016.0000 46488.0000
-3510.0000 -42107.0000 45929.0000
-3302.0000 -42224.0000 45487.0000
-3120.0000 -42146.0000 45071.0000
-2847.0000 -42250.0000 44486.0000
-2691.0000 -42302.0000 43810.0000
-2496.0000 -42250.0000 43225.0000
-2366.0000 -42146.0000 42705.0000
-2119.0000 -42068.0000 42081.0000
-1937.0000 -41951.0000 41366.0000
-1768.0000 -41743.0000 40703.0000
-1664.0000 -41600.0000 39988.0000
-1430.0000 -41392.0000 39286.0000
-1404.0000 -40989.0000 38675.0000
-1313.0000 -40495.0000 38168.0000
-1235.0000 -40040.0000 37635.0000
-1105.0000 -39650.0000 36998.0000
-1040.0000 -39091.0000 36621.0000
-936.0000 -38493.0000 36309.0000
-949.0000 -37817.0000 36023.0000
-871.0000 -37245.0000 35776.0000
-858.0000 -36647.0000 35646.0000
-871.0000 -36166.0000 35451.0000
-819.0000 -35529.0000 35438.0000
-689.0000 -35074.0000 35386.0000
-676.0000 -34697.0000 35308.0000
-689.0000 -34268.0000 35256.0000
-637.0000 -33930.0000 35256.0000
-559.0000 -33540.0000 35308.0000
-507.0000 -33280.0000 35308.0000
-442.0000 -32968.0000 35347.0000
-312.0000 -32864.0000 35308.0000
-195.0000 -32383.0000 35373.0000
-104.0000 -32188.0000 35373.0000
-39.0000 -31876.0000 35425.0000
130.0000 -31733.0000 35373.0000
169.0000 -31356.0000 35360.0000
299.0000 -31122.0000 35451.0000
429.0000 -30797.0000 35425.0000
637.0000 -30498.0000 35503.0000
754.0000 -30472.0000 35347.0000
845.0000 -30056.0000 35412.0000
1001.0000 -29835.0000 35360.0000
1105.0000 -29419.0000 35451.0000
1274.0000 -29263.0000 35373.0000
1339.0000 -28964.0000 35412.0000
1612.0000 -28769.0000 35347.0000
1742.0000 -28470.0000 35295.0000
1872.0000 -28197.0000 35230.0000
2002.0000 -27794.0000 35230.0000
2262.0000 -27560.0000 35204.0000
2405.0000 -27339.0000 35022.0000
2587.0000 -27079.0000 34905.0000
2782.0000 -26728.0000 34853.0000
2964.0000 -26351.0000 34749.0000
3185.0000 -26169.0000 34554.0000
3237.0000 -25818.0000 34372.0000
3367.0000 -25480.0000 34216.0000
3471.0000 -25025.0000 34073.0000
3536.0000 -24791.0000 33813.0000
3627.0000 -24336.0000 33657.0000
3679.0000 -23959.0000 33436.0000
3640.0000 -23452.0000 33228.0000
3562.0000 -22997.0000 33059.0000
3497.0000 -22516.0000 32825.0000
3406.0000 -21970.0000 32643.0000
3237.0000 -21333.0000 32513.0000
3068.0000 -20774.0000 32357.0000
2886.0000 -20293.0000 32149.0000
2717.0000 -19656.0000 32032.0000
2301.0000 -18980.0000 31889.0000
1937.0000 -18252.0000 31915.0000
