37765.0000 23036.0000 46462.0000
37609.0000 23010.0000 46436.0000
37375.0000 22906.0000 46137.0000
37206.0000 22932.0000 46059.0000
36959.0000 22945.0000 45656.0000
36699.0000 22932.0000 45578.0000
36413.0000 22984.0000 45240.0000
36179.0000 23023.0000 45123.0000
35880.0000 23101.0000 44837.0000
35685.0000 23179.0000 44694.0000
35412.0000 23348.0000 44356.0000
35139.0000 23361.0000 44304.0000
34801.0000 23413.0000 44018.0000
34580.0000 23556.0000 43875.0000
34320.0000 23751.0000 43602.0000
33969.0000 23855.0000 43589.0000
33670.0000 23998.0000 43407.0000
33397.0000 24050.0000 43420.0000
33124.0000 24245.0000 43277.0000
32903.0000 24336.0000 43199.0000
32591.0000 24518.0000 43134.0000
32292.0000 24687.0000 43056.0000
31980.0000 24778.0000 43095.0000
31759.0000 24830.0000 42991.0000
31395.0000 24986.0000 43030.0000
31057.0000 25012.0000 43069.0000
30836.0000 25116.0000 43056.0000
30589.0000 25103.0000 43056.0000
30394.0000 25116.0000 43069.0000
30056.0000 25038.0000 43147.0000
29822.0000 25077.0000 43095.0000
29536.0000 25064.0000 43082.0000
29302.0000 25090.0000 43095.0000
29042.0000 25025.0000 43121.0000
28795.0000 24986.0000 43121.0000
28522.0000 24934.0000 43082.0000
28340.0000 24960.0000 43056.0000
28106.0000 24778.0000 43017.0000
27833.0000 24752.0000 43004.0000
27560.0000 24687.0000 42991.0000
27378.0000 24687.0000 42926.0000
27131.0000 24635.0000 42887.0000
26988.0000 24479.0000 42874.0000
26715.0000 24375.0000 42926.0000
26572.0000 24297.0000 42900.0000
26364.0000 24297.0000 42887.0000
26221.0000 24245.0000 42848.0000
26026.0000 23920.0000 42913.0000
25870.0000 23920.0000 42939.0000
25662.0000 23751.0000 42887.0000
25506.0000 23829.0000 42822.0000
25324.0000 23803.0000 42796.0000
25259.0000 23634.0000 42796.0000
25025.0000 23478.0000 42900.0000
24973.0000 23413.0000 42913.0000
24778.0000 23452.0000 42822.0000
24700.0000 23517.0000 42744.0000
24570.0000 23491.0000 42692.0000
24505.0000 23283.0000 42705.0000
24297.0000 23218.0000 42692.0000
24219.0000 23244.0000 42627.0000
24063.0000 23335.0000 42549.0000
24050.0000 23439.0000 42523.0000
23907.0000 23335.0000 42575.0000
23881.0000 23296.0000 42588.0000
23686.0000 23270.0000 42549.0000
23660.0000 23257.0000 42549.0000
23543.0000 23348.0000 42510.0000
23582.0000 23335.0000 42497.0000
23426.0000 23270.0000 42510.0000
23361.0000 23309.0000 42497.0000
23270.0000 23296.0000 42471.0000
23231.0000 23348.0000 42523.0000
23231.0000 23413.0000 42471.0000
23127.0000 23413.0000 42445.0000
22893.0000 23465.0000 42458.0000
22906.0000 23478.0000 42406.0000
22763.0000 23439.0000 42406.0000
22724.0000 23452.0000 42380.0000
22607.0000 23491.0000 42328.0000
22581.0000 23491.0000 42328.0000
22360.0000 23491.0000 42302.0000
22373.0000 23543.0000 42328.0000
22256.0000 23426.0000 42224.0000
22191.0000 23569.0000 42211.0000
22035.0000 23582.0000 42120.0000
22009.0000 23595.0000 42133.0000
21866.0000 23517.0000 42107.0000
21866.0000 23582.0000 42107.0000
21684.0000 23686.0000 42016.0000
21697.0000 23738.0000 41990.0000
21606.0000 23790.0000 41912.0000
21554.0000 23777.0000 41873.0000
21398.0000 23790.0000 41834.0000
21385.0000 23842.0000 41769.0000
21229.0000 23946.0000 41652.0000
21255.0000 24076.0000 41600.0000
21138.0000 24076.0000 41535.0000
21112.0000 24115.0000 41574.0000
20982.0000 24180.0000 41457.0000
