-18811.0000 1235.0000 60372.0000
-18655.0000 1040.0000 60463.0000
-18356.0000 910.0000 60437.0000
-18148.0000 754.0000 60502.0000
-17888.0000 858.0000 60502.0000
-17680.0000 689.0000 60489.0000
-17459.0000 403.0000 60489.0000
-17238.0000 273.0000 60463.0000
-16978.0000 169.0000 60424.0000
-16796.0000 195.0000 60424.0000
-16523.0000 130.0000 60333.0000
-16302.0000 -91.0000 60385.0000
-16081.0000 -351.0000 60294.0000
-15782.0000 -403.0000 60268.0000
-15535.0000 -429.0000 60203.0000
-15327.0000 -416.0000 60099.0000
-15132.0000 -585.0000 60021.0000
-14872.0000 -871.0000 59943.0000
-14612.0000 -1105.0000 59787.0000
-14378.0000 -1079.0000 59696.0000
-14170.0000 -858.0000 59592.0000
-13936.0000 -858.0000 59488.0000
-13650.0000 -1001.0000 59397.0000
-13429.0000 -1417.0000 59319.0000
-13130.0000 -1430.0000 59215.0000
-12870.0000 -1352.0000 59111.0000
-12675.0000 -1040.0000 58981.0000
-12467.0000 -1144.0000 58890.0000
-12207.0000 -1339.0000 58773.0000
-11986.0000 -1456.0000 58682.0000
-11648.0000 -1339.0000 58539.0000
-11466.0000 -1092.0000 58487.0000
-11245.0000 -975.0000 58422.0000
-10972.0000 -988.0000 58357.0000
-10803.0000 -1131.0000 58344.0000
-10569.0000 -1079.0000 58253.0000
-10309.0000 -988.0000 58188.0000
-10166.0000 -585.0000 58149.0000
-9945.0000 -507.0000 58136.0000
-9789.0000 -572.0000 58136.0000
-9581.0000 -624.0000 58162.0000
-9347.0000 -325.0000 58279.0000
-9152.0000 -130.0000 58279.0000
-9035.0000 39.0000 58370.0000
-8892.0000 78.0000 58539.0000
-8710.0000 130.0000 58695.0000
-8515.0000 273.0000 58825.0000
-8424.0000 351.0000 58994.0000
-8307.0000 533.0000 59189.0000
-8177.0000 663.0000 59436.0000
-8034.0000 624.0000 59657.0000
-7878.0000 702.0000 59969.0000
-7761.0000 676.0000 60294.0000
-7644.0000 793.0000 60580.0000
-7501.0000 845.0000 60892.0000
-7423.0000 689.0000 61230.0000
-7319.0000 689.0000 61555.0000
-7189.0000 663.0000 61893.0000
-7098.0000 689.0000 62166.0000
-7046.0000 663.0000 62517.0000
-6968.0000 403.0000 62842.0000
-6838.0000 351.0000 63193.0000
-6747.0000 221.0000 63518.0000
-6669.0000 208.0000 63817.0000
-6552.0000 78.0000 64116.0000
-6461.0000 -338.0000 64402.0000
-6357.0000 -468.0000 64649.0000
-6266.0000 -728.0000 64896.0000
-6175.0000 -819.0000 65143.0000
-6019.0000 -1001.0000 65364.0000
-5902.0000 -1404.0000 65572.0000
-5785.0000 -1729.0000 65793.0000
-5642.0000 -2132.0000 65962.0000
-5525.0000 -2171.0000 66157.0000
-5343.0000 -2431.0000 66300.0000
-5213.0000 -2834.0000 66417.0000
-5135.0000 -3211.0000 66508.0000
-4979.0000 -3601.0000 66560.0000
-4914.0000 -3770.0000 66664.0000
-4745.0000 -4069.0000 66651.0000
-4589.0000 -4394.0000 66690.0000
-4433.0000 -4732.0000 66690.0000
-4303.0000 -5148.0000 66677.0000
-4173.0000 -5304.0000 66677.0000
-4017.0000 -5629.0000 66586.0000
-3809.0000 -5928.0000 66508.0000
-3666.0000 -6292.0000 66404.0000
-3523.0000 -6643.0000 66326.0000
-3406.0000 -6734.0000 66248.0000
-3224.0000 -6916.0000 66131.0000
-3055.0000 -7176.0000 66001.0000
-2847.0000 -7579.0000 65884.0000
-2613.0000 -7852.0000 65702.0000
-2548.0000 -7943.0000 65598.0000
-2431.0000 -7995.0000 65377.0000
-2236.0000 -8346.0000 65169.0000
-2080.0000 -8736.0000 64961.0000
-1872.0000 -8996.0000 64753.0000
-1729.0000 -8892.0000 64584.0000
-1560.0000 -8905.0000 64415.0000
