7189.0000 -42679.0000 70811.0000
6747.0000 -42692.0000 70343.0000
6357.0000 -42822.0000 69706.0000
5889.0000 -42991.0000 69056.0000
5382.0000 -43082.0000 68484.0000
4979.0000 -43238.0000 67886.0000
4563.0000 -43303.0000 67275.0000
4147.0000 -43342.0000 66807.0000
3744.0000 -43563.0000 66170.0000
3380.0000 -43732.0000 65624.0000
2886.0000 -43784.0000 65091.0000
2535.0000 -43875.0000 64506.0000
2106.0000 -43966.0000 63895.0000
1703.0000 -44239.0000 63232.0000
1326.0000 -44031.0000 62868.0000
962.0000 -44252.0000 62218.0000
546.0000 -44187.0000 61724.0000
169.0000 -44161.0000 61204.0000
-182.0000 -44161.0000 60671.0000
-546.0000 -44278.0000 59982.0000
-962.0000 -44161.0000 59488.0000
-1326.0000 -44135.0000 58890.0000
-1690.0000 -43992.0000 58448.0000
-1989.0000 -43914.0000 57876.0000
-2314.0000 -43706.0000 57447.0000
-2613.0000 -43706.0000 56836.0000
-2977.0000 -43472.0000 56446.0000
-3224.0000 -43329.0000 55887.0000
-3562.0000 -42965.0000 55588.0000
-3822.0000 -42848.0000 55120.0000
-4082.0000 -42471.0000 54886.0000
-4238.0000 -42237.0000 54444.0000
-4485.0000 -41834.0000 54327.0000
-4641.0000 -41704.0000 53911.0000
-4875.0000 -41249.0000 53768.0000
-4992.0000 -41041.0000 53469.0000
-5200.0000 -40742.0000 53300.0000
-5343.0000 -40482.0000 53105.0000
-5486.0000 -40183.0000 53014.0000
-5616.0000 -39858.0000 52884.0000
-5681.0000 -39663.0000 52832.0000
-5837.0000 -39598.0000 52624.0000
-5954.0000 -39429.0000 52559.0000
-6084.0000 -39234.0000 52442.0000
-6175.0000 -39117.0000 52403.0000
-6292.0000 -38948.0000 52351.0000
-6383.0000 -38844.0000 52312.0000
-6487.0000 -38675.0000 52325.0000
-6500.0000 -38727.0000 52234.0000
-6565.0000 -38675.0000 52104.0000
-6669.0000 -38805.0000 52026.0000
-6708.0000 -38636.0000 52130.0000
-6669.0000 -38688.0000 51922.0000
-6747.0000 -38766.0000 51805.0000
-6682.0000 -39013.0000 51584.0000
-6617.0000 -39039.0000 51506.0000
-6682.0000 -39130.0000 51363.0000
-6682.0000 -39130.0000 51259.0000
-6578.0000 -39507.0000 50895.0000
-6409.0000 -39715.0000 50635.0000
-6370.0000 -39663.0000 50583.0000
-6279.0000 -39754.0000 50375.0000
-6162.0000 -40092.0000 49959.0000
-5980.0000 -40339.0000 49686.0000
-5889.0000 -40339.0000 49491.0000
-5720.0000 -40534.0000 49166.0000
-5603.0000 -40742.0000 48737.0000
-5460.0000 -40976.0000 48347.0000
-5252.0000 -41041.0000 48074.0000
-5096.0000 -41327.0000 47541.0000
-4940.0000 -41392.0000 47177.0000
-4706.0000 -41587.0000 46696.0000
-4576.0000 -41769.0000 46241.0000
-4394.0000 -41964.0000 45682.0000
-4212.0000 -42146.0000 45136.0000
-4056.0000 -42341.0000 44512.0000
-3900.0000 -42289.0000 44135.0000
-3666.0000 -42497.0000 43407.0000
-3536.0000 -42575.0000 42848.0000
-3393.0000 -42575.0000 42224.0000
-3211.0000 -42484.0000 41639.0000
-3055.0000 -42549.0000 40794.0000
-2912.0000 -42367.0000 40196.0000
-2795.0000 -42159.0000 39494.0000
-2665.0000 -41873.0000 38883.0000
-2496.0000 -41639.0000 38077.0000
-2366.0000 -41119.0000 37583.0000
-2288.0000 -40807.0000 36959.0000
-2210.0000 -40066.0000 36569.0000
-2106.0000 -39650.0000 36036.0000
-2093.0000 -38870.0000 35763.0000
-2041.0000 -38298.0000 35542.0000
-1950.0000 -37518.0000 35412.0000
-1846.0000 -37011.0000 35334.0000
-1807.0000 -36426.0000 35230.0000
-1755.0000 -35763.0000 35308.0000
-1703.0000 -35321.0000 35204.0000
-1625.0000 -34775.0000 35386.0000
-1534.0000 -34450.0000 35334.0000
-1430.0000 -33891.0000 35594.0000
