31473.0000 38415.0000 27209.0000
31369.0000 38480.0000 27118.0000
31278.0000 38558.0000 27079.0000
31174.0000 38610.0000 27027.0000
31083.0000 38597.0000 27014.0000
31018.0000 38675.0000 26988.0000
30927.0000 38818.0000 26949.0000
30875.0000 38870.0000 26871.0000
30745.0000 38922.0000 26832.0000
30654.0000 39013.0000 26793.0000
30550.0000 39065.0000 26767.0000
30498.0000 39182.0000 26650.0000
30381.0000 39286.0000 26624.0000
30264.0000 39312.0000 26663.0000
30147.0000 39364.0000 26663.0000
30069.0000 39442.0000 26650.0000
30004.0000 39507.0000 26598.0000
29900.0000 39546.0000 26624.0000
29822.0000 39585.0000 26637.0000
29705.0000 39663.0000 26611.0000
29692.0000 39702.0000 26533.0000
29627.0000 39793.0000 26494.0000
29484.0000 39806.0000 26533.0000
29393.0000 39897.0000 26533.0000
29328.0000 39897.0000 26533.0000
29302.0000 39975.0000 26494.0000
29172.0000 40001.0000 26520.0000
29159.0000 40027.0000 26559.0000
29068.0000 40053.0000 26546.0000
29016.0000 40118.0000 26481.0000
28912.0000 40183.0000 26481.0000
28834.0000 40157.0000 26598.0000
28782.0000 40157.0000 26624.0000
28782.0000 40170.0000 26624.0000
28756.0000 40131.0000 26650.0000
28756.0000 40144.0000 26728.0000
28691.0000 40118.0000 26754.0000
28704.0000 40066.0000 26793.0000
28691.0000 40092.0000 26689.0000
28665.0000 40131.0000 26741.0000
28626.0000 40118.0000 26793.0000
28652.0000 40001.0000 26936.0000
28743.0000 39988.0000 26871.0000
28704.0000 40001.0000 26910.0000
28717.0000 39949.0000 26988.0000
28756.0000 39871.0000 27053.0000
28730.0000 39806.0000 27066.0000
28795.0000 39832.0000 27066.0000
28756.0000 39767.0000 27118.0000
28795.0000 39650.0000 27196.0000
28782.0000 39533.0000 27248.0000
28886.0000 39468.0000 27300.0000
28886.0000 39429.0000 27300.0000
29016.0000 39273.0000 27417.0000
29055.0000 39130.0000 27430.0000
29068.0000 39039.0000 27391.0000
29107.0000 39000.0000 27404.0000
29146.0000 38857.0000 27430.0000
29159.0000 38701.0000 27534.0000
29198.0000 38558.0000 27534.0000
29224.0000 38441.0000 27508.0000
29289.0000 38298.0000 27508.0000
29315.0000 38090.0000 27547.0000
29380.0000 37908.0000 27599.0000
29367.0000 37765.0000 27534.0000
29432.0000 37596.0000 27482.0000
29419.0000 37388.0000 27430.0000
29458.0000 37141.0000 27495.0000
29445.0000 36894.0000 27417.0000
29497.0000 36647.0000 27352.0000
29562.0000 36387.0000 27274.0000
29588.0000 36075.0000 27183.0000
29588.0000 35750.0000 27118.0000
29679.0000 35451.0000 26949.0000
29705.0000 35100.0000 26767.0000
29731.0000 34762.0000 26624.0000
29731.0000 34333.0000 26494.0000
29796.0000 33878.0000 26260.0000
29809.0000 33410.0000 26000.0000
29913.0000 32890.0000 25779.0000
29900.0000 32383.0000 25467.0000
30030.0000 31759.0000 25142.0000
30134.0000 31070.0000 24648.0000
30303.0000 30407.0000 24206.0000
30433.0000 29679.0000 23712.0000
30602.0000 28873.0000 23114.0000
30823.0000 28015.0000 22451.0000
31083.0000 27144.0000 21710.0000
31382.0000 26234.0000 20917.0000
31772.0000 25259.0000 19981.0000
32201.0000 24180.0000 18915.0000
32786.0000 23114.0000 17810.0000
33384.0000 22061.0000 16432.0000
33982.0000 20969.0000 15015.0000
34658.0000 19942.0000 13494.0000
35490.0000 18980.0000 11830.0000
36387.0000 17979.0000 10010.0000
37492.0000 17043.0000 7969.0000
38688.0000 16159.0000 5785.0000
40027.0000 15509.0000 3471.0000
