-11349.0000 3705.0000 36608.0000
-11336.0000 3497.0000 36816.0000
-11336.0000 3770.0000 36725.0000
-11206.0000 3471.0000 37037.0000
-11141.0000 3666.0000 37037.0000
-11089.0000 3406.0000 37167.0000
-11141.0000 3627.0000 37154.0000
-11037.0000 3328.0000 37310.0000
-11076.0000 3445.0000 37297.0000
-11076.0000 3146.0000 37388.0000
-11063.0000 3354.0000 37427.0000
-10998.0000 3250.0000 37544.0000
-10998.0000 3367.0000 37661.0000
-10972.0000 3094.0000 37674.0000
-10985.0000 3302.0000 37791.0000
-10946.0000 3185.0000 37765.0000
-10959.0000 3159.0000 38012.0000
-10894.0000 2886.0000 37843.0000
-10894.0000 3003.0000 38168.0000
-10881.0000 2990.0000 37973.0000
-10868.0000 2990.0000 38311.0000
-10842.0000 2964.0000 38038.0000
-10790.0000 2925.0000 38428.0000
-10790.0000 2977.0000 38077.0000
-10764.0000 2912.0000 38571.0000
-10777.0000 2938.0000 38220.0000
-10699.0000 2782.0000 38714.0000
-10725.0000 2990.0000 38298.0000
-10725.0000 2873.0000 38844.0000
-10738.0000 2990.0000 38402.0000
-10660.0000 2756.0000 38961.0000
-10647.0000 2990.0000 38545.0000
-10608.0000 2821.0000 39078.0000
-10686.0000 3016.0000 38649.0000
-10673.0000 2769.0000 39182.0000
-10634.0000 2977.0000 38766.0000
-10530.0000 2782.0000 39299.0000
-10465.0000 3003.0000 38922.0000
-10504.0000 2769.0000 39351.0000
-10491.0000 2977.0000 38987.0000
-10491.0000 2756.0000 39416.0000
-10478.0000 3068.0000 39130.0000
-10465.0000 2834.0000 39546.0000
-10348.0000 2938.0000 39299.0000
-10413.0000 2743.0000 39611.0000
-10361.0000 3068.0000 39390.0000
-10452.0000 2808.0000 39715.0000
-10361.0000 2977.0000 39520.0000
-10452.0000 2717.0000 39806.0000
-10400.0000 2899.0000 39676.0000
-10491.0000 2717.0000 39871.0000
-10413.0000 2834.0000 39767.0000
-10465.0000 2600.0000 39949.0000
-10387.0000 2756.0000 39845.0000
-10517.0000 2626.0000 39975.0000
-10426.0000 2782.0000 39962.0000
-10543.0000 2600.0000 40040.0000
-10426.0000 2782.0000 40040.0000
-10543.0000 2691.0000 40144.0000
-10517.0000 2808.0000 40118.0000
-10660.0000 2652.0000 40209.0000
-10569.0000 2704.0000 40209.0000
-10673.0000 2626.0000 40248.0000
-10595.0000 2756.0000 40287.0000
-10725.0000 2613.0000 40313.0000
-10673.0000 2743.0000 40378.0000
-10777.0000 2613.0000 40391.0000
-10751.0000 2743.0000 40443.0000
-10881.0000 2587.0000 40469.0000
-10816.0000 2652.0000 40482.0000
-10868.0000 2600.0000 40482.0000
-10790.0000 2652.0000 40547.0000
-10920.0000 2561.0000 40534.0000
-10894.0000 2717.0000 40586.0000
-10985.0000 2639.0000 40599.0000
-10868.0000 2717.0000 40664.0000
-11011.0000 2626.0000 40690.0000
-11037.0000 2652.0000 40768.0000
-11141.0000 2587.0000 40742.0000
-11011.0000 2639.0000 40794.0000
-11128.0000 2587.0000 40807.0000
-11089.0000 2652.0000 40924.0000
-11089.0000 2600.0000 40872.0000
-11063.0000 2613.0000 40950.0000
-11232.0000 2561.0000 40963.0000
-11206.0000 2574.0000 40976.0000
-11271.0000 2509.0000 40937.0000
-11219.0000 2587.0000 41015.0000
-11336.0000 2600.0000 41041.0000
-11310.0000 2626.0000 41106.0000
-11414.0000 2626.0000 41093.0000
-11336.0000 2652.0000 41210.0000
-11414.0000 2613.0000 41249.0000
-11414.0000 2600.0000 41288.0000
-11531.0000 2561.0000 41327.0000
-11427.0000 2639.0000 41392.0000
-11518.0000 2613.0000 41431.0000
-11531.0000 2613.0000 41470.0000
-11635.0000 2613.0000 41496.0000
-11544.0000 2626.0000 41574.0000
