-10504.0000 -19786.0000 33930.0000
-10296.0000 -19643.0000 34021.0000
-10062.0000 -19474.0000 33995.0000
-9932.0000 -19305.0000 34008.0000
-9737.0000 -19214.0000 34047.0000
-9477.0000 -19071.0000 34060.0000
-9217.0000 -19019.0000 34060.0000
-8996.0000 -18798.0000 34047.0000
-8723.0000 -18616.0000 34125.0000
-8502.0000 -18499.0000 34125.0000
-8216.0000 -18343.0000 34125.0000
-7995.0000 -18070.0000 34203.0000
-7592.0000 -17901.0000 34242.0000
-7254.0000 -17719.0000 34229.0000
-6929.0000 -17329.0000 34281.0000
-6539.0000 -17030.0000 34333.0000
-6123.0000 -16627.0000 34424.0000
-5616.0000 -16302.0000 34515.0000
-5148.0000 -15691.0000 34775.0000
-4511.0000 -15158.0000 34944.0000
-3835.0000 -14482.0000 35204.0000
-3029.0000 -13767.0000 35529.0000
-2288.0000 -12623.0000 36101.0000
-1300.0000 -11388.0000 36790.0000
-247.0000 -10088.0000 37661.0000
923.0000 -8502.0000 38792.0000
2262.0000 -6513.0000 40365.0000
3679.0000 -4134.0000 42406.0000
5213.0000 -1703.0000 45045.0000
6656.0000 1222.0000 48464.0000
8216.0000 4277.0000 52884.0000
9568.0000 7371.0000 58240.0000
10829.0000 9776.0000 64636.0000
11739.0000 11726.0000 71890.0000
12714.0000 12090.0000 79703.0000
13390.0000 10322.0000 86918.0000
13988.0000 6006.0000 92846.0000
14456.0000 169.0000 96928.0000
15314.0000 -7007.0000 98280.0000
16068.0000 -14521.0000 96265.0000
16783.0000 -21190.0000 91416.0000
16926.0000 -26312.0000 84513.0000
16809.0000 -29276.0000 76960.0000
15951.0000 -30537.0000 69459.0000
14625.0000 -30459.0000 62777.0000
12935.0000 -29601.0000 56784.0000
11063.0000 -28301.0000 51753.0000
9282.0000 -26871.0000 47788.0000
7462.0000 -25285.0000 44772.0000
6006.0000 -24011.0000 42432.0000
4563.0000 -22711.0000 40664.0000
3367.0000 -21567.0000 39507.0000
2366.0000 -20605.0000 38454.0000
1521.0000 -19682.0000 37765.0000
806.0000 -18980.0000 37310.0000
273.0000 -18382.0000 36946.0000
-104.0000 -17784.0000 36816.0000
-481.0000 -17264.0000 36751.0000
-689.0000 -16991.0000 36764.0000
-1001.0000 -16601.0000 36829.0000
-1079.0000 -16354.0000 36946.0000
-1170.0000 -16159.0000 37102.0000
-1209.0000 -15951.0000 37284.0000
-1222.0000 -15886.0000 37466.0000
-1274.0000 -15782.0000 37648.0000
-1313.0000 -15925.0000 37778.0000
-1326.0000 -15964.0000 37999.0000
-1352.0000 -16068.0000 38077.0000
-1339.0000 -16185.0000 38194.0000
-1352.0000 -16445.0000 38181.0000
-1495.0000 -16588.0000 38220.0000
-1521.0000 -16835.0000 38129.0000
-1612.0000 -17030.0000 37999.0000
-1651.0000 -17199.0000 37856.0000
-1794.0000 -17316.0000 37713.0000
-1885.0000 -17498.0000 37388.0000
-1976.0000 -17745.0000 37076.0000
-2158.0000 -17823.0000 36764.0000
-2379.0000 -17810.0000 36504.0000
-2600.0000 -17771.0000 36127.0000
-2730.0000 -17875.0000 35815.0000
-2938.0000 -17797.0000 35464.0000
-3042.0000 -17680.0000 35217.0000
-3289.0000 -17602.0000 34879.0000
-3471.0000 -17433.0000 34632.0000
-3679.0000 -17225.0000 34411.0000
-3887.0000 -17017.0000 34268.0000
-4043.0000 -16887.0000 34086.0000
-4212.0000 -16679.0000 33956.0000
-4394.0000 -16484.0000 33865.0000
-4563.0000 -16276.0000 33774.0000
-4667.0000 -16159.0000 33657.0000
-4888.0000 -16042.0000 33592.0000
-5083.0000 -15821.0000 33592.0000
-5265.0000 -15717.0000 33540.0000
-5447.0000 -15613.0000 33540.0000
-5603.0000 -15470.0000 33514.0000
-5746.0000 -15392.0000 33514.0000
-5941.0000 -15314.0000 33501.0000
-6097.0000 -15314.0000 33488.0000
