-897.0000 -5460.0000 35893.0000
-871.0000 -5447.0000 35919.0000
-806.0000 -5486.0000 35854.0000
-806.0000 -5421.0000 35880.0000
-819.0000 -5447.0000 35841.0000
-832.0000 -5460.0000 35815.0000
-754.0000 -5447.0000 35763.0000
-754.0000 -5512.0000 35802.0000
-689.0000 -5434.0000 35763.0000
-741.0000 -5434.0000 35737.0000
-715.0000 -5421.0000 35750.0000
-728.0000 -5408.0000 35711.0000
-624.0000 -5434.0000 35737.0000
-650.0000 -5408.0000 35685.0000
-624.0000 -5408.0000 35685.0000
-650.0000 -5434.0000 35685.0000
-572.0000 -5499.0000 35633.0000
-533.0000 -5551.0000 35659.0000
-520.0000 -5577.0000 35646.0000
-546.0000 -5538.0000 35633.0000
-546.0000 -5512.0000 35620.0000
-559.0000 -5525.0000 35620.0000
-416.0000 -5512.0000 35633.0000
-455.0000 -5525.0000 35607.0000
-429.0000 -5564.0000 35594.0000
-429.0000 -5590.0000 35581.0000
-364.0000 -5642.0000 35542.0000
-364.0000 -5733.0000 35555.0000
-286.0000 -5720.0000 35529.0000
-364.0000 -5759.0000 35503.0000
-299.0000 -5785.0000 35490.0000
-273.0000 -5785.0000 35529.0000
-208.0000 -5850.0000 35542.0000
-221.0000 -5915.0000 35503.0000
-247.0000 -5850.0000 35490.0000
-273.0000 -5889.0000 35542.0000
-169.0000 -5941.0000 35490.0000
-156.0000 -5967.0000 35542.0000
-117.0000 -5954.0000 35529.0000
-195.0000 -6006.0000 35542.0000
-104.0000 -5980.0000 35542.0000
-104.0000 -6032.0000 35594.0000
-39.0000 -6045.0000 35620.0000
-143.0000 -5967.0000 35607.0000
-78.0000 -5967.0000 35607.0000
-91.0000 -6019.0000 35672.0000
39.0000 -6071.0000 35633.0000
0.0000 -6110.0000 35633.0000
13.0000 -6058.0000 35646.0000
-13.0000 -6110.0000 35672.0000
104.0000 -6110.0000 35711.0000
91.0000 -6162.0000 35776.0000
182.0000 -6175.0000 35737.0000
143.0000 -6110.0000 35763.0000
208.0000 -6149.0000 35763.0000
221.0000 -6188.0000 35828.0000
299.0000 -6123.0000 35776.0000
234.0000 -6058.0000 35854.0000
312.0000 -6071.0000 35815.0000
338.0000 -6071.0000 35893.0000
481.0000 -6071.0000 35828.0000
390.0000 -6123.0000 35867.0000
442.0000 -6071.0000 35828.0000
455.0000 -6045.0000 35880.0000
572.0000 -6071.0000 35867.0000
559.0000 -6097.0000 35880.0000
598.0000 -6058.0000 35802.0000
611.0000 -5954.0000 35880.0000
715.0000 -6045.0000 35867.0000
741.0000 -6032.0000 35893.0000
832.0000 -5993.0000 35867.0000
793.0000 -5928.0000 35919.0000
871.0000 -5902.0000 35880.0000
962.0000 -5824.0000 35932.0000
1079.0000 -5798.0000 35880.0000
1066.0000 -5746.0000 35893.0000
1131.0000 -5733.0000 35854.0000
1157.0000 -5603.0000 35867.0000
1313.0000 -5629.0000 35815.0000
1300.0000 -5616.0000 35802.0000
1352.0000 -5564.0000 35763.0000
1352.0000 -5499.0000 35776.0000
1482.0000 -5525.0000 35802.0000
1547.0000 -5460.0000 35776.0000
1612.0000 -5421.0000 35685.0000
1586.0000 -5356.0000 35763.0000
1664.0000 -5317.0000 35685.0000
1677.0000 -5291.0000 35711.0000
1768.0000 -5252.0000 35633.0000
1755.0000 -5226.0000 35685.0000
1820.0000 -5161.0000 35594.0000
1820.0000 -5148.0000 35659.0000
1989.0000 -5070.0000 35594.0000
1963.0000 -5096.0000 35555.0000
2041.0000 -5083.0000 35477.0000
2015.0000 -5031.0000 35503.0000
2171.0000 -4992.0000 35399.0000
2171.0000 -5005.0000 35425.0000
2288.0000 -5031.0000 35347.0000
2275.0000 -4966.0000 35360.0000
