-2275.0000 13013.0000 34788.0000
-2262.0000 13195.0000 34814.0000
-2184.0000 13208.0000 34918.0000
-2158.0000 13416.0000 34892.0000
-2158.0000 13429.0000 34866.0000
-2132.0000 13611.0000 34892.0000
-2080.0000 13650.0000 34931.0000
-2028.0000 13858.0000 35009.0000
-1989.0000 13871.0000 35074.0000
-1963.0000 14040.0000 35074.0000
-1898.0000 14105.0000 35100.0000
-1859.0000 14248.0000 35139.0000
-1768.0000 14313.0000 35191.0000
-1742.0000 14443.0000 35256.0000
-1664.0000 14482.0000 35308.0000
-1638.0000 14586.0000 35360.0000
-1534.0000 14664.0000 35399.0000
-1469.0000 14807.0000 35451.0000
-1404.0000 14872.0000 35451.0000
-1391.0000 14989.0000 35529.0000
-1313.0000 14976.0000 35633.0000
-1274.0000 15132.0000 35659.0000
-1196.0000 15184.0000 35698.0000
-1131.0000 15327.0000 35763.0000
-1066.0000 15366.0000 35802.0000
-1027.0000 15535.0000 35867.0000
-936.0000 15509.0000 35945.0000
-897.0000 15626.0000 36036.0000
-819.0000 15626.0000 36088.0000
-728.0000 15769.0000 36166.0000
-676.0000 15808.0000 36205.0000
-624.0000 15964.0000 36296.0000
-572.0000 15977.0000 36387.0000
-468.0000 16068.0000 36491.0000
-416.0000 16068.0000 36556.0000
-338.0000 16263.0000 36621.0000
-260.0000 16302.0000 36699.0000
-182.0000 16484.0000 36829.0000
-104.0000 16419.0000 36920.0000
-13.0000 16471.0000 37011.0000
52.0000 16497.0000 37089.0000
143.0000 16614.0000 37167.0000
260.0000 16692.0000 37245.0000
325.0000 16757.0000 37375.0000
390.0000 16718.0000 37466.0000
507.0000 16757.0000 37570.0000
598.0000 16796.0000 37609.0000
741.0000 16926.0000 37739.0000
806.0000 16926.0000 37817.0000
910.0000 16991.0000 37934.0000
1014.0000 17004.0000 38038.0000
1105.0000 17121.0000 38116.0000
1209.0000 17082.0000 38233.0000
1339.0000 17173.0000 38272.0000
1404.0000 17225.0000 38376.0000
1469.0000 17264.0000 38454.0000
1547.0000 17238.0000 38519.0000
1625.0000 17303.0000 38623.0000
1690.0000 17316.0000 38701.0000
1742.0000 17316.0000 38792.0000
1846.0000 17368.0000 38844.0000
1911.0000 17381.0000 38948.0000
1911.0000 17303.0000 39000.0000
1976.0000 17355.0000 39091.0000
2041.0000 17238.0000 39182.0000
2067.0000 17264.0000 39260.0000
2158.0000 17225.0000 39312.0000
2184.0000 17212.0000 39390.0000
2262.0000 17212.0000 39442.0000
2288.0000 17212.0000 39533.0000
2314.0000 17160.0000 39585.0000
2353.0000 17199.0000 39663.0000
2379.0000 17082.0000 39702.0000
2392.0000 17108.0000 39754.0000
2418.0000 17043.0000 39819.0000
2470.0000 17043.0000 39884.0000
2522.0000 17043.0000 39923.0000
2600.0000 17017.0000 40001.0000
2626.0000 16978.0000 40053.0000
2665.0000 16991.0000 40157.0000
2717.0000 16861.0000 40196.0000
2756.0000 16887.0000 40287.0000
2808.0000 16835.0000 40300.0000
2860.0000 16861.0000 40378.0000
2899.0000 16900.0000 40443.0000
2977.0000 16848.0000 40495.0000
3042.0000 16861.0000 40586.0000
3055.0000 16809.0000 40651.0000
3120.0000 16783.0000 40690.0000
3159.0000 16848.0000 40755.0000
3159.0000 16757.0000 40807.0000
3224.0000 16809.0000 40872.0000
3250.0000 16718.0000 40924.0000
3302.0000 16705.0000 41002.0000
3354.0000 16653.0000 41041.0000
3367.0000 16614.0000 41119.0000
3432.0000 16601.0000 41158.0000
3471.0000 16471.0000 41249.0000
3549.0000 16510.0000 41262.0000
3588.0000 16432.0000 41353.0000
