-17706.0000 13299.0000 36972.0000
-17498.0000 13832.0000 37076.0000
-17277.0000 14300.0000 37193.0000
-17043.0000 14807.0000 37284.0000
-16796.0000 15262.0000 37414.0000
-16536.0000 15782.0000 37518.0000
-16276.0000 16198.0000 37609.0000
-16003.0000 16705.0000 37765.0000
-15743.0000 17134.0000 37895.0000
-15431.0000 17550.0000 38038.0000
-15119.0000 17901.0000 38181.0000
-14794.0000 18395.0000 38324.0000
-14469.0000 18811.0000 38402.0000
-14118.0000 19188.0000 38519.0000
-13806.0000 19552.0000 38662.0000
-13468.0000 19916.0000 38792.0000
-13130.0000 20254.0000 38935.0000
-12740.0000 20605.0000 39039.0000
-12350.0000 20982.0000 39182.0000
-11999.0000 21294.0000 39351.0000
-11596.0000 21593.0000 39429.0000
-11310.0000 21866.0000 39520.0000
-10933.0000 22152.0000 39637.0000
-10608.0000 22451.0000 39754.0000
-10205.0000 22698.0000 39871.0000
-9789.0000 22906.0000 39975.0000
-9412.0000 23114.0000 40118.0000
-9009.0000 23387.0000 40157.0000
-8619.0000 23621.0000 40261.0000
-8229.0000 23855.0000 40300.0000
-7839.0000 24024.0000 40443.0000
-7475.0000 24206.0000 40495.0000
-7098.0000 24362.0000 40560.0000
-6708.0000 24518.0000 40573.0000
-6305.0000 24661.0000 40664.0000
-5928.0000 24752.0000 40677.0000
-5551.0000 24882.0000 40690.0000
-5174.0000 25012.0000 40716.0000
-4875.0000 25025.0000 40768.0000
-4550.0000 25103.0000 40755.0000
-4199.0000 25142.0000 40755.0000
-3848.0000 25233.0000 40742.0000
-3510.0000 25220.0000 40768.0000
-3185.0000 25272.0000 40755.0000
-2847.0000 25363.0000 40729.0000
-2561.0000 25402.0000 40651.0000
-2288.0000 25389.0000 40651.0000
-2015.0000 25428.0000 40599.0000
-1755.0000 25428.0000 40573.0000
-1482.0000 25415.0000 40508.0000
-1222.0000 25428.0000 40508.0000
-962.0000 25428.0000 40430.0000
-767.0000 25376.0000 40378.0000
-520.0000 25363.0000 40313.0000
-273.0000 25337.0000 40222.0000
-52.0000 25324.0000 40157.0000
169.0000 25246.0000 40053.0000
416.0000 25246.0000 39962.0000
585.0000 25181.0000 39910.0000
793.0000 25155.0000 39754.0000
936.0000 25077.0000 39702.0000
1105.0000 24960.0000 39611.0000
1274.0000 24921.0000 39481.0000
1482.0000 24895.0000 39325.0000
1651.0000 24856.0000 39260.0000
1807.0000 24869.0000 39104.0000
1924.0000 24713.0000 39000.0000
2054.0000 24661.0000 38831.0000
2158.0000 24622.0000 38714.0000
2262.0000 24596.0000 38571.0000
2353.0000 24622.0000 38376.0000
2314.0000 24505.0000 38233.0000
2353.0000 24336.0000 38194.0000
2561.0000 24206.0000 37999.0000
2626.0000 24375.0000 37791.0000
2665.0000 24401.0000 37531.0000
2665.0000 24284.0000 37375.0000
2665.0000 24193.0000 37193.0000
2704.0000 24089.0000 37011.0000
2717.0000 24076.0000 36803.0000
2678.0000 24154.0000 36582.0000
2665.0000 24076.0000 36361.0000
2626.0000 23985.0000 36166.0000
2574.0000 23868.0000 35945.0000
2522.0000 23829.0000 35763.0000
2509.0000 23881.0000 35490.0000
2431.0000 23907.0000 35256.0000
2340.0000 23777.0000 35087.0000
2210.0000 23738.0000 34879.0000
2158.0000 23751.0000 34619.0000
2119.0000 23816.0000 34398.0000
2002.0000 23868.0000 34112.0000
1898.0000 23855.0000 33930.0000
1755.0000 23842.0000 33722.0000
1625.0000 23829.0000 33553.0000
1508.0000 23842.0000 33319.0000
1417.0000 23907.0000 33098.0000
1313.0000 24011.0000 32864.0000
1157.0000 24102.0000 32656.0000
1040.0000 24102.0000 32435.0000
