9295.0000 4706.0000 44382.0000
9347.0000 4693.0000 44434.0000
9282.0000 4667.0000 44460.0000
9334.0000 4654.0000 44486.0000
9243.0000 4719.0000 44486.0000
9334.0000 4654.0000 44486.0000
9243.0000 4680.0000 44512.0000
9321.0000 4654.0000 44512.0000
9217.0000 4693.0000 44538.0000
9295.0000 4628.0000 44512.0000
9230.0000 4654.0000 44577.0000
9295.0000 4602.0000 44525.0000
9204.0000 4615.0000 44577.0000
9269.0000 4602.0000 44564.0000
9191.0000 4628.0000 44590.0000
9256.0000 4589.0000 44616.0000
9191.0000 4615.0000 44616.0000
9243.0000 4628.0000 44629.0000
9165.0000 4602.0000 44655.0000
9217.0000 4615.0000 44642.0000
9100.0000 4576.0000 44694.0000
9178.0000 4550.0000 44655.0000
9100.0000 4576.0000 44785.0000
9204.0000 4550.0000 44694.0000
9087.0000 4563.0000 44733.0000
9165.0000 4563.0000 44720.0000
9087.0000 4602.0000 44759.0000
9178.0000 4576.0000 44759.0000
9087.0000 4576.0000 44772.0000
9139.0000 4524.0000 44798.0000
9061.0000 4485.0000 44772.0000
9139.0000 4485.0000 44772.0000
9048.0000 4511.0000 44785.0000
9178.0000 4459.0000 44785.0000
9100.0000 4485.0000 44811.0000
9204.0000 4472.0000 44811.0000
9113.0000 4433.0000 44824.0000
9152.0000 4420.0000 44798.0000
9100.0000 4407.0000 44850.0000
9152.0000 4368.0000 44824.0000
9074.0000 4329.0000 44850.0000
9139.0000 4368.0000 44863.0000
9087.0000 4368.0000 44889.0000
9113.0000 4368.0000 44889.0000
9061.0000 4355.0000 44928.0000
9087.0000 4277.0000 44928.0000
9009.0000 4251.0000 44889.0000
9061.0000 4238.0000 44928.0000
8996.0000 4251.0000 44941.0000
9074.0000 4225.0000 44967.0000
8983.0000 4264.0000 44993.0000
9048.0000 4225.0000 44967.0000
8996.0000 4212.0000 45019.0000
9022.0000 4199.0000 45019.0000
8996.0000 4212.0000 45032.0000
9035.0000 4212.0000 45019.0000
9009.0000 4212.0000 45071.0000
9048.0000 4173.0000 45045.0000
9009.0000 4147.0000 45084.0000
9061.0000 4082.0000 45084.0000
8996.0000 4108.0000 45084.0000
9048.0000 4082.0000 45097.0000
9009.0000 4095.0000 45097.0000
9022.0000 4069.0000 45123.0000
9009.0000 4056.0000 45136.0000
9035.0000 4004.0000 45149.0000
8970.0000 4017.0000 45201.0000
9009.0000 4030.0000 45175.0000
8944.0000 4017.0000 45201.0000
8970.0000 3991.0000 45201.0000
8931.0000 3939.0000 45201.0000
8957.0000 3939.0000 45240.0000
8931.0000 3939.0000 45292.0000
9009.0000 3952.0000 45240.0000
8918.0000 3952.0000 45279.0000
8983.0000 3887.0000 45266.0000
8918.0000 3861.0000 45318.0000
8957.0000 3848.0000 45292.0000
8931.0000 3835.0000 45305.0000
8970.0000 3835.0000 45279.0000
8892.0000 3783.0000 45318.0000
8970.0000 3731.0000 45318.0000
8905.0000 3718.0000 45344.0000
8944.0000 3718.0000 45344.0000
8905.0000 3744.0000 45357.0000
8931.0000 3705.0000 45370.0000
8866.0000 3653.0000 45383.0000
8918.0000 3614.0000 45396.0000
8879.0000 3627.0000 45435.0000
8931.0000 3614.0000 45396.0000
8879.0000 3614.0000 45435.0000
8905.0000 3536.0000 45422.0000
8879.0000 3523.0000 45448.0000
8905.0000 3549.0000 45448.0000
8892.0000 3523.0000 45461.0000
8918.0000 3484.0000 45487.0000
8853.0000 3484.0000 45513.0000
8905.0000 3419.0000 45539.0000
8892.0000 3471.0000 45552.0000
8918.0000 3432.0000 45539.0000
