-4940.0000 -39767.0000 50843.0000
-4836.0000 -39832.0000 50570.0000
-4784.0000 -39832.0000 50440.0000
-4771.0000 -40001.0000 50206.0000
-4719.0000 -40144.0000 49998.0000
-4576.0000 -40261.0000 49660.0000
-4498.0000 -40469.0000 49426.0000
-4264.0000 -40612.0000 49101.0000
-4225.0000 -40755.0000 48724.0000
-4173.0000 -40703.0000 48503.0000
-4069.0000 -40924.0000 48087.0000
-3783.0000 -41054.0000 47710.0000
-3653.0000 -41340.0000 47255.0000
-3484.0000 -41301.0000 46956.0000
-3393.0000 -41392.0000 46579.0000
-3146.0000 -41444.0000 46124.0000
-2977.0000 -41535.0000 45695.0000
-2756.0000 -41652.0000 45214.0000
-2678.0000 -41652.0000 44850.0000
-2496.0000 -41652.0000 44356.0000
-2301.0000 -41665.0000 43875.0000
-2067.0000 -41743.0000 43212.0000
-1950.0000 -41782.0000 42640.0000
-1651.0000 -41730.0000 42042.0000
-1547.0000 -41626.0000 41496.0000
-1352.0000 -41470.0000 40898.0000
-1209.0000 -41366.0000 40352.0000
-1040.0000 -41184.0000 39702.0000
-936.0000 -41145.0000 39091.0000
-728.0000 -40703.0000 38610.0000
-637.0000 -40430.0000 38155.0000
-546.0000 -39975.0000 37635.0000
-533.0000 -39663.0000 37154.0000
-429.0000 -39013.0000 36907.0000
-468.0000 -38688.0000 36517.0000
-364.0000 -38064.0000 36192.0000
-403.0000 -37609.0000 35971.0000
-377.0000 -36959.0000 35841.0000
-429.0000 -36556.0000 35711.0000
-442.0000 -35945.0000 35659.0000
-494.0000 -35555.0000 35568.0000
-520.0000 -35048.0000 35555.0000
-598.0000 -34697.0000 35555.0000
-598.0000 -34190.0000 35542.0000
-559.0000 -33813.0000 35659.0000
-481.0000 -33423.0000 35594.0000
-481.0000 -33111.0000 35633.0000
-403.0000 -32734.0000 35594.0000
-390.0000 -32240.0000 35711.0000
-208.0000 -32058.0000 35607.0000
-182.0000 -31668.0000 35698.0000
26.0000 -31382.0000 35672.0000
143.0000 -31018.0000 35750.0000
273.0000 -30797.0000 35698.0000
364.0000 -30446.0000 35750.0000
481.0000 -30173.0000 35711.0000
559.0000 -29835.0000 35776.0000
702.0000 -29653.0000 35672.0000
793.0000 -29328.0000 35737.0000
897.0000 -29016.0000 35776.0000
1027.0000 -28743.0000 35815.0000
1144.0000 -28561.0000 35685.0000
1222.0000 -28301.0000 35698.0000
1365.0000 -28002.0000 35620.0000
1456.0000 -27729.0000 35646.0000
1573.0000 -27443.0000 35607.0000
1664.0000 -27261.0000 35542.0000
1846.0000 -27092.0000 35438.0000
2002.0000 -26858.0000 35347.0000
2106.0000 -26520.0000 35282.0000
2210.0000 -26416.0000 35113.0000
2340.0000 -26169.0000 34944.0000
2431.0000 -25974.0000 34814.0000
2574.0000 -25558.0000 34697.0000
2652.0000 -25376.0000 34554.0000
2769.0000 -25129.0000 34359.0000
2873.0000 -24856.0000 34229.0000
3003.0000 -24492.0000 34125.0000
3016.0000 -24154.0000 33917.0000
3042.0000 -23829.0000 33696.0000
3042.0000 -23595.0000 33488.0000
3120.0000 -23140.0000 33332.0000
3055.0000 -22724.0000 33215.0000
3055.0000 -22321.0000 32994.0000
2990.0000 -22035.0000 32825.0000
2977.0000 -21645.0000 32552.0000
2782.0000 -21164.0000 32396.0000
2652.0000 -20696.0000 32214.0000
2431.0000 -20228.0000 32149.0000
2223.0000 -19708.0000 31993.0000
1989.0000 -19201.0000 31941.0000
1742.0000 -18694.0000 31850.0000
1339.0000 -18148.0000 31837.0000
975.0000 -17537.0000 31837.0000
546.0000 -16887.0000 31902.0000
91.0000 -16302.0000 31967.0000
-468.0000 -15730.0000 32136.0000
-884.0000 -15158.0000 32279.0000
-1495.0000 -14482.0000 32565.0000
-2015.0000 -13832.0000 32786.0000
