-24505.0000 23374.0000 59124.0000
-24284.0000 23855.0000 59566.0000
-24024.0000 24375.0000 59956.0000
-23803.0000 24921.0000 60385.0000
-23530.0000 25389.0000 60840.0000
-23270.0000 25753.0000 61321.0000
-22997.0000 26234.0000 61724.0000
-22685.0000 26676.0000 62244.0000
-22334.0000 27027.0000 62777.0000
-21996.0000 27430.0000 63284.0000
-21593.0000 27768.0000 63791.0000
-21268.0000 28132.0000 64285.0000
-20917.0000 28470.0000 64792.0000
-20540.0000 28769.0000 65325.0000
-20137.0000 29081.0000 65806.0000
-19760.0000 29354.0000 66326.0000
-19331.0000 29549.0000 66833.0000
-18941.0000 29679.0000 67314.0000
-18538.0000 29809.0000 67808.0000
-18148.0000 29939.0000 68263.0000
-17745.0000 30121.0000 68718.0000
-17381.0000 30069.0000 69173.0000
-16965.0000 30043.0000 69641.0000
-16601.0000 30056.0000 70096.0000
-16198.0000 30069.0000 70499.0000
-15873.0000 30004.0000 70915.0000
-15470.0000 29900.0000 71318.0000
-15093.0000 29939.0000 71708.0000
-14755.0000 29926.0000 72033.0000
-14469.0000 29835.0000 72384.0000
-14157.0000 29705.0000 72722.0000
-13871.0000 29601.0000 73034.0000
-13585.0000 29510.0000 73372.0000
-13312.0000 29445.0000 73658.0000
-13052.0000 29289.0000 73944.0000
-12818.0000 29120.0000 74191.0000
-12506.0000 28964.0000 74477.0000
-12324.0000 28769.0000 74802.0000
-12129.0000 28535.0000 74932.0000
-11999.0000 28327.0000 75127.0000
-11791.0000 28158.0000 75322.0000
-11609.0000 27989.0000 75517.0000
-11440.0000 27885.0000 75673.0000
-11297.0000 27625.0000 75816.0000
-11154.0000 27430.0000 75946.0000
-10985.0000 27313.0000 76089.0000
-10829.0000 27144.0000 76232.0000
-10686.0000 27105.0000 76375.0000
-10621.0000 26936.0000 76401.0000
-10569.0000 26780.0000 76505.0000
-10491.0000 26650.0000 76583.0000
-10413.0000 26520.0000 76648.0000
-10361.0000 26520.0000 76713.0000
-10322.0000 26416.0000 76752.0000
-10296.0000 26286.0000 76778.0000
-10257.0000 26208.0000 76817.0000
-10205.0000 26065.0000 76895.0000
-10166.0000 26091.0000 76934.0000
-10153.0000 26013.0000 76895.0000
-10153.0000 25961.0000 76908.0000
-10127.0000 25844.0000 76921.0000
-10088.0000 25779.0000 76986.0000
-10088.0000 25805.0000 76999.0000
-10101.0000 25805.0000 76986.0000
-10062.0000 25870.0000 76973.0000
-10049.0000 25844.0000 76960.0000
-10036.0000 25857.0000 76947.0000
-10010.0000 25857.0000 76973.0000
-9997.0000 25948.0000 76986.0000
-9945.0000 26052.0000 76947.0000
-9971.0000 26117.0000 76960.0000
-9945.0000 26169.0000 76934.0000
-9919.0000 26195.0000 76934.0000
-9828.0000 26338.0000 76921.0000
-9776.0000 26468.0000 76895.0000
-9763.0000 26585.0000 76908.0000
-9698.0000 26689.0000 76869.0000
-9659.0000 26728.0000 76856.0000
-9568.0000 26793.0000 76830.0000
-9516.0000 26845.0000 76804.0000
-9451.0000 26923.0000 76765.0000
-9373.0000 27040.0000 76752.0000
-9321.0000 27144.0000 76687.0000
-9256.0000 27248.0000 76622.0000
-9152.0000 27365.0000 76583.0000
-9035.0000 27521.0000 76557.0000
-8905.0000 27690.0000 76531.0000
-8775.0000 27781.0000 76531.0000
-8619.0000 27989.0000 76401.0000
-8502.0000 28080.0000 76349.0000
-8385.0000 28171.0000 76271.0000
-8281.0000 28288.0000 76180.0000
-8151.0000 28418.0000 76076.0000
-7995.0000 28600.0000 75998.0000
-7839.0000 28691.0000 75907.0000
-7670.0000 28899.0000 75751.0000
-7540.0000 29016.0000 75595.0000
-7345.0000 29211.0000 75439.0000
-7228.0000 29380.0000 75270.0000
-6994.0000 29575.0000 75127.0000
