31590.0000 55471.0000 34138.0000
31590.0000 55419.0000 34268.0000
31551.0000 55419.0000 34489.0000
31538.0000 55393.0000 34593.0000
31538.0000 55393.0000 34762.0000
31577.0000 55419.0000 34957.0000
31551.0000 55419.0000 35178.0000
31551.0000 55393.0000 35412.0000
31603.0000 55406.0000 35542.0000
31525.0000 55367.0000 35698.0000
31564.0000 55406.0000 35854.0000
31551.0000 55380.0000 35997.0000
31551.0000 55354.0000 36218.0000
31512.0000 55250.0000 36452.0000
31538.0000 55224.0000 36647.0000
31512.0000 55159.0000 36855.0000
31512.0000 55172.0000 36985.0000
31538.0000 55133.0000 37115.0000
31564.0000 55081.0000 37310.0000
31564.0000 55042.0000 37518.0000
31577.0000 54964.0000 37713.0000
31551.0000 54938.0000 37843.0000
31538.0000 54925.0000 37960.0000
31525.0000 54925.0000 38077.0000
31499.0000 54899.0000 38233.0000
31473.0000 54821.0000 38402.0000
31473.0000 54730.0000 38571.0000
31447.0000 54678.0000 38714.0000
31460.0000 54626.0000 38909.0000
31434.0000 54548.0000 39000.0000
31473.0000 54509.0000 39182.0000
31434.0000 54392.0000 39312.0000
31473.0000 54379.0000 39494.0000
31499.0000 54288.0000 39611.0000
31525.0000 54262.0000 39780.0000
31499.0000 54197.0000 39884.0000
31525.0000 54197.0000 40040.0000
31512.0000 54106.0000 40131.0000
31486.0000 54054.0000 40300.0000
31486.0000 54002.0000 40456.0000
31525.0000 53846.0000 40612.0000
31551.0000 53742.0000 40703.0000
31564.0000 53651.0000 40911.0000
31577.0000 53547.0000 41002.0000
31590.0000 53443.0000 41145.0000
31616.0000 53339.0000 41301.0000
31642.0000 53261.0000 41483.0000
31707.0000 53157.0000 41587.0000
31746.0000 53066.0000 41678.0000
31772.0000 52949.0000 41782.0000
31798.0000 52871.0000 41964.0000
31850.0000 52793.0000 42029.0000
31811.0000 52702.0000 42172.0000
31889.0000 52572.0000 42276.0000
31902.0000 52416.0000 42458.0000
32006.0000 52247.0000 42575.0000
32032.0000 52065.0000 42744.0000
32084.0000 51961.0000 42887.0000
32188.0000 51857.0000 42965.0000
32136.0000 51649.0000 43108.0000
32201.0000 51558.0000 43212.0000
32227.0000 51350.0000 43290.0000
32305.0000 51233.0000 43407.0000
32357.0000 51077.0000 43498.0000
32396.0000 50973.0000 43602.0000
32448.0000 50817.0000 43680.0000
32487.0000 50687.0000 43771.0000
32487.0000 50492.0000 43862.0000
32552.0000 50349.0000 43979.0000
32591.0000 50115.0000 44070.0000
32656.0000 49998.0000 44174.0000
32643.0000 49790.0000 44226.0000
32682.0000 49647.0000 44304.0000
32721.0000 49491.0000 44369.0000
32773.0000 49270.0000 44434.0000
32851.0000 49075.0000 44473.0000
32877.0000 48945.0000 44590.0000
32916.0000 48724.0000 44642.0000
32955.0000 48581.0000 44681.0000
32994.0000 48399.0000 44720.0000
33098.0000 48204.0000 44772.0000
33098.0000 48009.0000 44824.0000
33150.0000 47853.0000 44902.0000
33137.0000 47632.0000 44915.0000
33202.0000 47463.0000 44967.0000
33280.0000 47294.0000 44941.0000
33410.0000 47047.0000 44967.0000
33436.0000 46904.0000 44980.0000
33488.0000 46644.0000 45058.0000
33462.0000 46488.0000 45058.0000
33488.0000 46241.0000 45071.0000
33540.0000 46098.0000 45006.0000
33644.0000 45890.0000 44993.0000
33592.0000 45747.0000 45032.0000
33683.0000 45552.0000 45032.0000
33618.0000 45357.0000 44980.0000
33774.0000 45240.0000 44954.0000
33787.0000 45045.0000 44876.0000
33917.0000 44902.0000 44889.0000
33839.0000 44681.0000 44902.0000
