31005.0000 39663.0000 28275.0000
30914.0000 39767.0000 28223.0000
30849.0000 39884.0000 28171.0000
30797.0000 39923.0000 28184.0000
30745.0000 39910.0000 28262.0000
30693.0000 39988.0000 28314.0000
30641.0000 40014.0000 28353.0000
30628.0000 40131.0000 28314.0000
30524.0000 40261.0000 28275.0000
30446.0000 40300.0000 28301.0000
30368.0000 40248.0000 28366.0000
30303.0000 40209.0000 28418.0000
30264.0000 40274.0000 28431.0000
30199.0000 40339.0000 28418.0000
30095.0000 40495.0000 28379.0000
29991.0000 40521.0000 28379.0000
29913.0000 40534.0000 28496.0000
29848.0000 40521.0000 28587.0000
29822.0000 40573.0000 28600.0000
29731.0000 40677.0000 28522.0000
29640.0000 40781.0000 28496.0000
29575.0000 40820.0000 28535.0000
29575.0000 40755.0000 28691.0000
29523.0000 40690.0000 28795.0000
29471.0000 40794.0000 28756.0000
29380.0000 40963.0000 28652.0000
29263.0000 41028.0000 28652.0000
29211.0000 40976.0000 28769.0000
29172.0000 40859.0000 28977.0000
29159.0000 40885.0000 29042.0000
29107.0000 40924.0000 29016.0000
29003.0000 41028.0000 28873.0000
28964.0000 41080.0000 28964.0000
29068.0000 41041.0000 29029.0000
29016.0000 40937.0000 29237.0000
28977.0000 40885.0000 29211.0000
28912.0000 40976.0000 29133.0000
28821.0000 41080.0000 29107.0000
28834.0000 41080.0000 29250.0000
28860.0000 40924.0000 29419.0000
28899.0000 40846.0000 29497.0000
28899.0000 40859.0000 29471.0000
28899.0000 41054.0000 29354.0000
28925.0000 41080.0000 29406.0000
28990.0000 40963.0000 29614.0000
29042.0000 40807.0000 29744.0000
29068.0000 40820.0000 29783.0000
29081.0000 40950.0000 29614.0000
29107.0000 40976.0000 29692.0000
29133.0000 40846.0000 29848.0000
29211.0000 40651.0000 30017.0000
29315.0000 40599.0000 30056.0000
29406.0000 40690.0000 29991.0000
29458.0000 40690.0000 30056.0000
29549.0000 40612.0000 30121.0000
29679.0000 40521.0000 30251.0000
29796.0000 40430.0000 30290.0000
29848.0000 40456.0000 30264.0000
29900.0000 40404.0000 30368.0000
30043.0000 40248.0000 30485.0000
30225.0000 40131.0000 30602.0000
30394.0000 40040.0000 30706.0000
30563.0000 40001.0000 30745.0000
30667.0000 39897.0000 30810.0000
30836.0000 39741.0000 30914.0000
31005.0000 39637.0000 31031.0000
31200.0000 39533.0000 31083.0000
31330.0000 39442.0000 31135.0000
31486.0000 39286.0000 31239.0000
31655.0000 39130.0000 31382.0000
31889.0000 38883.0000 31525.0000
32110.0000 38649.0000 31616.0000
32292.0000 38558.0000 31629.0000
32461.0000 38376.0000 31707.0000
32708.0000 38116.0000 31811.0000
32942.0000 37882.0000 31928.0000
33189.0000 37648.0000 32006.0000
33410.0000 37440.0000 32045.0000
33670.0000 37206.0000 32162.0000
33917.0000 36855.0000 32305.0000
34242.0000 36413.0000 32435.0000
34567.0000 36036.0000 32539.0000
34905.0000 35724.0000 32656.0000
35295.0000 35386.0000 32682.0000
35711.0000 34892.0000 32786.0000
36075.0000 34385.0000 32903.0000
36530.0000 33956.0000 32968.0000
36946.0000 33449.0000 32981.0000
37453.0000 32838.0000 33033.0000
38064.0000 32149.0000 33072.0000
38662.0000 31369.0000 33098.0000
39338.0000 30589.0000 33072.0000
40105.0000 29809.0000 33046.0000
40937.0000 28938.0000 33007.0000
41886.0000 27807.0000 33007.0000
42835.0000 26884.0000 32812.0000
43953.0000 25948.0000 32695.0000
45136.0000 24791.0000 32435.0000
46475.0000 23491.0000 32097.0000
47892.0000 22165.0000 31681.0000
