47788.0000 32747.0000 63310.0000
47983.0000 32877.0000 63115.0000
48048.0000 32344.0000 63440.0000
48347.0000 32565.0000 63076.0000
48451.0000 32110.0000 63284.0000
48607.0000 32279.0000 63128.0000
48711.0000 31733.0000 63258.0000
48841.0000 31785.0000 63154.0000
48945.0000 31096.0000 63219.0000
49049.0000 31018.0000 63219.0000
49127.0000 30524.0000 63102.0000
49309.0000 30290.0000 63063.0000
49348.0000 29614.0000 62946.0000
49361.0000 29315.0000 62829.0000
49413.0000 28834.0000 62634.0000
49439.0000 28444.0000 62426.0000
49439.0000 27911.0000 62101.0000
49452.0000 27248.0000 61802.0000
49504.0000 27118.0000 61295.0000
49491.0000 26416.0000 60918.0000
49400.0000 26325.0000 60385.0000
49413.0000 25844.0000 59904.0000
49348.0000 25727.0000 59306.0000
49374.0000 25324.0000 58708.0000
49309.0000 25155.0000 58162.0000
49296.0000 25194.0000 57460.0000
49283.0000 25012.0000 56992.0000
49257.0000 25376.0000 56277.0000
49192.0000 25129.0000 55874.0000
49153.0000 25584.0000 55185.0000
49179.0000 25350.0000 54730.0000
49166.0000 25766.0000 54184.0000
49192.0000 25792.0000 53677.0000
49205.0000 26117.0000 53339.0000
49205.0000 26494.0000 52676.0000
49166.0000 26507.0000 52559.0000
49192.0000 27053.0000 51857.0000
49257.0000 26923.0000 51714.0000
49257.0000 27547.0000 51181.0000
49374.0000 27443.0000 50960.0000
49322.0000 28158.0000 50518.0000
49413.0000 28132.0000 50206.0000
49348.0000 28600.0000 49985.0000
49465.0000 28769.0000 49543.0000
49439.0000 29198.0000 49387.0000
49504.0000 29679.0000 48919.0000
49556.0000 29640.0000 48971.0000
49621.0000 30446.0000 48412.0000
49595.0000 30589.0000 48425.0000
49556.0000 31421.0000 48191.0000
49543.0000 31369.0000 48256.0000
49517.0000 32305.0000 47983.0000
49478.0000 32422.0000 48126.0000
49465.0000 33059.0000 48126.0000
49270.0000 33306.0000 48204.0000
49231.0000 34008.0000 48321.0000
49114.0000 34346.0000 48360.0000
48971.0000 34632.0000 48776.0000
48841.0000 34918.0000 48776.0000
48789.0000 35256.0000 49114.0000
48685.0000 35698.0000 49140.0000
48503.0000 35581.0000 49725.0000
48425.0000 35867.0000 49673.0000
48308.0000 35815.0000 50206.0000
48217.0000 36127.0000 50258.0000
48126.0000 35906.0000 50726.0000
48074.0000 36205.0000 50648.0000
48074.0000 35854.0000 51168.0000
47944.0000 36166.0000 51246.0000
47866.0000 35880.0000 51597.0000
47749.0000 36218.0000 51688.0000
47723.0000 35737.0000 51987.0000
47593.0000 35880.0000 52169.0000
47593.0000 35633.0000 52325.0000
47489.0000 35750.0000 52494.0000
47502.0000 35607.0000 52663.0000
47398.0000 35633.0000 52858.0000
47346.0000 35802.0000 52884.0000
47385.0000 35451.0000 53274.0000
47372.0000 35763.0000 53183.0000
47385.0000 35542.0000 53495.0000
47411.0000 36010.0000 53430.0000
47476.0000 35854.0000 53703.0000
47450.0000 36088.0000 53911.0000
47411.0000 36166.0000 54028.0000
47476.0000 36231.0000 54418.0000
47515.0000 36556.0000 54327.0000
47515.0000 36478.0000 54847.0000
47541.0000 36985.0000 54847.0000
47658.0000 36543.0000 55458.0000
47567.0000 37167.0000 55614.0000
47593.0000 36816.0000 56056.0000
47515.0000 37258.0000 56394.0000
47671.0000 36998.0000 56589.0000
47606.0000 37050.0000 57226.0000
47619.0000 37219.0000 57356.0000
47645.0000 36881.0000 58110.0000
47619.0000 37245.0000 58266.0000
47619.0000 36595.0000 59072.0000
47645.0000 37076.0000 59280.0000
