44577.0000 51285.0000 37505.0000
44525.0000 51090.0000 37843.0000
44421.0000 50817.0000 38207.0000
44369.0000 50765.0000 38324.0000
44382.0000 50999.0000 38129.0000
44343.0000 50986.0000 38298.0000
44226.0000 50791.0000 38584.0000
44148.0000 50466.0000 39091.0000
44083.0000 50193.0000 39247.0000
44122.0000 50245.0000 39299.0000
44122.0000 50310.0000 39312.0000
44122.0000 50167.0000 39494.0000
44018.0000 49946.0000 39806.0000
43966.0000 49673.0000 40053.0000
43914.0000 49556.0000 40170.0000
43875.0000 49543.0000 40248.0000
43888.0000 49504.0000 40300.0000
43797.0000 49374.0000 40456.0000
43706.0000 49127.0000 40703.0000
43680.0000 48893.0000 40885.0000
43667.0000 48763.0000 41015.0000
43680.0000 48789.0000 41002.0000
43615.0000 48685.0000 41093.0000
43485.0000 48607.0000 41236.0000
43446.0000 48334.0000 41431.0000
43329.0000 48165.0000 41522.0000
43277.0000 48087.0000 41639.0000
43238.0000 47996.0000 41717.0000
43186.0000 47931.0000 41717.0000
43121.0000 47840.0000 41769.0000
43082.0000 47606.0000 41925.0000
43108.0000 47489.0000 41938.0000
43056.0000 47320.0000 42120.0000
42991.0000 47268.0000 42055.0000
42913.0000 47242.0000 42120.0000
42861.0000 47047.0000 42289.0000
42887.0000 46956.0000 42302.0000
42835.0000 46774.0000 42419.0000
42809.0000 46631.0000 42484.0000
42783.0000 46527.0000 42536.0000
42744.0000 46397.0000 42549.0000
42744.0000 46371.0000 42562.0000
42731.0000 46228.0000 42679.0000
42627.0000 46033.0000 42796.0000
42562.0000 45929.0000 42887.0000
42562.0000 45799.0000 42835.0000
42562.0000 45760.0000 42887.0000
42562.0000 45630.0000 42991.0000
42497.0000 45357.0000 43147.0000
42406.0000 45201.0000 43251.0000
42432.0000 45071.0000 43225.0000
42445.0000 45188.0000 43108.0000
42367.0000 45071.0000 43199.0000
42289.0000 44798.0000 43420.0000
42211.0000 44577.0000 43602.0000
42185.0000 44330.0000 43615.0000
42159.0000 44486.0000 43524.0000
42133.0000 44330.0000 43576.0000
42068.0000 44083.0000 43797.0000
42029.0000 43797.0000 43862.0000
41964.0000 43602.0000 43992.0000
41951.0000 43758.0000 43901.0000
41886.0000 43576.0000 44031.0000
41769.0000 43407.0000 44109.0000
41678.0000 43212.0000 44226.0000
41613.0000 42809.0000 44356.0000
41587.0000 42887.0000 44239.0000
41587.0000 42757.0000 44265.0000
41379.0000 42575.0000 44369.0000
41275.0000 42315.0000 44408.0000
41119.0000 42003.0000 44629.0000
41067.0000 41873.0000 44512.0000
40924.0000 41808.0000 44525.0000
40768.0000 41574.0000 44590.0000
40638.0000 41236.0000 44629.0000
40469.0000 40924.0000 44746.0000
40417.0000 40703.0000 44694.0000
40365.0000 40703.0000 44564.0000
40248.0000 40391.0000 44603.0000
40066.0000 40066.0000 44642.0000
39923.0000 39767.0000 44694.0000
39832.0000 39533.0000 44603.0000
39793.0000 39390.0000 44590.0000
39637.0000 39039.0000 44590.0000
39494.0000 38792.0000 44577.0000
39403.0000 38480.0000 44473.0000
39364.0000 38285.0000 44369.0000
39325.0000 38116.0000 44317.0000
39221.0000 37791.0000 44278.0000
39117.0000 37635.0000 44213.0000
38961.0000 37388.0000 44135.0000
38883.0000 37245.0000 44044.0000
38844.0000 37076.0000 43927.0000
38714.0000 36894.0000 43836.0000
38623.0000 36686.0000 43719.0000
38519.0000 36478.0000 43589.0000
38519.0000 36452.0000 43433.0000
38428.0000 36309.0000 43238.0000
38298.0000 36257.0000 43186.0000
38220.0000 36127.0000 42991.0000
