34970.0000 38428.0000 41236.0000
34970.0000 38285.0000 41236.0000
34944.0000 38168.0000 41314.0000
34944.0000 37947.0000 41288.0000
34866.0000 37830.0000 41288.0000
34853.0000 37765.0000 41210.0000
34931.0000 37752.0000 41158.0000
34840.0000 37635.0000 41197.0000
34853.0000 37596.0000 41197.0000
34788.0000 37518.0000 41145.0000
34801.0000 37453.0000 41184.0000
34736.0000 37427.0000 41093.0000
34814.0000 37349.0000 41093.0000
34775.0000 37258.0000 41041.0000
34840.0000 37258.0000 41041.0000
34853.0000 37193.0000 40937.0000
34918.0000 37180.0000 41002.0000
34866.0000 37115.0000 40950.0000
34905.0000 37141.0000 40885.0000
34879.0000 37115.0000 40846.0000
34996.0000 37154.0000 40794.0000
34996.0000 36959.0000 40846.0000
34983.0000 37089.0000 40690.0000
34996.0000 37102.0000 40638.0000
35035.0000 37167.0000 40586.0000
35035.0000 37089.0000 40690.0000
35061.0000 37154.0000 40625.0000
35087.0000 37219.0000 40573.0000
35139.0000 37245.0000 40508.0000
35113.0000 37323.0000 40508.0000
35165.0000 37310.0000 40495.0000
35191.0000 37388.0000 40456.0000
35295.0000 37453.0000 40469.0000
35282.0000 37596.0000 40391.0000
35334.0000 37505.0000 40521.0000
35282.0000 37648.0000 40456.0000
35386.0000 37544.0000 40573.0000
35412.0000 37622.0000 40508.0000
35451.0000 37661.0000 40573.0000
35451.0000 37713.0000 40586.0000
35516.0000 37739.0000 40651.0000
35542.0000 37804.0000 40664.0000
35555.0000 37882.0000 40755.0000
35529.0000 37791.0000 40859.0000
35568.0000 37817.0000 40833.0000
35568.0000 37791.0000 40898.0000
35633.0000 37739.0000 40950.0000
35633.0000 37674.0000 41119.0000
35646.0000 37700.0000 41119.0000
35672.0000 37596.0000 41171.0000
35711.0000 37544.0000 41301.0000
35646.0000 37388.0000 41496.0000
35724.0000 37128.0000 41587.0000
35828.0000 37128.0000 41535.0000
35776.0000 36946.0000 41574.0000
35867.0000 36777.0000 41652.0000
35945.0000 36361.0000 41938.0000
35919.0000 36231.0000 41873.0000
36010.0000 35958.0000 42042.0000
36127.0000 35698.0000 42146.0000
36166.0000 35256.0000 42406.0000
36257.0000 35009.0000 42380.0000
36413.0000 34580.0000 42562.0000
36543.0000 34190.0000 42627.0000
36699.0000 33644.0000 42900.0000
36946.0000 33111.0000 42965.0000
37141.0000 32617.0000 43121.0000
37440.0000 31941.0000 43251.0000
37804.0000 31174.0000 43433.0000
38220.0000 30290.0000 43537.0000
38753.0000 29302.0000 43680.0000
39468.0000 28223.0000 43771.0000
40339.0000 27131.0000 43836.0000
41353.0000 25675.0000 43810.0000
42666.0000 24193.0000 43732.0000
44200.0000 22321.0000 43485.0000
46189.0000 20319.0000 43082.0000
48633.0000 18083.0000 42445.0000
51701.0000 15782.0000 41457.0000
55237.0000 13377.0000 40092.0000
59514.0000 11050.0000 38272.0000
64337.0000 9022.0000 35893.0000
69784.0000 7566.0000 32994.0000
75569.0000 7072.0000 29614.0000
81484.0000 7917.0000 25974.0000
86853.0000 10491.0000 22113.0000
91104.0000 14833.0000 18616.0000
93938.0000 20943.0000 15665.0000
94822.0000 28431.0000 13806.0000
93691.0000 36595.0000 13286.0000
90779.0000 44642.0000 13780.0000
86385.0000 51792.0000 15405.0000
80873.0000 57447.0000 17966.0000
74932.0000 61295.0000 20930.0000
69030.0000 63362.0000 23933.0000
63479.0000 64025.0000 26871.0000
58682.0000 63648.0000 29614.0000
54431.0000 62660.0000 31772.0000
50895.0000 61139.0000 33644.0000
47879.0000 59436.0000 35178.0000
