35178.0000 41470.0000 44226.0000
35217.0000 41379.0000 44187.0000
35152.0000 41288.0000 44135.0000
35230.0000 41223.0000 44161.0000
35204.0000 41132.0000 44083.0000
35243.0000 41067.0000 44083.0000
35204.0000 40989.0000 44031.0000
35295.0000 40872.0000 44018.0000
35256.0000 40742.0000 43953.0000
35334.0000 40638.0000 43992.0000
35256.0000 40573.0000 43927.0000
35321.0000 40521.0000 43927.0000
35269.0000 40417.0000 43849.0000
35321.0000 40339.0000 43849.0000
35256.0000 40235.0000 43810.0000
35269.0000 40131.0000 43784.0000
35282.0000 40118.0000 43719.0000
35321.0000 40001.0000 43680.0000
35243.0000 40027.0000 43628.0000
35321.0000 39988.0000 43589.0000
35230.0000 39832.0000 43537.0000
35295.0000 39819.0000 43524.0000
35217.0000 39728.0000 43394.0000
35243.0000 39624.0000 43433.0000
35256.0000 39559.0000 43329.0000
35269.0000 39468.0000 43277.0000
35204.0000 39351.0000 43199.0000
35321.0000 39325.0000 43186.0000
35230.0000 39169.0000 43108.0000
35282.0000 39104.0000 43108.0000
35191.0000 39065.0000 43030.0000
35243.0000 38961.0000 43004.0000
35165.0000 38909.0000 42952.0000
35217.0000 38857.0000 42913.0000
35139.0000 38779.0000 42809.0000
35204.0000 38714.0000 42770.0000
35126.0000 38675.0000 42718.0000
35217.0000 38571.0000 42666.0000
35113.0000 38558.0000 42601.0000
35230.0000 38532.0000 42536.0000
35152.0000 38402.0000 42432.0000
35217.0000 38324.0000 42419.0000
35152.0000 38207.0000 42328.0000
35243.0000 38181.0000 42263.0000
35152.0000 38142.0000 42185.0000
35217.0000 38090.0000 42133.0000
35152.0000 37973.0000 42068.0000
35191.0000 37947.0000 42003.0000
35087.0000 37908.0000 41912.0000
35152.0000 37856.0000 41912.0000
35074.0000 37869.0000 41808.0000
35126.0000 37804.0000 41730.0000
35061.0000 37752.0000 41613.0000
35139.0000 37713.0000 41587.0000
35074.0000 37713.0000 41470.0000
35100.0000 37648.0000 41431.0000
34996.0000 37687.0000 41340.0000
35009.0000 37635.0000 41262.0000
34918.0000 37622.0000 41171.0000
34970.0000 37609.0000 41080.0000
34853.0000 37479.0000 41015.0000
34918.0000 37492.0000 40937.0000
34788.0000 37414.0000 40820.0000
34853.0000 37466.0000 40703.0000
34749.0000 37401.0000 40625.0000
34827.0000 37297.0000 40651.0000
34762.0000 37271.0000 40495.0000
34853.0000 37258.0000 40391.0000
34775.0000 37323.0000 40274.0000
34866.0000 37323.0000 40170.0000
34749.0000 37310.0000 40105.0000
34801.0000 37219.0000 40092.0000
34710.0000 37180.0000 39988.0000
34801.0000 37154.0000 39962.0000
34801.0000 37154.0000 39819.0000
34840.0000 37089.0000 39754.0000
34801.0000 37037.0000 39689.0000
34879.0000 36985.0000 39663.0000
34853.0000 36881.0000 39624.0000
34944.0000 36868.0000 39533.0000
34944.0000 36803.0000 39442.0000
35009.0000 36764.0000 39351.0000
34957.0000 36738.0000 39299.0000
35035.0000 36738.0000 39234.0000
34905.0000 36738.0000 39156.0000
35009.0000 36751.0000 39117.0000
34918.0000 36764.0000 38974.0000
34983.0000 36725.0000 38948.0000
34918.0000 36647.0000 38844.0000
34996.0000 36634.0000 38805.0000
34957.0000 36595.0000 38688.0000
35061.0000 36530.0000 38610.0000
35022.0000 36491.0000 38519.0000
35100.0000 36452.0000 38454.0000
35009.0000 36413.0000 38376.0000
35087.0000 36426.0000 38298.0000
35048.0000 36426.0000 38168.0000
35126.0000 36374.0000 38103.0000
35087.0000 36374.0000 38012.0000
35178.0000 36335.0000 37973.0000
