0.0091 0.0421 0.0583
0.0010 0.0943 0.0368
0.0000 0.1533 0.0209
0.0078 0.2185 0.0103
0.0183 0.2898 0.0003
0.0375 0.3683 0.0000
0.0676 0.4514 0.0093
0.1064 0.5378 0.0239
0.1561 0.6235 0.0514
0.2161 0.7084 0.0928
0.2850 0.7883 0.1415
0.3621 0.8589 0.2032
0.4440 0.9154 0.2774
0.5302 0.9579 0.3570
0.6138 0.9874 0.4359
0.6951 1.0000 0.5224
0.7692 0.9899 0.6062
0.8355 0.9654 0.6861
0.8887 0.9226 0.7580
0.9311 0.8632 0.8260
0.9631 0.7995 0.8764
0.9866 0.7333 0.9214
0.9984 0.6573 0.9556
1.0000 0.5763 0.9791
0.9951 0.5032 0.9914
0.9830 0.4341 1.0000
0.9674 0.3636 0.9954
0.9471 0.3089 0.9841
0.9246 0.2570 0.9702
0.9011 0.2102 0.9553
0.8782 0.1685 0.9360
0.8544 0.1361 0.9171
0.8306 0.1055 0.8963
0.8071 0.0788 0.8760
0.7875 0.0605 0.8505
0.7669 0.0446 0.8293
0.7493 0.0295 0.8084
0.7329 0.0187 0.7869
0.7173 0.0101 0.7673
0.7026 0.0000 0.7488
