-0.2060 0.0000 0.0975
-0.2087 0.0905 0.0572
-0.1826 0.1857 0.0247
-0.1295 0.2820 0.0071
-0.0678 0.3772 0.0000
0.0000 0.4682 0.0078
0.0779 0.5539 0.0205
0.1745 0.6339 0.0431
0.2711 0.7075 0.0763
0.3604 0.7791 0.1123
0.4584 0.8406 0.1504
0.5705 0.8901 0.1984
0.6832 0.9253 0.2507
0.7940 0.9548 0.3065
0.8966 0.9774 0.3581
1.0000 0.9905 0.4124
1.1007 0.9953 0.4640
1.1926 1.0000 0.5148
1.2779 0.9963 0.5650
1.3617 0.9884 0.6095
1.4369 0.9753 0.6462
1.5094 0.9605 0.6850
1.5732 0.9432 0.7253
1.6362 0.9206 0.7606
1.6919 0.8995 0.7910
1.7430 0.8801 0.8220
1.7852 0.8601 0.8545
1.8295 0.8417 0.8729
1.8671 0.8233 0.8870
1.9027 0.8027 0.9054
1.9309 0.7812 0.9230
1.9617 0.7580 0.9414
1.9899 0.7391 0.9499
2.0161 0.7228 0.9612
2.0383 0.7044 0.9725
2.0591 0.6828 0.9845
2.0779 0.6675 0.9838
2.0940 0.6560 0.9880
2.1094 0.6397 0.9929
2.1262 0.6213 1.0000
