0.9126 1.0000 0.6451
0.8655 0.9561 0.6978
0.8056 0.9145 0.7701
0.7445 0.8815 0.7964
0.6779 0.8188 0.8716
0.6106 0.7858 0.8945
0.5272 0.7168 0.9461
0.4465 0.6842 0.9644
0.3679 0.6122 0.9931
0.2703 0.5719 1.0000
0.1708 0.5310 0.9914
0.0733 0.4974 0.9868
-0.0087 0.4620 0.9650
-0.0941 0.4396 0.9386
-0.1513 0.4248 0.9042
-0.1923 0.4096 0.8733
-0.2085 0.4109 0.8308
-0.2139 0.4013 0.7970
-0.1856 0.4109 0.7575
-0.1392 0.3993 0.7225
-0.0686 0.3861 0.6927
0.0000 0.3756 0.6628
0.0847 0.3604 0.6330
0.1748 0.3353 0.5969
0.2623 0.3020 0.5671
0.3362 0.2653 0.5367
0.4169 0.2360 0.5046
0.4795 0.2096 0.4622
0.5440 0.1828 0.4220
0.5972 0.1578 0.3784
0.6510 0.1284 0.3406
0.7001 0.1000 0.3039
0.7391 0.0898 0.2534
0.7855 0.0743 0.2093
0.8278 0.0508 0.1766
0.8695 0.0350 0.1359
0.9025 0.0238 0.1015
0.9415 0.0112 0.0659
0.9738 0.0040 0.0327
1.0000 0.0000 0.0000
