1.9254 1.0000 1.0000
1.9261 0.9907 0.9981
1.9242 0.9803 0.9963
1.9222 0.9659 0.9930
1.9197 0.9532 0.9930
1.9178 0.9335 0.9930
1.9127 0.9208 0.9912
1.9089 0.9092 0.9875
1.9025 0.8936 0.9875
1.8974 0.8785 0.9847
1.8872 0.8647 0.9842
1.8776 0.8427 0.9829
1.8636 0.8132 0.9870
1.8489 0.7895 0.9856
1.8324 0.7675 0.9847
1.8145 0.7420 0.9838
1.7878 0.7154 0.9824
1.7610 0.6790 0.9796
1.7298 0.6350 0.9782
1.6928 0.5911 0.9745
1.6475 0.5523 0.9671
1.5985 0.5095 0.9601
1.5360 0.4685 0.9504
1.4691 0.4153 0.9347
1.3983 0.3597 0.9143
1.3174 0.3013 0.8939
1.2256 0.2487 0.8670
1.1192 0.2001 0.8360
1.0000 0.1521 0.7980
0.8725 0.1058 0.7498
0.7463 0.0642 0.6909
0.6157 0.0324 0.6279
0.4723 0.0087 0.5607
0.3180 0.0000 0.4861
0.1568 0.0087 0.4069
0.0000 0.0359 0.3202
-0.1294 0.0896 0.2340
-0.2231 0.1706 0.1525
-0.3129 0.2672 0.0723
-0.3888 0.3777 0.0000
