3536.0000 -806.0000 55419.0000
3458.0000 -780.0000 55419.0000
3536.0000 -793.0000 55406.0000
3497.0000 -780.0000 55406.0000
3562.0000 -806.0000 55419.0000
3497.0000 -806.0000 55497.0000
3627.0000 -832.0000 55445.0000
3510.0000 -845.0000 55419.0000
3575.0000 -858.0000 55406.0000
3510.0000 -819.0000 55419.0000
3575.0000 -819.0000 55419.0000
3523.0000 -793.0000 55406.0000
3588.0000 -806.0000 55406.0000
3523.0000 -767.0000 55419.0000
3575.0000 -780.0000 55406.0000
3510.0000 -754.0000 55432.0000
3575.0000 -793.0000 55406.0000
3497.0000 -754.0000 55445.0000
3562.0000 -767.0000 55406.0000
3471.0000 -728.0000 55432.0000
3549.0000 -741.0000 55406.0000
3471.0000 -715.0000 55445.0000
3523.0000 -741.0000 55406.0000
3458.0000 -702.0000 55432.0000
3523.0000 -741.0000 55380.0000
3445.0000 -676.0000 55432.0000
3510.0000 -663.0000 55406.0000
3432.0000 -624.0000 55445.0000
3497.0000 -650.0000 55393.0000
3432.0000 -572.0000 55432.0000
3497.0000 -572.0000 55419.0000
3406.0000 -559.0000 55445.0000
3484.0000 -533.0000 55406.0000
3419.0000 -520.0000 55432.0000
3471.0000 -520.0000 55406.0000
3419.0000 -520.0000 55432.0000
3471.0000 -507.0000 55406.0000
3393.0000 -533.0000 55445.0000
3484.0000 -520.0000 55406.0000
3406.0000 -520.0000 55432.0000
