-13234.0000 -1287.0000 54847.0000
-13429.0000 -1235.0000 54821.0000
-13390.0000 -1183.0000 54912.0000
-13533.0000 -1131.0000 54860.0000
-13559.0000 -1144.0000 54925.0000
-13767.0000 -1079.0000 54860.0000
-13780.0000 -1066.0000 54886.0000
-13936.0000 -1014.0000 54834.0000
-13897.0000 -1040.0000 54860.0000
-14079.0000 -923.0000 54834.0000
-14092.0000 -910.0000 54886.0000
-14339.0000 -741.0000 54821.0000
-14313.0000 -676.0000 54912.0000
-14417.0000 -598.0000 54886.0000
-14378.0000 -715.0000 54990.0000
-14547.0000 -663.0000 54938.0000
-14534.0000 -494.0000 55016.0000
-14742.0000 -338.0000 55003.0000
-14703.0000 -390.0000 55081.0000
-14807.0000 -364.0000 55068.0000
-14768.0000 -507.0000 55146.0000
-14950.0000 -325.0000 55068.0000
-14976.0000 -195.0000 55172.0000
-15093.0000 -104.0000 55120.0000
-15041.0000 -143.0000 55263.0000
-15093.0000 -143.0000 55250.0000
-15015.0000 -169.0000 55302.0000
-15184.0000 -26.0000 55237.0000
-15184.0000 -26.0000 55380.0000
-15223.0000 91.0000 55289.0000
-15119.0000 -13.0000 55458.0000
-15210.0000 52.0000 55328.0000
-15210.0000 13.0000 55497.0000
-15327.0000 247.0000 55367.0000
-15262.0000 104.0000 55549.0000
-15275.0000 260.0000 55445.0000
-15171.0000 117.0000 55679.0000
-15249.0000 221.0000 55510.0000
-15236.0000 156.0000 55744.0000
-15262.0000 299.0000 55562.0000
