-15236.0000 12506.0000 67158.0000
-15106.0000 12623.0000 67405.0000
-15015.0000 13065.0000 67574.0000
-14911.0000 13169.0000 67860.0000
-14820.0000 13104.0000 68146.0000
-14625.0000 13169.0000 68471.0000
-14430.0000 13455.0000 68666.0000
-14326.0000 13403.0000 68952.0000
-14157.0000 13351.0000 69251.0000
-13962.0000 13611.0000 69485.0000
-13819.0000 13728.0000 69784.0000
-13676.0000 13611.0000 70083.0000
-13520.0000 13663.0000 70395.0000
-13273.0000 13767.0000 70733.0000
-13078.0000 13793.0000 71084.0000
-12870.0000 13637.0000 71461.0000
-12610.0000 13559.0000 71812.0000
-12376.0000 13793.0000 72137.0000
-12155.0000 13624.0000 72488.0000
-11947.0000 13377.0000 72891.0000
-11648.0000 13325.0000 73255.0000
-11362.0000 13182.0000 73619.0000
-11128.0000 12779.0000 74048.0000
-10803.0000 12545.0000 74464.0000
-10556.0000 12519.0000 74802.0000
-10309.0000 12311.0000 75153.0000
-10127.0000 11726.0000 75608.0000
-9867.0000 11362.0000 75985.0000
-9685.0000 11050.0000 76414.0000
-9451.0000 10439.0000 76843.0000
-9256.0000 9919.0000 77220.0000
-9126.0000 9737.0000 77571.0000
-9100.0000 9152.0000 77909.0000
-9074.0000 8307.0000 78260.0000
-9126.0000 7644.0000 78572.0000
-9204.0000 7033.0000 78858.0000
-9360.0000 6097.0000 79183.0000
-9542.0000 5317.0000 79456.0000
-9893.0000 4810.0000 79664.0000
-10309.0000 4017.0000 79872.0000
