-14131.0000 -39.0000 56134.0000
-13936.0000 351.0000 56264.0000
-14118.0000 156.0000 56199.0000
-13910.0000 364.0000 56329.0000
-14118.0000 130.0000 56225.0000
-13897.0000 299.0000 56303.0000
-14118.0000 156.0000 56238.0000
-13871.0000 325.0000 56329.0000
-14118.0000 156.0000 56303.0000
-13884.0000 260.0000 56355.0000
-14170.0000 117.0000 56290.0000
-13949.0000 299.0000 56355.0000
-14196.0000 299.0000 56381.0000
-13975.0000 442.0000 56459.0000
-14248.0000 442.0000 56433.0000
-13988.0000 494.0000 56537.0000
-14157.0000 507.0000 56485.0000
-14040.0000 585.0000 56563.0000
-14274.0000 624.0000 56537.0000
-14079.0000 741.0000 56563.0000
-14261.0000 624.0000 56563.0000
-14079.0000 611.0000 56628.0000
-14274.0000 598.0000 56641.0000
-14079.0000 780.0000 56667.0000
-14300.0000 806.0000 56667.0000
-14092.0000 845.0000 56706.0000
-14274.0000 806.0000 56732.0000
-14066.0000 832.0000 56771.0000
-14300.0000 832.0000 56758.0000
-14092.0000 949.0000 56732.0000
-14326.0000 975.0000 56797.0000
-14131.0000 988.0000 56823.0000
-14313.0000 1001.0000 56823.0000
-14144.0000 1001.0000 56862.0000
-14352.0000 1066.0000 56849.0000
-14196.0000 1079.0000 56888.0000
-14352.0000 1092.0000 56914.0000
-14170.0000 1092.0000 56953.0000
-14339.0000 1157.0000 56953.0000
-14209.0000 1118.0000 56966.0000
