-20306.0000 -5226.0000 70447.0000
-20449.0000 -5226.0000 70447.0000
-20410.0000 -5447.0000 70356.0000
-20449.0000 -5421.0000 70304.0000
-20462.0000 -5538.0000 70278.0000
-20527.0000 -5499.0000 70252.0000
-20475.0000 -5421.0000 70200.0000
-20592.0000 -5551.0000 70148.0000
-20644.0000 -5486.0000 70083.0000
-20670.0000 -5642.0000 70018.0000
-20683.0000 -5642.0000 69940.0000
-20774.0000 -5772.0000 69862.0000
-20722.0000 -5655.0000 69836.0000
-20800.0000 -5473.0000 69797.0000
-20865.0000 -5499.0000 69680.0000
-20852.0000 -5642.0000 69602.0000
-20852.0000 -5590.0000 69550.0000
-20891.0000 -5564.0000 69446.0000
-20878.0000 -5512.0000 69368.0000
-20930.0000 -5525.0000 69238.0000
-21008.0000 -5512.0000 69082.0000
-21021.0000 -5577.0000 68952.0000
-21060.0000 -5538.0000 68861.0000
-21164.0000 -5512.0000 68731.0000
-21164.0000 -5369.0000 68627.0000
-21229.0000 -5317.0000 68523.0000
-21320.0000 -5278.0000 68354.0000
-21359.0000 -5278.0000 68250.0000
-21385.0000 -5122.0000 68133.0000
-21489.0000 -5109.0000 68016.0000
-21463.0000 -4966.0000 67899.0000
-21593.0000 -4758.0000 67743.0000
-21671.0000 -4641.0000 67613.0000
-21723.0000 -4524.0000 67535.0000
-21749.0000 -4329.0000 67405.0000
-21801.0000 -4186.0000 67392.0000
-21801.0000 -3939.0000 67262.0000
-21866.0000 -3666.0000 67184.0000
-21866.0000 -3484.0000 67119.0000
-21840.0000 -3289.0000 67093.0000
