-18967.0000 3003.0000 80704.0000
-18889.0000 2886.0000 80743.0000
-18798.0000 2756.0000 80769.0000
-18720.0000 2509.0000 80769.0000
-18655.0000 2210.0000 80769.0000
-18564.0000 1911.0000 80730.0000
-18434.0000 1846.0000 80756.0000
-18395.0000 1690.0000 80704.0000
-18317.0000 1495.0000 80717.0000
-18252.0000 1417.0000 80665.0000
-18161.0000 1157.0000 80691.0000
-18057.0000 1274.0000 80665.0000
-18018.0000 1196.0000 80678.0000
-17953.0000 1079.0000 80665.0000
-17849.0000 1014.0000 80678.0000
-17758.0000 741.0000 80652.0000
-17667.0000 780.0000 80691.0000
-17615.0000 728.0000 80626.0000
-17524.0000 663.0000 80626.0000
-17485.0000 611.0000 80626.0000
-17433.0000 351.0000 80639.0000
-17355.0000 247.0000 80639.0000
-17264.0000 247.0000 80704.0000
-17199.0000 234.0000 80704.0000
-17147.0000 195.0000 80717.0000
-17056.0000 -78.0000 80717.0000
-16991.0000 -169.0000 80665.0000
-16913.0000 -364.0000 80600.0000
-16861.0000 -429.0000 80626.0000
-16822.0000 -416.0000 80561.0000
-16770.0000 -637.0000 80535.0000
-16666.0000 -923.0000 80457.0000
-16549.0000 -1131.0000 80457.0000
-16458.0000 -1209.0000 80379.0000
-16406.0000 -1118.0000 80340.0000
-16328.0000 -1430.0000 80223.0000
-16250.0000 -1703.0000 80158.0000
-16159.0000 -1924.0000 80067.0000
-16107.0000 -1833.0000 80041.0000
-16042.0000 -1937.0000 79937.0000
