19500.0000 29861.0000 67834.0000
19799.0000 30407.0000 67587.0000
20033.0000 30680.0000 67327.0000
20371.0000 31057.0000 67223.0000
20592.0000 31369.0000 66976.0000
20891.0000 31811.0000 66976.0000
21164.0000 32448.0000 66625.0000
21424.0000 32526.0000 66768.0000
21593.0000 33267.0000 66495.0000
21879.0000 33280.0000 66638.0000
22074.0000 34177.0000 66547.0000
22295.0000 34307.0000 66638.0000
22438.0000 35100.0000 66664.0000
22737.0000 35295.0000 66651.0000
22906.0000 35594.0000 67015.0000
23127.0000 35880.0000 66976.0000
23296.0000 36166.0000 67392.0000
23504.0000 36907.0000 67392.0000
23751.0000 36660.0000 67951.0000
23920.0000 37427.0000 67990.0000
24206.0000 36946.0000 68549.0000
24375.0000 37856.0000 68640.0000
24609.0000 37596.0000 69056.0000
24739.0000 38155.0000 69355.0000
24908.0000 38298.0000 69498.0000
25116.0000 38051.0000 70174.0000
25194.0000 38012.0000 70317.0000
25454.0000 37973.0000 70811.0000
25558.0000 38324.0000 70824.0000
25766.0000 37622.0000 71396.0000
25922.0000 37869.0000 71383.0000
26169.0000 36764.0000 72046.0000
26390.0000 37271.0000 71994.0000
26598.0000 36218.0000 72423.0000
26702.0000 36686.0000 72371.0000
26910.0000 36036.0000 72462.0000
27118.0000 35737.0000 72787.0000
27274.0000 35035.0000 72891.0000
27417.0000 35100.0000 73034.0000
27560.0000 34970.0000 72956.0000
