12116.0000 -10426.0000 49296.0000
11973.0000 -10413.0000 49335.0000
11765.0000 -10348.0000 49361.0000
11583.0000 -10361.0000 49374.0000
11388.0000 -10400.0000 49400.0000
11206.0000 -10322.0000 49413.0000
11011.0000 -10374.0000 49465.0000
10816.0000 -10322.0000 49491.0000
10621.0000 -10296.0000 49530.0000
10439.0000 -10257.0000 49569.0000
10257.0000 -10218.0000 49608.0000
10062.0000 -10166.0000 49608.0000
9867.0000 -10153.0000 49634.0000
9750.0000 -10062.0000 49647.0000
9516.0000 -10023.0000 49686.0000
9386.0000 -9945.0000 49699.0000
9178.0000 -9958.0000 49738.0000
9048.0000 -9945.0000 49751.0000
8801.0000 -9867.0000 49816.0000
8658.0000 -9802.0000 49790.0000
8476.0000 -9724.0000 49842.0000
8307.0000 -9685.0000 49829.0000
8112.0000 -9620.0000 49855.0000
7982.0000 -9503.0000 49907.0000
7748.0000 -9425.0000 49933.0000
7631.0000 -9334.0000 49998.0000
7397.0000 -9126.0000 50076.0000
7267.0000 -9087.0000 50089.0000
7059.0000 -8957.0000 50154.0000
6929.0000 -8905.0000 50141.0000
6734.0000 -8840.0000 50206.0000
6604.0000 -8736.0000 50219.0000
6409.0000 -8671.0000 50284.0000
6305.0000 -8645.0000 50297.0000
6084.0000 -8515.0000 50349.0000
5980.0000 -8411.0000 50440.0000
5811.0000 -8229.0000 50453.0000
5681.0000 -8125.0000 50453.0000
5473.0000 -7995.0000 50557.0000
5369.0000 -7852.0000 50583.0000
