2769.0000 1209.0000 55406.0000
2821.0000 1183.0000 55367.0000
2730.0000 1391.0000 55367.0000
2795.0000 1547.0000 55328.0000
2730.0000 1729.0000 55315.0000
2795.0000 1573.0000 55263.0000
2756.0000 1443.0000 55263.0000
2795.0000 1456.0000 55224.0000
2756.0000 1586.0000 55211.0000
2795.0000 1807.0000 55172.0000
2704.0000 1911.0000 55172.0000
2704.0000 1794.0000 55159.0000
2652.0000 1755.0000 55159.0000
2678.0000 1885.0000 55146.0000
2639.0000 2067.0000 55172.0000
2626.0000 2184.0000 55133.0000
2561.0000 2184.0000 55172.0000
2652.0000 2119.0000 55159.0000
2587.0000 2054.0000 55185.0000
2600.0000 2158.0000 55159.0000
2561.0000 2496.0000 55172.0000
2574.0000 2535.0000 55185.0000
2444.0000 2483.0000 55185.0000
2483.0000 2301.0000 55198.0000
2418.0000 2496.0000 55211.0000
2457.0000 2561.0000 55224.0000
2418.0000 2704.0000 55237.0000
2366.0000 2665.0000 55224.0000
2262.0000 2743.0000 55224.0000
2353.0000 2769.0000 55263.0000
2314.0000 2873.0000 55315.0000
2353.0000 2951.0000 55315.0000
2262.0000 3133.0000 55328.0000
2288.0000 3172.0000 55341.0000
2223.0000 3198.0000 55367.0000
2262.0000 3198.0000 55406.0000
2197.0000 3354.0000 55406.0000
2249.0000 3497.0000 55419.0000
2158.0000 3601.0000 55445.0000
2249.0000 3406.0000 55458.0000
