31083.0000 33800.0000 36790.0000
31018.0000 33930.0000 36855.0000
30966.0000 34021.0000 36972.0000
30901.0000 34164.0000 37011.0000
30797.0000 34320.0000 37128.0000
30771.0000 34333.0000 37258.0000
30706.0000 34424.0000 37362.0000
30589.0000 34580.0000 37518.0000
30446.0000 34619.0000 37700.0000
30342.0000 34788.0000 37778.0000
30290.0000 34879.0000 37947.0000
30147.0000 35035.0000 38064.0000
30134.0000 34957.0000 38259.0000
30056.0000 35009.0000 38402.0000
29991.0000 35113.0000 38584.0000
29822.0000 35243.0000 38688.0000
29744.0000 35230.0000 38844.0000
29601.0000 35373.0000 38935.0000
29536.0000 35334.0000 39169.0000
29419.0000 35334.0000 39312.0000
29341.0000 35347.0000 39468.0000
29263.0000 35269.0000 39624.0000
29172.0000 35243.0000 39806.0000
29003.0000 35191.0000 39962.0000
28925.0000 35061.0000 40157.0000
28769.0000 35061.0000 40196.0000
28743.0000 34944.0000 40352.0000
28665.0000 34749.0000 40469.0000
28626.0000 34476.0000 40703.0000
28561.0000 34203.0000 40742.0000
28444.0000 34307.0000 40677.0000
28353.0000 34060.0000 40755.0000
28249.0000 33787.0000 40872.0000
28210.0000 33514.0000 40872.0000
28132.0000 33345.0000 40833.0000
28067.0000 33085.0000 40885.0000
28054.0000 32747.0000 40911.0000
27976.0000 32682.0000 40742.0000
27937.0000 32448.0000 40742.0000
27807.0000 32162.0000 40664.0000
