32370.0000 25948.0000 44785.0000
32188.0000 25688.0000 44668.0000
31980.0000 25532.0000 44499.0000
31720.0000 25207.0000 44356.0000
31434.0000 24856.0000 44200.0000
31083.0000 24557.0000 44005.0000
30732.0000 24297.0000 43719.0000
30290.0000 23972.0000 43394.0000
29783.0000 23608.0000 43121.0000
29263.0000 23478.0000 42614.0000
28717.0000 23244.0000 42159.0000
28054.0000 22919.0000 41574.0000
27326.0000 22711.0000 40911.0000
26520.0000 22620.0000 40053.0000
25597.0000 22438.0000 39234.0000
24544.0000 22451.0000 38194.0000
23348.0000 22711.0000 37037.0000
22165.0000 23140.0000 35685.0000
20956.0000 23907.0000 34372.0000
19747.0000 24999.0000 32916.0000
18733.0000 26429.0000 31551.0000
17849.0000 28405.0000 30004.0000
17303.0000 31057.0000 28808.0000
17251.0000 34151.0000 27846.0000
17979.0000 37830.0000 27495.0000
19539.0000 41743.0000 27768.0000
21983.0000 46007.0000 28834.0000
25311.0000 49881.0000 30719.0000
29302.0000 53482.0000 33436.0000
33735.0000 56108.0000 36868.0000
38337.0000 57694.0000 40820.0000
42627.0000 57655.0000 45006.0000
46280.0000 56459.0000 48958.0000
49062.0000 54093.0000 52403.0000
50973.0000 51194.0000 55172.0000
51948.0000 47710.0000 57148.0000
52156.0000 44109.0000 58500.0000
51701.0000 40703.0000 59137.0000
50856.0000 37882.0000 59202.0000
49764.0000 35347.0000 58877.0000
