41158.0000 27274.0000 50570.0000
41171.0000 27690.0000 50635.0000
41366.0000 27963.0000 50843.0000
41444.0000 28327.0000 50986.0000
41613.0000 28379.0000 51298.0000
41704.0000 28639.0000 51493.0000
41886.0000 28717.0000 51740.0000
42042.0000 28834.0000 51974.0000
42198.0000 28743.0000 52221.0000
42328.0000 28912.0000 52390.0000
42484.0000 28964.0000 52572.0000
42666.0000 28730.0000 52819.0000
42731.0000 28873.0000 52962.0000
42861.0000 28704.0000 53144.0000
42913.0000 28873.0000 53326.0000
43043.0000 28639.0000 53508.0000
43056.0000 28795.0000 53651.0000
43199.0000 28639.0000 53729.0000
43290.0000 28574.0000 53950.0000
43394.0000 28470.0000 54067.0000
43420.0000 28808.0000 54067.0000
43602.0000 28769.0000 54223.0000
43758.0000 28535.0000 54444.0000
43888.0000 28392.0000 54509.0000
43979.0000 28613.0000 54509.0000
44044.0000 28665.0000 54665.0000
44252.0000 28665.0000 54769.0000
44265.0000 28743.0000 54821.0000
44369.0000 28717.0000 54951.0000
44434.0000 28743.0000 55055.0000
44603.0000 28652.0000 55224.0000
44642.0000 28808.0000 55237.0000
44811.0000 28704.0000 55419.0000
44837.0000 28704.0000 55549.0000
44967.0000 28678.0000 55757.0000
45019.0000 28860.0000 55861.0000
45188.0000 28847.0000 56056.0000
45266.0000 28756.0000 56160.0000
45357.0000 28886.0000 56290.0000
45357.0000 28769.0000 56485.0000
