-221.0000 -3003.0000 55354.0000
-286.0000 -2990.0000 55367.0000
-208.0000 -3003.0000 55354.0000
-286.0000 -2964.0000 55367.0000
-221.0000 -2912.0000 55328.0000
-312.0000 -2873.0000 55341.0000
-247.0000 -2834.0000 55328.0000
-312.0000 -2808.0000 55302.0000
-247.0000 -2782.0000 55302.0000
-325.0000 -2808.0000 55289.0000
-234.0000 -2769.0000 55302.0000
-338.0000 -2704.0000 55315.0000
-286.0000 -2730.0000 55315.0000
-377.0000 -2717.0000 55315.0000
-364.0000 -2717.0000 55302.0000
-442.0000 -2613.0000 55341.0000
-403.0000 -2509.0000 55341.0000
-533.0000 -2470.0000 55367.0000
-507.0000 -2457.0000 55341.0000
-611.0000 -2431.0000 55367.0000
-611.0000 -2340.0000 55328.0000
-715.0000 -2262.0000 55393.0000
-689.0000 -2184.0000 55341.0000
-793.0000 -2080.0000 55380.0000
-767.0000 -2015.0000 55367.0000
-910.0000 -1872.0000 55419.0000
-871.0000 -1768.0000 55406.0000
-1014.0000 -1612.0000 55458.0000
-988.0000 -1456.0000 55458.0000
-1118.0000 -1352.0000 55497.0000
-1092.0000 -1222.0000 55497.0000
-1209.0000 -1118.0000 55523.0000
-1183.0000 -1040.0000 55510.0000
-1287.0000 -988.0000 55510.0000
-1235.0000 -936.0000 55536.0000
-1365.0000 -858.0000 55523.0000
-1300.0000 -806.0000 55523.0000
-1417.0000 -702.0000 55510.0000
-1326.0000 -663.0000 55549.0000
-1417.0000 -572.0000 55536.0000
