22880.0000 35932.0000 34320.0000
22672.0000 36647.0000 34190.0000
22542.0000 37050.0000 34099.0000
22399.0000 37479.0000 34190.0000
22425.0000 37791.0000 34190.0000
22308.0000 38376.0000 34138.0000
22269.0000 38909.0000 34008.0000
22256.0000 39260.0000 34190.0000
22269.0000 39637.0000 34203.0000
22282.0000 40053.0000 34255.0000
22295.0000 40430.0000 34320.0000
22412.0000 40833.0000 34411.0000
22568.0000 41106.0000 34411.0000
22737.0000 41470.0000 34541.0000
22854.0000 41847.0000 34463.0000
23049.0000 42042.0000 34658.0000
23140.0000 42315.0000 34645.0000
23296.0000 42614.0000 34593.0000
23361.0000 42913.0000 34736.0000
23634.0000 43121.0000 34736.0000
23751.0000 43446.0000 34684.0000
23881.0000 43719.0000 34671.0000
24063.0000 43797.0000 34697.0000
24141.0000 44161.0000 34632.0000
24297.0000 44252.0000 34580.0000
24388.0000 44590.0000 34541.0000
24674.0000 44876.0000 34294.0000
24726.0000 45136.0000 34281.0000
24791.0000 45487.0000 34112.0000
24908.0000 45617.0000 34216.0000
24973.0000 45955.0000 34021.0000
25103.0000 46228.0000 33904.0000
25103.0000 46618.0000 33865.0000
25259.0000 46917.0000 33761.0000
25298.0000 47164.0000 33800.0000
25311.0000 47541.0000 33683.0000
25363.0000 47762.0000 33722.0000
25415.0000 48178.0000 33488.0000
25415.0000 48516.0000 33306.0000
25428.0000 48958.0000 33423.0000
