16315.0000 50934.0000 98670.0000
17394.0000 47944.0000 98878.0000
18083.0000 44811.0000 98956.0000
18499.0000 41366.0000 98709.0000
18512.0000 38337.0000 98189.0000
18096.0000 35802.0000 97266.0000
17849.0000 33371.0000 96200.0000
17342.0000 30849.0000 94861.0000
16757.0000 29523.0000 93379.0000
16107.0000 28080.0000 91806.0000
15626.0000 26442.0000 90363.0000
15067.0000 25506.0000 88647.0000
14599.0000 24479.0000 87256.0000
14105.0000 24206.0000 85631.0000
13845.0000 23608.0000 84292.0000
13624.0000 23699.0000 82875.0000
13377.0000 23478.0000 81627.0000
13234.0000 23582.0000 80496.0000
13208.0000 23543.0000 79430.0000
13117.0000 23998.0000 78468.0000
13195.0000 24284.0000 77467.0000
13208.0000 24596.0000 76687.0000
13455.0000 25051.0000 75868.0000
13455.0000 25155.0000 75296.0000
13676.0000 25818.0000 74594.0000
13806.0000 25974.0000 73970.0000
13988.0000 26338.0000 73385.0000
14144.0000 26767.0000 72735.0000
14443.0000 26936.0000 72358.0000
14716.0000 27118.0000 71864.0000
14937.0000 27261.0000 71552.0000
15223.0000 27781.0000 70889.0000
15470.0000 27937.0000 70538.0000
15769.0000 28067.0000 70096.0000
16094.0000 28340.0000 69693.0000
16406.0000 28769.0000 69264.0000
16796.0000 28847.0000 68939.0000
16991.0000 29107.0000 68549.0000
17316.0000 29497.0000 68146.0000
17537.0000 29796.0000 67834.0000
