-10634.0000 -14014.0000 50648.0000
-10582.0000 -14027.0000 50700.0000
-10582.0000 -13845.0000 50752.0000
-10582.0000 -13754.0000 50817.0000
-10569.0000 -13767.0000 50843.0000
-10543.0000 -13650.0000 50999.0000
-10439.0000 -13494.0000 51077.0000
-10491.0000 -13351.0000 51181.0000
-10452.0000 -13403.0000 51233.0000
-10400.0000 -13325.0000 51337.0000
-10374.0000 -13065.0000 51506.0000
-10374.0000 -12974.0000 51636.0000
-10348.0000 -12935.0000 51727.0000
-10296.0000 -12870.0000 51909.0000
-10296.0000 -12675.0000 52143.0000
-10283.0000 -12597.0000 52338.0000
-10283.0000 -12454.0000 52546.0000
-10205.0000 -12506.0000 52741.0000
-10231.0000 -12168.0000 53001.0000
-10205.0000 -12129.0000 53235.0000
-10153.0000 -11960.0000 53495.0000
-10049.0000 -11960.0000 53729.0000
-9958.0000 -11739.0000 54054.0000
-9893.0000 -11726.0000 54327.0000
-9841.0000 -11622.0000 54561.0000
-9789.0000 -11726.0000 54782.0000
-9672.0000 -11791.0000 55055.0000
-9659.0000 -11557.0000 55328.0000
-9646.0000 -11414.0000 55627.0000
-9607.0000 -11427.0000 55926.0000
-9503.0000 -11544.0000 56212.0000
-9490.0000 -11401.0000 56524.0000
-9412.0000 -11492.0000 56784.0000
-9425.0000 -11427.0000 57070.0000
-9334.0000 -11674.0000 57317.0000
-9269.0000 -11609.0000 57629.0000
-9191.0000 -11648.0000 57915.0000
-9204.0000 -11648.0000 58201.0000
-9087.0000 -11973.0000 58448.0000
-8996.0000 -11973.0000 58773.0000
