19955.0000 21762.0000 48386.0000
19903.0000 21762.0000 48334.0000
19760.0000 21970.0000 48256.0000
19734.0000 22139.0000 48256.0000
19617.0000 22126.0000 48334.0000
19630.0000 22217.0000 48321.0000
19552.0000 22269.0000 48321.0000
19526.0000 22321.0000 48347.0000
19383.0000 22230.0000 48360.0000
19409.0000 22412.0000 48321.0000
19305.0000 22464.0000 48360.0000
19227.0000 22620.0000 48451.0000
19123.0000 22542.0000 48451.0000
19188.0000 22581.0000 48490.0000
19097.0000 22698.0000 48477.0000
19006.0000 22724.0000 48529.0000
18902.0000 22711.0000 48542.0000
18928.0000 22776.0000 48555.0000
18798.0000 23127.0000 48542.0000
18772.0000 23075.0000 48646.0000
18616.0000 23127.0000 48711.0000
18655.0000 23088.0000 48737.0000
18486.0000 23296.0000 48789.0000
18408.0000 23322.0000 48867.0000
18200.0000 23452.0000 48984.0000
18148.0000 23400.0000 49166.0000
17979.0000 23738.0000 49257.0000
17849.0000 23907.0000 49426.0000
17641.0000 24076.0000 49556.0000
17524.0000 24115.0000 49777.0000
17329.0000 24284.0000 49946.0000
17186.0000 24362.0000 50193.0000
16978.0000 24622.0000 50349.0000
16822.0000 24817.0000 50609.0000
16692.0000 25051.0000 50856.0000
16575.0000 25077.0000 51142.0000
16406.0000 25090.0000 51415.0000
16263.0000 25246.0000 51649.0000
16094.0000 25350.0000 51896.0000
15977.0000 25324.0000 52234.0000
