15509.0000 21424.0000 52663.0000
15496.0000 21320.0000 52546.0000
15457.0000 21164.0000 52559.0000
15496.0000 21255.0000 52416.0000
15418.0000 21203.0000 52403.0000
15379.0000 21008.0000 52377.0000
15249.0000 21008.0000 52377.0000
15327.0000 20826.0000 52286.0000
15262.0000 21008.0000 52156.0000
15223.0000 20800.0000 52117.0000
15093.0000 20514.0000 52078.0000
15028.0000 20345.0000 52013.0000
15028.0000 20332.0000 51831.0000
14976.0000 20449.0000 51714.0000
14872.0000 20306.0000 51675.0000
14807.0000 19955.0000 51662.0000
14703.0000 19643.0000 51662.0000
14703.0000 19708.0000 51415.0000
14612.0000 19617.0000 51311.0000
14573.0000 19474.0000 51181.0000
14417.0000 19201.0000 51155.0000
14378.0000 18902.0000 51025.0000
14222.0000 18811.0000 50947.0000
14196.0000 18811.0000 50752.0000
14027.0000 18798.0000 50687.0000
13975.0000 18577.0000 50622.0000
13871.0000 18525.0000 50531.0000
13754.0000 18252.0000 50466.0000
13611.0000 18291.0000 50362.0000
13533.0000 18265.0000 50180.0000
13442.0000 18174.0000 50128.0000
13377.0000 18122.0000 49946.0000
13260.0000 17979.0000 49933.0000
13195.0000 18070.0000 49712.0000
13117.0000 18031.0000 49621.0000
13091.0000 17966.0000 49478.0000
13000.0000 17927.0000 49348.0000
12974.0000 17901.0000 49192.0000
12883.0000 17797.0000 49049.0000
12870.0000 17719.0000 48867.0000
