-15028.0000 3237.0000 57226.0000
-15249.0000 3042.0000 57330.0000
-15015.0000 3276.0000 57252.0000
-15223.0000 3107.0000 57369.0000
-14963.0000 3094.0000 57317.0000
-15197.0000 2756.0000 57369.0000
-14950.0000 2938.0000 57317.0000
-15184.0000 2964.0000 57408.0000
-14963.0000 3042.0000 57356.0000
-15184.0000 2873.0000 57447.0000
-14950.0000 2925.0000 57408.0000
-15145.0000 2873.0000 57499.0000
-14924.0000 2795.0000 57473.0000
-15132.0000 2652.0000 57538.0000
-14911.0000 2756.0000 57512.0000
-15067.0000 2808.0000 57603.0000
-14859.0000 2808.0000 57564.0000
-15067.0000 2704.0000 57603.0000
-14859.0000 2717.0000 57603.0000
-15028.0000 2600.0000 57577.0000
-14846.0000 2444.0000 57603.0000
-15041.0000 2457.0000 57629.0000
-14859.0000 2613.0000 57616.0000
-15041.0000 2561.0000 57681.0000
-14859.0000 2522.0000 57733.0000
-15028.0000 2509.0000 57772.0000
-14846.0000 2470.0000 57798.0000
-15054.0000 2366.0000 57837.0000
-14924.0000 2366.0000 57863.0000
-15041.0000 2431.0000 57876.0000
-14898.0000 2509.0000 57928.0000
-15002.0000 2418.0000 57967.0000
-14885.0000 2431.0000 58019.0000
-15028.0000 2405.0000 58019.0000
-14911.0000 2327.0000 58071.0000
-15002.0000 2405.0000 58110.0000
-14885.0000 2483.0000 58162.0000
-15002.0000 2496.0000 58227.0000
-14794.0000 2431.0000 58292.0000
-14859.0000 2392.0000 58331.0000
