481.0000 -9750.0000 51636.0000
364.0000 -9451.0000 51675.0000
221.0000 -9334.0000 51675.0000
104.0000 -9321.0000 51636.0000
-26.0000 -9165.0000 51662.0000
-104.0000 -9061.0000 51636.0000
-221.0000 -9009.0000 51597.0000
-299.0000 -8866.0000 51571.0000
-455.0000 -8684.0000 51597.0000
-546.0000 -8684.0000 51545.0000
-663.0000 -8528.0000 51506.0000
-767.0000 -8372.0000 51519.0000
-858.0000 -8320.0000 51519.0000
-897.0000 -8281.0000 51376.0000
-1014.0000 -8177.0000 51376.0000
-1105.0000 -8112.0000 51350.0000
-1209.0000 -8034.0000 51350.0000
-1261.0000 -7982.0000 51259.0000
-1339.0000 -7917.0000 51272.0000
-1391.0000 -7800.0000 51259.0000
-1482.0000 -7735.0000 51246.0000
-1521.0000 -7774.0000 51233.0000
-1612.0000 -7631.0000 51220.0000
-1599.0000 -7605.0000 51181.0000
-1690.0000 -7514.0000 51220.0000
-1677.0000 -7475.0000 51181.0000
-1729.0000 -7527.0000 51207.0000
-1755.0000 -7488.0000 51168.0000
-1794.0000 -7371.0000 51207.0000
-1833.0000 -7319.0000 51207.0000
-1846.0000 -7254.0000 51207.0000
-1846.0000 -7293.0000 51207.0000
-1898.0000 -7280.0000 51207.0000
-1911.0000 -7306.0000 51181.0000
-1937.0000 -7215.0000 51220.0000
-1976.0000 -7085.0000 51233.0000
-2028.0000 -7072.0000 51207.0000
-2041.0000 -7020.0000 51233.0000
-2093.0000 -7111.0000 51207.0000
-2067.0000 -7137.0000 51220.0000
