35360.0000 26091.0000 37089.0000
35386.0000 26156.0000 37063.0000
35334.0000 26260.0000 37011.0000
35347.0000 26260.0000 36959.0000
35373.0000 26338.0000 36881.0000
35360.0000 26338.0000 36920.0000
35347.0000 26364.0000 36933.0000
35360.0000 26390.0000 36881.0000
35399.0000 26429.0000 36803.0000
35425.0000 26520.0000 36738.0000
35373.0000 26598.0000 36686.0000
35347.0000 26637.0000 36686.0000
35321.0000 26702.0000 36621.0000
35373.0000 26702.0000 36595.0000
35347.0000 26754.0000 36556.0000
35321.0000 26793.0000 36608.0000
35373.0000 26741.0000 36504.0000
35360.0000 26806.0000 36439.0000
35334.0000 26975.0000 36348.0000
35295.0000 27053.0000 36335.0000
35282.0000 27079.0000 36296.0000
35282.0000 27144.0000 36270.0000
35269.0000 27131.0000 36257.0000
35269.0000 27170.0000 36309.0000
35217.0000 27248.0000 36192.0000
35243.0000 27326.0000 36127.0000
35256.0000 27378.0000 36049.0000
35243.0000 27469.0000 36062.0000
35204.0000 27482.0000 36036.0000
35165.0000 27586.0000 35971.0000
35113.0000 27638.0000 35971.0000
35087.0000 27625.0000 35971.0000
35048.0000 27729.0000 35893.0000
34983.0000 27846.0000 35841.0000
34944.0000 27937.0000 35802.0000
34931.0000 28028.0000 35815.0000
34840.0000 28119.0000 35828.0000
34801.0000 28210.0000 35841.0000
34710.0000 28275.0000 35854.0000
34671.0000 28353.0000 35867.0000
