39663.0000 33150.0000 45162.0000
39780.0000 33371.0000 45162.0000
39884.0000 33813.0000 45253.0000
40001.0000 34151.0000 45253.0000
40170.0000 34580.0000 45357.0000
40300.0000 34814.0000 45630.0000
40482.0000 35152.0000 45786.0000
40521.0000 35516.0000 45838.0000
40703.0000 35984.0000 45968.0000
40729.0000 36218.0000 46228.0000
40807.0000 36556.0000 46527.0000
40820.0000 36842.0000 46735.0000
40963.0000 37141.0000 47008.0000
40924.0000 37453.0000 47268.0000
40989.0000 37739.0000 47606.0000
40924.0000 37947.0000 47853.0000
40963.0000 38077.0000 48178.0000
40820.0000 38142.0000 48503.0000
40820.0000 38220.0000 48906.0000
40664.0000 38207.0000 49153.0000
40690.0000 38181.0000 49413.0000
40560.0000 38194.0000 49608.0000
40521.0000 37999.0000 49907.0000
40404.0000 37778.0000 50024.0000
40352.0000 37544.0000 50076.0000
40274.0000 37310.0000 50154.0000
40235.0000 37037.0000 50193.0000
40222.0000 36764.0000 50128.0000
40274.0000 36595.0000 49946.0000
40313.0000 36543.0000 49725.0000
40365.0000 36218.0000 49621.0000
40326.0000 36023.0000 49413.0000
40365.0000 35750.0000 49179.0000
40352.0000 35659.0000 48945.0000
40443.0000 35516.0000 48685.0000
40404.0000 35347.0000 48490.0000
40508.0000 35204.0000 48230.0000
40612.0000 35100.0000 47970.0000
40716.0000 35022.0000 47697.0000
40690.0000 34892.0000 47528.0000
