32916.0000 14261.0000 35204.0000
32877.0000 14976.0000 34749.0000
32812.0000 15600.0000 34554.0000
32773.0000 16211.0000 34372.0000
32656.0000 16744.0000 34320.0000
32526.0000 17537.0000 34216.0000
32396.0000 18187.0000 34242.0000
32266.0000 18824.0000 34359.0000
32162.0000 19370.0000 34567.0000
32006.0000 20215.0000 34710.0000
31850.0000 20800.0000 34905.0000
31668.0000 21476.0000 35230.0000
31499.0000 21918.0000 35581.0000
31252.0000 22503.0000 35919.0000
31018.0000 23010.0000 36348.0000
30745.0000 23413.0000 36816.0000
30511.0000 23842.0000 37245.0000
30186.0000 24141.0000 37726.0000
29913.0000 24531.0000 38181.0000
29653.0000 24817.0000 38649.0000
29341.0000 25116.0000 39104.0000
29068.0000 25168.0000 39676.0000
28743.0000 25441.0000 40131.0000
28496.0000 25662.0000 40443.0000
28184.0000 25844.0000 40924.0000
27937.0000 25935.0000 41392.0000
27625.0000 25935.0000 41834.0000
27378.0000 26078.0000 42250.0000
27118.0000 26143.0000 42627.0000
26832.0000 26195.0000 43004.0000
26559.0000 26130.0000 43433.0000
26273.0000 26104.0000 43862.0000
25974.0000 26000.0000 44265.0000
25727.0000 26091.0000 44603.0000
25506.0000 26091.0000 45006.0000
25246.0000 25987.0000 45396.0000
25038.0000 25870.0000 45864.0000
24804.0000 25740.0000 46189.0000
24596.0000 25662.0000 46540.0000
24310.0000 25480.0000 46865.0000
