31369.0000 49517.0000 46072.0000
31369.0000 49595.0000 45773.0000
31382.0000 49686.0000 45526.0000
31395.0000 49673.0000 45266.0000
31395.0000 49660.0000 45045.0000
31434.0000 49582.0000 44772.0000
31408.0000 49543.0000 44642.0000
31460.0000 49517.0000 44369.0000
31434.0000 49491.0000 44174.0000
31460.0000 49426.0000 43888.0000
31473.0000 49387.0000 43654.0000
31473.0000 49387.0000 43368.0000
31460.0000 49348.0000 43186.0000
31512.0000 49283.0000 42926.0000
31486.0000 49205.0000 42744.0000
31499.0000 49114.0000 42497.0000
31486.0000 49062.0000 42315.0000
31512.0000 49049.0000 42055.0000
31473.0000 48932.0000 41860.0000
31447.0000 48841.0000 41665.0000
31460.0000 48711.0000 41483.0000
31460.0000 48672.0000 41223.0000
31473.0000 48659.0000 40937.0000
31434.0000 48607.0000 40664.0000
31447.0000 48477.0000 40495.0000
31408.0000 48295.0000 40313.0000
31434.0000 48165.0000 40092.0000
31369.0000 48087.0000 39845.0000
31421.0000 47983.0000 39624.0000
31356.0000 47905.0000 39481.0000
31343.0000 47723.0000 39286.0000
31304.0000 47541.0000 39156.0000
31291.0000 47450.0000 38961.0000
31278.0000 47359.0000 38714.0000
31252.0000 47294.0000 38571.0000
31252.0000 47060.0000 38454.0000
31317.0000 46982.0000 38298.0000
31265.0000 46787.0000 38103.0000
31239.0000 46722.0000 37947.0000
31213.0000 46592.0000 37726.0000
