21736.0000 36179.0000 33098.0000
21567.0000 36972.0000 32864.0000
21528.0000 37427.0000 32929.0000
21385.0000 38168.0000 32812.0000
21385.0000 38649.0000 32721.0000
21333.0000 39130.0000 33007.0000
21333.0000 39715.0000 32929.0000
21385.0000 40183.0000 33176.0000
21424.0000 40651.0000 33098.0000
21463.0000 41106.0000 33384.0000
21515.0000 41678.0000 33345.0000
21619.0000 42016.0000 33605.0000
21723.0000 42419.0000 33540.0000
21853.0000 42783.0000 33761.0000
21996.0000 43290.0000 33774.0000
22308.0000 43472.0000 34034.0000
22464.0000 43849.0000 34047.0000
22685.0000 44187.0000 34034.0000
22906.0000 44473.0000 34112.0000
23114.0000 44681.0000 34138.0000
23283.0000 44941.0000 34229.0000
23452.0000 45279.0000 34294.0000
23699.0000 45435.0000 34398.0000
23881.0000 45812.0000 34112.0000
24063.0000 45929.0000 34242.0000
24206.0000 46176.0000 34307.0000
24505.0000 46254.0000 34294.0000
24596.0000 46683.0000 34268.0000
24739.0000 47034.0000 34099.0000
24999.0000 47125.0000 34255.0000
25142.0000 47515.0000 33891.0000
25285.0000 47736.0000 33969.0000
25363.0000 48022.0000 33878.0000
25584.0000 48126.0000 33943.0000
25610.0000 48594.0000 33657.0000
25701.0000 48802.0000 33553.0000
25779.0000 49088.0000 33514.0000
25935.0000 49374.0000 33293.0000
25961.0000 49595.0000 33215.0000
25974.0000 49972.0000 33098.0000
