9802.0000 -12506.0000 50349.0000
9724.0000 -12532.0000 50466.0000
9581.0000 -12558.0000 50609.0000
9464.0000 -12545.0000 50726.0000
9347.0000 -12558.0000 50908.0000
9191.0000 -12558.0000 51038.0000
8996.0000 -12558.0000 51220.0000
8879.0000 -12636.0000 51350.0000
8697.0000 -12558.0000 51545.0000
8593.0000 -12506.0000 51701.0000
8424.0000 -12519.0000 51857.0000
8333.0000 -12506.0000 52000.0000
8138.0000 -12519.0000 52169.0000
8008.0000 -12493.0000 52299.0000
7852.0000 -12454.0000 52533.0000
7735.0000 -12402.0000 52637.0000
7553.0000 -12376.0000 52845.0000
7475.0000 -12298.0000 53001.0000
7384.0000 -12298.0000 53144.0000
7280.0000 -12259.0000 53287.0000
7150.0000 -12194.0000 53430.0000
7085.0000 -12116.0000 53586.0000
6890.0000 -12064.0000 53729.0000
6825.0000 -11973.0000 53872.0000
6669.0000 -11973.0000 54002.0000
6578.0000 -11908.0000 54210.0000
6526.0000 -11856.0000 54288.0000
6396.0000 -11765.0000 54418.0000
6279.0000 -11713.0000 54548.0000
6162.0000 -11648.0000 54678.0000
6071.0000 -11570.0000 54808.0000
5993.0000 -11466.0000 54938.0000
5876.0000 -11401.0000 55042.0000
5811.0000 -11284.0000 55211.0000
5720.0000 -11180.0000 55315.0000
5681.0000 -11063.0000 55432.0000
5629.0000 -10972.0000 55523.0000
5590.0000 -10907.0000 55614.0000
5525.0000 -10803.0000 55718.0000
5460.0000 -10725.0000 55809.0000
