1833.0000 -2301.0000 54938.0000
1781.0000 -2275.0000 54912.0000
1820.0000 -2288.0000 54925.0000
1781.0000 -2288.0000 54899.0000
1768.0000 -2288.0000 54912.0000
1729.0000 -2249.0000 54873.0000
1755.0000 -2223.0000 54873.0000
1703.0000 -2197.0000 54860.0000
1703.0000 -2197.0000 54860.0000
1651.0000 -2158.0000 54821.0000
1651.0000 -2106.0000 54847.0000
1599.0000 -2080.0000 54821.0000
1599.0000 -2041.0000 54795.0000
1560.0000 -1950.0000 54769.0000
1560.0000 -2002.0000 54782.0000
1534.0000 -1963.0000 54769.0000
1547.0000 -1989.0000 54756.0000
1495.0000 -1950.0000 54743.0000
1521.0000 -1976.0000 54717.0000
1521.0000 -1911.0000 54717.0000
1534.0000 -1833.0000 54678.0000
1495.0000 -1833.0000 54678.0000
1521.0000 -1794.0000 54678.0000
1456.0000 -1638.0000 54665.0000
1443.0000 -1612.0000 54652.0000
1417.0000 -1625.0000 54678.0000
1443.0000 -1573.0000 54639.0000
1339.0000 -1560.0000 54600.0000
1313.0000 -1586.0000 54600.0000
1274.0000 -1586.0000 54561.0000
1274.0000 -1547.0000 54574.0000
1209.0000 -1573.0000 54509.0000
1196.0000 -1586.0000 54548.0000
1118.0000 -1508.0000 54509.0000
1105.0000 -1495.0000 54509.0000
1040.0000 -1469.0000 54470.0000
1014.0000 -1391.0000 54522.0000
1001.0000 -1430.0000 54470.0000
1027.0000 -1456.0000 54483.0000
962.0000 -1417.0000 54444.0000
