8996.0000 -2925.0000 56927.0000
8905.0000 -2860.0000 56888.0000
8944.0000 -2899.0000 56888.0000
8827.0000 -2873.0000 56849.0000
8879.0000 -2925.0000 56823.0000
8801.0000 -2951.0000 56836.0000
8788.0000 -2964.0000 56784.0000
8762.0000 -2938.0000 56797.0000
8762.0000 -2886.0000 56758.0000
8697.0000 -2912.0000 56732.0000
8710.0000 -2873.0000 56706.0000
8632.0000 -2886.0000 56693.0000
8645.0000 -2847.0000 56693.0000
8567.0000 -2821.0000 56654.0000
8593.0000 -2834.0000 56667.0000
8502.0000 -2808.0000 56628.0000
8515.0000 -2743.0000 56589.0000
8463.0000 -2665.0000 56576.0000
8437.0000 -2600.0000 56563.0000
8372.0000 -2665.0000 56550.0000
8398.0000 -2652.0000 56524.0000
8307.0000 -2717.0000 56485.0000
8333.0000 -2704.0000 56446.0000
8242.0000 -2665.0000 56459.0000
8242.0000 -2639.0000 56381.0000
8190.0000 -2652.0000 56368.0000
8216.0000 -2678.0000 56329.0000
8138.0000 -2613.0000 56316.0000
8138.0000 -2626.0000 56290.0000
8073.0000 -2522.0000 56251.0000
8060.0000 -2470.0000 56225.0000
8008.0000 -2405.0000 56199.0000
7982.0000 -2353.0000 56186.0000
7917.0000 -2288.0000 56160.0000
7904.0000 -2301.0000 56147.0000
7813.0000 -2275.0000 56147.0000
7787.0000 -2288.0000 56082.0000
7709.0000 -2314.0000 56069.0000
7696.0000 -2353.0000 56056.0000
7618.0000 -2301.0000 56043.0000
