-9178.0000 -14417.0000 57642.0000
-9308.0000 -14053.0000 57486.0000
-9308.0000 -13442.0000 57421.0000
-9399.0000 -13728.0000 57265.0000
-9425.0000 -13000.0000 57278.0000
-9451.0000 -12922.0000 57252.0000
-9568.0000 -12493.0000 57187.0000
-9659.0000 -12805.0000 57109.0000
-9711.0000 -11960.0000 57226.0000
-9815.0000 -11505.0000 57395.0000
-9880.0000 -11492.0000 57460.0000
-10010.0000 -11323.0000 57642.0000
-10075.0000 -11115.0000 57772.0000
-10192.0000 -10556.0000 58032.0000
-10283.0000 -10881.0000 58110.0000
-10374.0000 -10244.0000 58500.0000
-10426.0000 -10465.0000 58656.0000
-10595.0000 -9815.0000 58994.0000
-10634.0000 -10543.0000 59124.0000
-10803.0000 -9854.0000 59488.0000
-10894.0000 -9737.0000 59748.0000
-11063.0000 -9958.0000 59956.0000
-11167.0000 -10283.0000 60203.0000
-11401.0000 -9945.0000 60541.0000
-11518.0000 -9789.0000 60853.0000
-11648.0000 -10127.0000 61100.0000
-11869.0000 -10192.0000 61412.0000
-12038.0000 -10361.0000 61633.0000
-12233.0000 -10413.0000 61919.0000
-12376.0000 -10673.0000 62166.0000
-12597.0000 -10660.0000 62465.0000
-12649.0000 -10868.0000 62712.0000
-12753.0000 -11180.0000 62920.0000
-12844.0000 -11401.0000 63180.0000
-13013.0000 -11635.0000 63297.0000
-13143.0000 -11778.0000 63544.0000
-13247.0000 -12038.0000 63700.0000
-13442.0000 -12233.0000 63921.0000
-13468.0000 -12623.0000 64038.0000
-13702.0000 -12740.0000 64233.0000
