35308.0000 29887.0000 49725.0000
35256.0000 29666.0000 49686.0000
35204.0000 29588.0000 49517.0000
35230.0000 29575.0000 49283.0000
35126.0000 29562.0000 49127.0000
35061.0000 29380.0000 49049.0000
35009.0000 29302.0000 48932.0000
34944.0000 29172.0000 48789.0000
34931.0000 29211.0000 48542.0000
34905.0000 29224.0000 48386.0000
34840.0000 29055.0000 48256.0000
34788.0000 29055.0000 48100.0000
34736.0000 28977.0000 47944.0000
34697.0000 28990.0000 47723.0000
34671.0000 28964.0000 47515.0000
34619.0000 28873.0000 47476.0000
34645.0000 28912.0000 47229.0000
34632.0000 28912.0000 47125.0000
34593.0000 29120.0000 46826.0000
34619.0000 29133.0000 46683.0000
34619.0000 29081.0000 46553.0000
34619.0000 29159.0000 46410.0000
34593.0000 29211.0000 46280.0000
34541.0000 29484.0000 46059.0000
34515.0000 29627.0000 45929.0000
34463.0000 29653.0000 45942.0000
34463.0000 29731.0000 45838.0000
34463.0000 29887.0000 45760.0000
34424.0000 30212.0000 45539.0000
34424.0000 30433.0000 45487.0000
34372.0000 30589.0000 45500.0000
34372.0000 30550.0000 45565.0000
34346.0000 30602.0000 45526.0000
34359.0000 31018.0000 45370.0000
34307.0000 31200.0000 45331.0000
34294.0000 31252.0000 45474.0000
34320.0000 31083.0000 45591.0000
34307.0000 31226.0000 45630.0000
34320.0000 31577.0000 45474.0000
34346.0000 31720.0000 45513.0000
