11726.0000 -11570.0000 47216.0000
11531.0000 -11570.0000 47307.0000
11453.0000 -11609.0000 47320.0000
11258.0000 -11622.0000 47411.0000
11141.0000 -11609.0000 47411.0000
10972.0000 -11635.0000 47541.0000
10881.0000 -11635.0000 47515.0000
10660.0000 -11648.0000 47606.0000
10517.0000 -11609.0000 47645.0000
10374.0000 -11661.0000 47684.0000
10257.0000 -11622.0000 47697.0000
10088.0000 -11635.0000 47788.0000
9984.0000 -11635.0000 47801.0000
9867.0000 -11648.0000 47840.0000
9776.0000 -11648.0000 47866.0000
9633.0000 -11622.0000 47931.0000
9529.0000 -11622.0000 47983.0000
9373.0000 -11635.0000 48035.0000
9295.0000 -11596.0000 48035.0000
9139.0000 -11609.0000 48126.0000
9048.0000 -11609.0000 48139.0000
8892.0000 -11583.0000 48217.0000
8801.0000 -11596.0000 48217.0000
8645.0000 -11609.0000 48308.0000
8567.0000 -11583.0000 48295.0000
8385.0000 -11557.0000 48360.0000
8294.0000 -11570.0000 48373.0000
8151.0000 -11544.0000 48412.0000
8047.0000 -11531.0000 48477.0000
7917.0000 -11531.0000 48516.0000
7800.0000 -11492.0000 48568.0000
7683.0000 -11505.0000 48607.0000
7579.0000 -11505.0000 48659.0000
7410.0000 -11453.0000 48724.0000
7306.0000 -11453.0000 48789.0000
7137.0000 -11401.0000 48867.0000
7007.0000 -11388.0000 48893.0000
6851.0000 -11284.0000 48984.0000
6760.0000 -11271.0000 49010.0000
6591.0000 -11232.0000 49114.0000
