2457.0000 -39442.0000 79781.0000
2132.0000 -39585.0000 79625.0000
1885.0000 -39884.0000 79313.0000
1508.0000 -40053.0000 79131.0000
1222.0000 -40183.0000 78871.0000
832.0000 -40365.0000 78767.0000
611.0000 -40508.0000 78442.0000
247.0000 -40651.0000 78247.0000
-39.0000 -40716.0000 77987.0000
-416.0000 -40950.0000 77740.0000
-715.0000 -40976.0000 77480.0000
-1105.0000 -41067.0000 77285.0000
-1456.0000 -41210.0000 76947.0000
-1859.0000 -41418.0000 76622.0000
-2210.0000 -41366.0000 76479.0000
-2600.0000 -41405.0000 76206.0000
-2873.0000 -41457.0000 75855.0000
-3263.0000 -41574.0000 75517.0000
-3588.0000 -41821.0000 75205.0000
-3926.0000 -41626.0000 74984.0000
-4212.0000 -41587.0000 74737.0000
-4563.0000 -41561.0000 74490.0000
-4823.0000 -41678.0000 74087.0000
-5083.0000 -41509.0000 73957.0000
-5278.0000 -41418.0000 73736.0000
-5564.0000 -41249.0000 73489.0000
-5772.0000 -41275.0000 73203.0000
-5980.0000 -41249.0000 73034.0000
-6240.0000 -41158.0000 72787.0000
-6513.0000 -41028.0000 72631.0000
-6695.0000 -40976.0000 72410.0000
-6903.0000 -41054.0000 72176.0000
-7085.0000 -40833.0000 72046.0000
-7241.0000 -40794.0000 71929.0000
-7397.0000 -40690.0000 71799.0000
-7605.0000 -40820.0000 71539.0000
-7709.0000 -40586.0000 71500.0000
-7878.0000 -40495.0000 71513.0000
-8034.0000 -40469.0000 71383.0000
-8151.0000 -40521.0000 71253.0000
