-16614.0000 -19721.0000 64870.0000
-16614.0000 -19864.0000 64896.0000
-16627.0000 -20124.0000 64831.0000
-16510.0000 -20436.0000 64844.0000
-16510.0000 -20748.0000 64727.0000
-16484.0000 -20878.0000 64792.0000
-16458.0000 -21203.0000 64636.0000
-16497.0000 -21502.0000 64623.0000
-16484.0000 -22022.0000 64532.0000
-16523.0000 -22022.0000 64597.0000
-16562.0000 -22451.0000 64519.0000
-16549.0000 -22542.0000 64558.0000
-16575.0000 -22984.0000 64467.0000
-16601.0000 -23309.0000 64454.0000
-16653.0000 -23543.0000 64428.0000
-16666.0000 -23725.0000 64480.0000
-16640.0000 -23764.0000 64506.0000
-16588.0000 -23998.0000 64454.0000
-16562.0000 -24336.0000 64311.0000
-16549.0000 -24492.0000 64298.0000
-16497.0000 -24609.0000 64220.0000
-16523.0000 -25090.0000 63999.0000
-16484.0000 -25207.0000 63921.0000
-16510.0000 -25415.0000 63765.0000
-16471.0000 -25571.0000 63609.0000
-16497.0000 -26013.0000 63375.0000
-16432.0000 -26104.0000 63219.0000
-16510.0000 -26338.0000 63037.0000
-16497.0000 -26455.0000 62777.0000
-16471.0000 -26715.0000 62556.0000
-16510.0000 -26728.0000 62335.0000
-16458.0000 -26806.0000 62179.0000
-16445.0000 -27001.0000 61906.0000
-16471.0000 -26949.0000 61789.0000
-16510.0000 -27118.0000 61516.0000
-16601.0000 -27079.0000 61295.0000
-16588.0000 -27235.0000 61022.0000
-16679.0000 -27105.0000 60905.0000
-16692.0000 -27014.0000 60762.0000
-16718.0000 -27196.0000 60463.0000
