30303.0000 34164.0000 51597.0000
30342.0000 34086.0000 51519.0000
30342.0000 33943.0000 51480.0000
30420.0000 33956.0000 51376.0000
30433.0000 33787.0000 51324.0000
30446.0000 33761.0000 51233.0000
30498.0000 33644.0000 51168.0000
30472.0000 33592.0000 51077.0000
30524.0000 33475.0000 51025.0000
30511.0000 33397.0000 50947.0000
30537.0000 33306.0000 50882.0000
30550.0000 33215.0000 50804.0000
30615.0000 33085.0000 50765.0000
30615.0000 32955.0000 50661.0000
30628.0000 32903.0000 50609.0000
30654.0000 32773.0000 50518.0000
30641.0000 32760.0000 50453.0000
30654.0000 32604.0000 50336.0000
30615.0000 32565.0000 50310.0000
30654.0000 32422.0000 50206.0000
30641.0000 32409.0000 50115.0000
30680.0000 32279.0000 50011.0000
30680.0000 32240.0000 49933.0000
30680.0000 32201.0000 49803.0000
30667.0000 32123.0000 49764.0000
30667.0000 31980.0000 49673.0000
30719.0000 31889.0000 49582.0000
30745.0000 31798.0000 49504.0000
30784.0000 31720.0000 49426.0000
30849.0000 31655.0000 49296.0000
30914.0000 31603.0000 49205.0000
30901.0000 31512.0000 49075.0000
30940.0000 31408.0000 49010.0000
30966.0000 31343.0000 48906.0000
30979.0000 31252.0000 48815.0000
31044.0000 31174.0000 48698.0000
31109.0000 31083.0000 48581.0000
31083.0000 30979.0000 48464.0000
31135.0000 30901.0000 48373.0000
31109.0000 30797.0000 48269.0000
