31512.0000 29471.0000 45994.0000
31564.0000 29484.0000 45903.0000
31564.0000 29406.0000 45773.0000
31512.0000 29380.0000 45669.0000
31551.0000 29302.0000 45578.0000
31551.0000 29237.0000 45448.0000
31616.0000 29198.0000 45318.0000
31629.0000 29146.0000 45188.0000
31655.0000 29172.0000 45045.0000
31603.0000 29094.0000 44980.0000
31590.0000 29042.0000 44902.0000
31564.0000 28990.0000 44759.0000
31603.0000 28964.0000 44694.0000
31655.0000 28873.0000 44551.0000
31577.0000 28860.0000 44499.0000
31616.0000 28808.0000 44382.0000
31577.0000 28808.0000 44317.0000
31629.0000 28808.0000 44174.0000
31616.0000 28782.0000 44083.0000
31720.0000 28717.0000 43940.0000
31707.0000 28717.0000 43836.0000
31720.0000 28704.0000 43758.0000
31733.0000 28691.0000 43654.0000
31720.0000 28639.0000 43576.0000
31733.0000 28613.0000 43446.0000
31785.0000 28587.0000 43355.0000
31759.0000 28574.0000 43264.0000
31746.0000 28587.0000 43160.0000
31733.0000 28574.0000 43069.0000
31746.0000 28548.0000 42965.0000
31759.0000 28522.0000 42835.0000
31785.0000 28496.0000 42757.0000
31811.0000 28509.0000 42640.0000
31798.0000 28548.0000 42536.0000
31733.0000 28535.0000 42458.0000
31746.0000 28522.0000 42341.0000
31720.0000 28574.0000 42302.0000
31746.0000 28535.0000 42198.0000
31720.0000 28639.0000 42081.0000
31733.0000 28626.0000 42003.0000
