-9321.0000 -5356.0000 52507.0000
-9269.0000 -5330.0000 52546.0000
-9217.0000 -5343.0000 52572.0000
-9178.0000 -5226.0000 52650.0000
-9126.0000 -5187.0000 52676.0000
-9061.0000 -5109.0000 52741.0000
-9048.0000 -5005.0000 52780.0000
-9061.0000 -4836.0000 52858.0000
-9035.0000 -4680.0000 52910.0000
-9022.0000 -4524.0000 53014.0000
-9009.0000 -4381.0000 53040.0000
-9048.0000 -4173.0000 53144.0000
-9048.0000 -3978.0000 53222.0000
-9100.0000 -3757.0000 53287.0000
-9100.0000 -3523.0000 53339.0000
-9126.0000 -3289.0000 53404.0000
-9139.0000 -3133.0000 53443.0000
-9191.0000 -2951.0000 53508.0000
-9152.0000 -2860.0000 53521.0000
-9191.0000 -2665.0000 53560.0000
-9204.0000 -2613.0000 53573.0000
-9204.0000 -2535.0000 53612.0000
-9178.0000 -2522.0000 53586.0000
-9217.0000 -2483.0000 53612.0000
-9204.0000 -2470.0000 53586.0000
-9230.0000 -2444.0000 53612.0000
-9191.0000 -2483.0000 53612.0000
-9204.0000 -2470.0000 53612.0000
-9152.0000 -2483.0000 53599.0000
-9139.0000 -2470.0000 53612.0000
-9087.0000 -2470.0000 53612.0000
-9126.0000 -2444.0000 53638.0000
-9074.0000 -2483.0000 53625.0000
-9100.0000 -2457.0000 53651.0000
-9048.0000 -2509.0000 53638.0000
-9048.0000 -2483.0000 53638.0000
-9022.0000 -2509.0000 53638.0000
-9009.0000 -2535.0000 53651.0000
-8983.0000 -2561.0000 53651.0000
-8983.0000 -2561.0000 53651.0000
