-7254.0000 -45474.0000 62959.0000
-6955.0000 -45682.0000 62699.0000
-6630.0000 -45864.0000 62491.0000
-6357.0000 -46059.0000 62218.0000
-6006.0000 -46254.0000 61971.0000
-5733.0000 -46371.0000 61750.0000
-5421.0000 -46501.0000 61516.0000
-5135.0000 -46735.0000 61217.0000
-4797.0000 -46904.0000 60918.0000
-4511.0000 -47073.0000 60645.0000
-4173.0000 -47294.0000 60372.0000
-3887.0000 -47528.0000 60099.0000
-3549.0000 -47671.0000 59878.0000
-3237.0000 -47840.0000 59618.0000
-2938.0000 -47970.0000 59384.0000
-2678.0000 -48061.0000 59137.0000
-2301.0000 -48295.0000 58942.0000
-2015.0000 -48412.0000 58695.0000
-1703.0000 -48594.0000 58435.0000
-1365.0000 -48789.0000 58240.0000
-988.0000 -48880.0000 57941.0000
-689.0000 -49010.0000 57707.0000
-286.0000 -49218.0000 57421.0000
26.0000 -49296.0000 57200.0000
377.0000 -49465.0000 56888.0000
741.0000 -49686.0000 56628.0000
1118.0000 -49751.0000 56355.0000
1469.0000 -49985.0000 56056.0000
1872.0000 -50115.0000 55809.0000
2197.0000 -50258.0000 55523.0000
2626.0000 -50401.0000 55276.0000
2938.0000 -50518.0000 55042.0000
3354.0000 -50596.0000 54743.0000
3705.0000 -50804.0000 54483.0000
4121.0000 -50869.0000 54236.0000
4485.0000 -51025.0000 53963.0000
4888.0000 -51116.0000 53716.0000
5304.0000 -51194.0000 53430.0000
5772.0000 -51324.0000 53131.0000
6136.0000 -51402.0000 52858.0000
