20748.0000 72761.0000 62192.0000
20267.0000 72423.0000 63336.0000
19721.0000 73125.0000 63518.0000
19318.0000 72748.0000 64753.0000
18733.0000 73190.0000 65234.0000
18265.0000 73203.0000 65832.0000
17667.0000 73411.0000 66690.0000
17225.0000 73268.0000 67717.0000
16614.0000 73398.0000 68471.0000
15990.0000 73684.0000 69017.0000
15457.0000 73593.0000 70148.0000
14989.0000 73125.0000 71318.0000
14352.0000 73112.0000 72254.0000
13663.0000 73255.0000 72982.0000
13078.0000 72865.0000 74139.0000
12350.0000 72787.0000 74945.0000
11622.0000 72202.0000 76154.0000
10790.0000 71812.0000 77194.0000
10075.0000 70941.0000 78455.0000
9321.0000 70642.0000 79196.0000
8346.0000 69628.0000 80210.0000
7475.0000 68770.0000 81315.0000
6591.0000 67236.0000 82186.0000
5551.0000 66235.0000 82992.0000
4485.0000 65195.0000 83265.0000
3367.0000 63440.0000 84084.0000
2249.0000 62400.0000 83980.0000
741.0000 60515.0000 84318.0000
-780.0000 59696.0000 83941.0000
-2262.0000 57681.0000 83681.0000
-4108.0000 56784.0000 82966.0000
-5824.0000 55913.0000 81614.0000
-7488.0000 55068.0000 81133.0000
-8801.0000 55536.0000 79274.0000
-9997.0000 55991.0000 78572.0000
-10569.0000 58513.0000 77090.0000
-9880.0000 59917.0000 77337.0000
-8541.0000 63856.0000 77311.0000
-5577.0000 66300.0000 79040.0000
-1495.0000 70447.0000 81536.0000
