-15145.0000 4849.0000 54652.0000
-15184.0000 4745.0000 54925.0000
-15171.0000 4745.0000 54678.0000
-15197.0000 4654.0000 54925.0000
-15158.0000 4745.0000 54717.0000
-15223.0000 4602.0000 54964.0000
-15184.0000 4680.0000 54782.0000
-15197.0000 4628.0000 55016.0000
-15197.0000 4719.0000 54821.0000
-15223.0000 4615.0000 55042.0000
-15236.0000 4706.0000 54886.0000
-15210.0000 4602.0000 55081.0000
-15223.0000 4745.0000 54912.0000
-15249.0000 4628.0000 55081.0000
-15197.0000 4706.0000 54938.0000
-15184.0000 4641.0000 55159.0000
-15145.0000 4732.0000 55016.0000
-15132.0000 4576.0000 55198.0000
-15106.0000 4745.0000 55042.0000
-15132.0000 4654.0000 55237.0000
-15093.0000 4719.0000 55068.0000
-15080.0000 4615.0000 55237.0000
-15093.0000 4745.0000 55107.0000
-15106.0000 4602.0000 55250.0000
-15067.0000 4680.0000 55133.0000
-15106.0000 4576.0000 55276.0000
-15054.0000 4693.0000 55185.0000
-15119.0000 4524.0000 55341.0000
-15106.0000 4628.0000 55237.0000
-15184.0000 4524.0000 55380.0000
-15210.0000 4654.0000 55302.0000
-15249.0000 4524.0000 55419.0000
-15288.0000 4615.0000 55328.0000
-15275.0000 4446.0000 55445.0000
-15262.0000 4641.0000 55380.0000
-15236.0000 4537.0000 55510.0000
-15210.0000 4680.0000 55458.0000
-15197.0000 4550.0000 55588.0000
-15184.0000 4719.0000 55510.0000
-15171.0000 4641.0000 55588.0000
