-15444.0000 5447.0000 55536.0000
-15340.0000 5668.0000 55549.0000
-15457.0000 5746.0000 55640.0000
-15353.0000 6019.0000 55614.0000
-15496.0000 6058.0000 55679.0000
-15457.0000 6318.0000 55692.0000
-15548.0000 6500.0000 55757.0000
-15496.0000 6747.0000 55770.0000
-15600.0000 6851.0000 55861.0000
-15561.0000 7150.0000 55861.0000
-15704.0000 7358.0000 55978.0000
-15626.0000 7631.0000 55978.0000
-15769.0000 7735.0000 56069.0000
-15678.0000 7995.0000 56017.0000
-15795.0000 8073.0000 56147.0000
-15717.0000 8372.0000 56121.0000
-15847.0000 8541.0000 56251.0000
-15743.0000 8801.0000 56251.0000
-15834.0000 8892.0000 56342.0000
-15756.0000 9230.0000 56368.0000
-15886.0000 9334.0000 56459.0000
-15795.0000 9607.0000 56459.0000
-15873.0000 9711.0000 56550.0000
-15834.0000 10023.0000 56550.0000
-15899.0000 10153.0000 56654.0000
-15834.0000 10439.0000 56615.0000
-15873.0000 10582.0000 56745.0000
-15821.0000 10855.0000 56693.0000
-15873.0000 10946.0000 56823.0000
-15808.0000 11154.0000 56784.0000
-15873.0000 11232.0000 56901.0000
-15782.0000 11414.0000 56849.0000
-15808.0000 11466.0000 56966.0000
-15730.0000 11635.0000 56875.0000
-15821.0000 11570.0000 57005.0000
-15730.0000 11739.0000 56888.0000
-15834.0000 11648.0000 56992.0000
-15730.0000 11752.0000 56901.0000
-15795.0000 11622.0000 57005.0000
-15743.0000 11726.0000 56901.0000
