-14677.0000 -2938.0000 52065.0000
-14586.0000 -2925.0000 52078.0000
-14391.0000 -3133.0000 52026.0000
-14326.0000 -3172.0000 52104.0000
-14183.0000 -3380.0000 52078.0000
-14118.0000 -3328.0000 52091.0000
-13975.0000 -3445.0000 52052.0000
-13897.0000 -3484.0000 52091.0000
-13689.0000 -3692.0000 52065.0000
-13598.0000 -3835.0000 52078.0000
-13468.0000 -3900.0000 52091.0000
-13364.0000 -3913.0000 52117.0000
-13260.0000 -3939.0000 52091.0000
-13130.0000 -3926.0000 52208.0000
-12948.0000 -4082.0000 52208.0000
-12818.0000 -4095.0000 52273.0000
-12662.0000 -4264.0000 52234.0000
-12597.0000 -4173.0000 52312.0000
-12441.0000 -4290.0000 52312.0000
-12337.0000 -4277.0000 52338.0000
-12155.0000 -4498.0000 52338.0000
-12051.0000 -4550.0000 52364.0000
-11895.0000 -4524.0000 52416.0000
-11752.0000 -4485.0000 52416.0000
-11622.0000 -4550.0000 52416.0000
-11492.0000 -4563.0000 52468.0000
-11323.0000 -4706.0000 52520.0000
-11180.0000 -4706.0000 52572.0000
-11024.0000 -4784.0000 52572.0000
-10881.0000 -4797.0000 52624.0000
-10738.0000 -4888.0000 52624.0000
-10621.0000 -4953.0000 52715.0000
-10387.0000 -5031.0000 52754.0000
-10296.0000 -4966.0000 52780.0000
-10127.0000 -4992.0000 52845.0000
-10049.0000 -4979.0000 52897.0000
-9854.0000 -4979.0000 52962.0000
-9724.0000 -5070.0000 53040.0000
-9542.0000 -5005.0000 53092.0000
-9464.0000 -4992.0000 53157.0000
