728.0000 -2769.0000 55705.0000
702.0000 -2808.0000 55705.0000
832.0000 -2730.0000 55653.0000
806.0000 -2743.0000 55653.0000
923.0000 -2743.0000 55653.0000
858.0000 -2704.0000 55627.0000
975.0000 -2730.0000 55575.0000
923.0000 -2678.0000 55575.0000
1079.0000 -2730.0000 55523.0000
1027.0000 -2782.0000 55523.0000
1170.0000 -2912.0000 55497.0000
1144.0000 -2821.0000 55510.0000
1300.0000 -2847.0000 55471.0000
1261.0000 -2795.0000 55458.0000
1404.0000 -2821.0000 55458.0000
1339.0000 -2847.0000 55419.0000
1482.0000 -2847.0000 55419.0000
1443.0000 -2782.0000 55419.0000
1560.0000 -2769.0000 55406.0000
1560.0000 -2821.0000 55393.0000
1703.0000 -2990.0000 55367.0000
1664.0000 -2977.0000 55380.0000
1794.0000 -2938.0000 55354.0000
1781.0000 -2873.0000 55341.0000
1898.0000 -2925.0000 55328.0000
1872.0000 -2912.0000 55289.0000
2002.0000 -2990.0000 55250.0000
2028.0000 -3055.0000 55289.0000
2119.0000 -2951.0000 55250.0000
2054.0000 -2912.0000 55237.0000
2236.0000 -2873.0000 55198.0000
2236.0000 -2938.0000 55211.0000
2353.0000 -3055.0000 55198.0000
2327.0000 -3068.0000 55198.0000
2431.0000 -3094.0000 55185.0000
2418.0000 -3107.0000 55185.0000
2574.0000 -3120.0000 55185.0000
2600.0000 -3159.0000 55224.0000
2704.0000 -3172.0000 55185.0000
2678.0000 -3198.0000 55185.0000
