35451.0000 34398.0000 34502.0000
35425.0000 34450.0000 34489.0000
35412.0000 34606.0000 34437.0000
35464.0000 34697.0000 34372.0000
35425.0000 34788.0000 34346.0000
35477.0000 34892.0000 34346.0000
35490.0000 34879.0000 34359.0000
35516.0000 34931.0000 34294.0000
35529.0000 35074.0000 34229.0000
35568.0000 35152.0000 34138.0000
35568.0000 35256.0000 34073.0000
35659.0000 35347.0000 34138.0000
35711.0000 35334.0000 34099.0000
35789.0000 35503.0000 34047.0000
35828.0000 35555.0000 33982.0000
35906.0000 35711.0000 33891.0000
35997.0000 35828.0000 33852.0000
36127.0000 35815.0000 33930.0000
36192.0000 35789.0000 33930.0000
36270.0000 35971.0000 33800.0000
36361.0000 36049.0000 33761.0000
36452.0000 36218.0000 33722.0000
36543.0000 36257.0000 33761.0000
36673.0000 36322.0000 33852.0000
36699.0000 36361.0000 33865.0000
36790.0000 36556.0000 33787.0000
36868.0000 36712.0000 33774.0000
36985.0000 36764.0000 33709.0000
37102.0000 36764.0000 33722.0000
37219.0000 36829.0000 33826.0000
37284.0000 36881.0000 33774.0000
37427.0000 36972.0000 33774.0000
37505.0000 37076.0000 33683.0000
37674.0000 37128.0000 33722.0000
37804.0000 37102.0000 33813.0000
37921.0000 37037.0000 33904.0000
38038.0000 37128.0000 33865.0000
38155.0000 37193.0000 33826.0000
38285.0000 37258.0000 33696.0000
38441.0000 37297.0000 33683.0000
