-1040.0000 4355.0000 55055.0000
-1027.0000 4368.0000 55042.0000
-1027.0000 4394.0000 55094.0000
-1066.0000 4368.0000 55055.0000
-1001.0000 4381.0000 55081.0000
-1053.0000 4394.0000 55055.0000
-1014.0000 4381.0000 55107.0000
-1053.0000 4394.0000 55068.0000
-1027.0000 4420.0000 55133.0000
-1040.0000 4368.0000 55094.0000
-1014.0000 4381.0000 55146.0000
-1040.0000 4381.0000 55094.0000
-1027.0000 4381.0000 55172.0000
-1053.0000 4394.0000 55133.0000
-1053.0000 4420.0000 55198.0000
-1066.0000 4459.0000 55172.0000
-1040.0000 4446.0000 55211.0000
-1066.0000 4472.0000 55172.0000
-1066.0000 4459.0000 55198.0000
-1092.0000 4433.0000 55185.0000
-1092.0000 4498.0000 55224.0000
-1131.0000 4472.0000 55224.0000
-1131.0000 4498.0000 55250.0000
-1209.0000 4550.0000 55185.0000
-1170.0000 4537.0000 55237.0000
-1209.0000 4537.0000 55237.0000
-1209.0000 4563.0000 55276.0000
-1235.0000 4537.0000 55250.0000
-1196.0000 4563.0000 55302.0000
-1274.0000 4602.0000 55263.0000
-1222.0000 4667.0000 55302.0000
-1274.0000 4615.0000 55289.0000
-1274.0000 4641.0000 55341.0000
-1313.0000 4654.0000 55276.0000
-1287.0000 4745.0000 55354.0000
-1313.0000 4732.0000 55289.0000
-1313.0000 4719.0000 55367.0000
-1339.0000 4784.0000 55341.0000
-1300.0000 4849.0000 55354.0000
-1339.0000 4823.0000 55354.0000
