54548.0000 9061.0000 43355.0000
54483.0000 9542.0000 43342.0000
54457.0000 10075.0000 43342.0000
54392.0000 10621.0000 43342.0000
54327.0000 11115.0000 43342.0000
54288.0000 11596.0000 43381.0000
54197.0000 12116.0000 43368.0000
54132.0000 12597.0000 43381.0000
54067.0000 13182.0000 43368.0000
53963.0000 13663.0000 43381.0000
53911.0000 14144.0000 43368.0000
53833.0000 14690.0000 43368.0000
53768.0000 15171.0000 43394.0000
53742.0000 15600.0000 43329.0000
53586.0000 16133.0000 43316.0000
53508.0000 16601.0000 43329.0000
53417.0000 17160.0000 43303.0000
53326.0000 17719.0000 43303.0000
53222.0000 18161.0000 43277.0000
53105.0000 18707.0000 43277.0000
52962.0000 19253.0000 43264.0000
52858.0000 19682.0000 43290.0000
52741.0000 20306.0000 43277.0000
52572.0000 20735.0000 43290.0000
52455.0000 21346.0000 43277.0000
52299.0000 21840.0000 43251.0000
52130.0000 22347.0000 43277.0000
52000.0000 22815.0000 43290.0000
51857.0000 23400.0000 43251.0000
51714.0000 23868.0000 43264.0000
51532.0000 24440.0000 43264.0000
51376.0000 24908.0000 43277.0000
51181.0000 25480.0000 43277.0000
51025.0000 26039.0000 43264.0000
50830.0000 26598.0000 43290.0000
50661.0000 27092.0000 43277.0000
50479.0000 27664.0000 43303.0000
50284.0000 28119.0000 43329.0000
50089.0000 28652.0000 43381.0000
49803.0000 29185.0000 43407.0000
