-14820.0000 2353.0000 57785.0000
-15028.0000 2080.0000 57837.0000
-14859.0000 2379.0000 57824.0000
-15041.0000 1976.0000 57824.0000
-14807.0000 2262.0000 57863.0000
-14976.0000 1989.0000 57850.0000
-14820.0000 2262.0000 57876.0000
-15106.0000 2041.0000 57876.0000
-14859.0000 2236.0000 57902.0000
-15054.0000 1937.0000 57928.0000
-14846.0000 2145.0000 57941.0000
-15054.0000 1872.0000 57902.0000
-14859.0000 2041.0000 57915.0000
-15015.0000 1885.0000 57954.0000
-14768.0000 1950.0000 57941.0000
-15028.0000 1794.0000 57941.0000
-14846.0000 1950.0000 57928.0000
-15093.0000 1768.0000 57928.0000
-14820.0000 1898.0000 57967.0000
-15028.0000 1703.0000 57980.0000
-14859.0000 1703.0000 57980.0000
-15041.0000 1768.0000 57967.0000
-14820.0000 1872.0000 58032.0000
-14950.0000 1794.0000 58058.0000
-14742.0000 1768.0000 58032.0000
-14976.0000 1664.0000 58019.0000
-14768.0000 1781.0000 58045.0000
-14885.0000 1742.0000 58045.0000
-14638.0000 1599.0000 58058.0000
-14846.0000 1521.0000 58045.0000
-14690.0000 1690.0000 58032.0000
-14833.0000 1716.0000 58045.0000
-14599.0000 1703.0000 58097.0000
-14742.0000 1703.0000 58045.0000
-14664.0000 1781.0000 58045.0000
-14846.0000 1820.0000 58071.0000
-14599.0000 1729.0000 58123.0000
-14755.0000 1573.0000 58136.0000
-14625.0000 1625.0000 58123.0000
-14781.0000 1846.0000 58149.0000
