3653.0000 -22022.0000 66313.0000
2171.0000 -23478.0000 64376.0000
468.0000 -24427.0000 62036.0000
-1352.0000 -24765.0000 59670.0000
-2964.0000 -24583.0000 57135.0000
-4355.0000 -23608.0000 55068.0000
-5187.0000 -21710.0000 53508.0000
-5447.0000 -19344.0000 52780.0000
-4927.0000 -16627.0000 52884.0000
-3874.0000 -13793.0000 53989.0000
-2249.0000 -11167.0000 56004.0000
-312.0000 -9087.0000 58838.0000
1833.0000 -7592.0000 62140.0000
3913.0000 -6929.0000 65702.0000
5889.0000 -6890.0000 69329.0000
7540.0000 -7553.0000 72774.0000
8944.0000 -8853.0000 75868.0000
9958.0000 -10478.0000 78611.0000
10829.0000 -12337.0000 80964.0000
11323.0000 -14469.0000 82901.0000
11635.0000 -16627.0000 84409.0000
11739.0000 -18655.0000 85592.0000
11856.0000 -20644.0000 86476.0000
11791.0000 -22750.0000 87087.0000
11635.0000 -24349.0000 87490.0000
11375.0000 -26104.0000 87646.0000
11167.0000 -27651.0000 87633.0000
10855.0000 -29185.0000 87503.0000
10569.0000 -30290.0000 87399.0000
10153.0000 -31616.0000 87100.0000
9828.0000 -32669.0000 86827.0000
9386.0000 -33488.0000 86541.0000
9022.0000 -34190.0000 86294.0000
8580.0000 -35139.0000 85774.0000
8099.0000 -35646.0000 85397.0000
7631.0000 -36374.0000 85020.0000
7215.0000 -36842.0000 84591.0000
6760.0000 -37336.0000 84227.0000
6448.0000 -37466.0000 83902.0000
6019.0000 -38220.0000 83486.0000
