-10062.0000 -11739.0000 54899.0000
-9971.0000 -11661.0000 55224.0000
-9958.0000 -11596.0000 55471.0000
-9906.0000 -11661.0000 55757.0000
-9880.0000 -11648.0000 56017.0000
-9828.0000 -11700.0000 56316.0000
-9802.0000 -11596.0000 56628.0000
-9776.0000 -11687.0000 56940.0000
-9789.0000 -11713.0000 57252.0000
-9737.0000 -11843.0000 57538.0000
-9685.0000 -11830.0000 57811.0000
-9646.0000 -11999.0000 58097.0000
-9620.0000 -12116.0000 58409.0000
-9568.0000 -12207.0000 58643.0000
-9542.0000 -12272.0000 58890.0000
-9477.0000 -12376.0000 59228.0000
-9399.0000 -12519.0000 59488.0000
-9321.0000 -12753.0000 59774.0000
-9178.0000 -12779.0000 60060.0000
-9113.0000 -12870.0000 60359.0000
-8983.0000 -12974.0000 60619.0000
-8970.0000 -13273.0000 60840.0000
-8853.0000 -13468.0000 61113.0000
-8775.0000 -13546.0000 61425.0000
-8671.0000 -13650.0000 61724.0000
-8671.0000 -13936.0000 61984.0000
-8593.0000 -14196.0000 62231.0000
-8528.0000 -14443.0000 62517.0000
-8424.0000 -14690.0000 62790.0000
-8385.0000 -14976.0000 63024.0000
-8307.0000 -15405.0000 63206.0000
-8281.0000 -15639.0000 63505.0000
-8177.0000 -15899.0000 63726.0000
-8099.0000 -16211.0000 63986.0000
-8073.0000 -16757.0000 64116.0000
-8034.0000 -17160.0000 64337.0000
-7930.0000 -17472.0000 64467.0000
-7878.0000 -17901.0000 64688.0000
-7787.0000 -18382.0000 64727.0000
-7839.0000 -18941.0000 64857.0000
