27326.0000 65052.0000 49751.0000
27157.0000 65741.0000 49985.0000
26949.0000 66144.0000 50206.0000
26702.0000 66430.0000 50817.0000
26416.0000 66872.0000 50882.0000
26143.0000 67288.0000 51441.0000
25831.0000 67899.0000 51766.0000
25493.0000 68055.0000 52455.0000
25220.0000 68744.0000 52598.0000
24934.0000 68796.0000 53300.0000
24609.0000 69394.0000 53716.0000
24245.0000 69433.0000 54496.0000
23972.0000 70200.0000 54691.0000
23660.0000 70278.0000 55211.0000
23361.0000 70590.0000 56030.0000
22997.0000 70720.0000 56589.0000
22711.0000 71162.0000 57018.0000
22386.0000 71240.0000 57564.0000
22009.0000 71643.0000 58266.0000
21619.0000 71799.0000 58669.0000
21268.0000 71968.0000 59709.0000
20917.0000 72124.0000 60073.0000
20449.0000 72228.0000 61074.0000
20046.0000 72527.0000 61386.0000
19630.0000 72735.0000 62361.0000
19149.0000 73112.0000 62790.0000
18707.0000 73151.0000 63739.0000
18200.0000 73437.0000 64207.0000
17888.0000 73372.0000 65221.0000
17368.0000 73697.0000 65975.0000
16952.0000 73944.0000 66482.0000
16380.0000 74269.0000 67301.0000
15938.0000 74451.0000 68211.0000
15457.0000 74425.0000 69329.0000
14833.0000 74815.0000 70109.0000
14404.0000 74906.0000 71071.0000
13689.0000 75322.0000 71942.0000
13182.0000 75348.0000 73008.0000
12532.0000 75569.0000 74217.0000
11869.0000 75842.0000 75140.0000
