32838.0000 16224.0000 46423.0000
32851.0000 16029.0000 45773.0000
32734.0000 15964.0000 46202.0000
32747.0000 16003.0000 45500.0000
32682.0000 15574.0000 45851.0000
32682.0000 15639.0000 45331.0000
32682.0000 15262.0000 45500.0000
32682.0000 15353.0000 45058.0000
32721.0000 14872.0000 45045.0000
32682.0000 15067.0000 44733.0000
32747.0000 14586.0000 44681.0000
32630.0000 14781.0000 44486.0000
32708.0000 14118.0000 44343.0000
32656.0000 14365.0000 44174.0000
32760.0000 14066.0000 43901.0000
32708.0000 14352.0000 43758.0000
32773.0000 13780.0000 43524.0000
32773.0000 13871.0000 43433.0000
32799.0000 13416.0000 43121.0000
32864.0000 13741.0000 42965.0000
32955.0000 13195.0000 42640.0000
33085.0000 13312.0000 42458.0000
33124.0000 13026.0000 42068.0000
33241.0000 13117.0000 41860.0000
33267.0000 12701.0000 41431.0000
33371.0000 12805.0000 41184.0000
33358.0000 12688.0000 40664.0000
33410.0000 12766.0000 40404.0000
33475.0000 12558.0000 39897.0000
33566.0000 12714.0000 39559.0000
33618.0000 12701.0000 39013.0000
33657.0000 12909.0000 38584.0000
33657.0000 13013.0000 38103.0000
33683.0000 13234.0000 37700.0000
33670.0000 13598.0000 37206.0000
33696.0000 13962.0000 36829.0000
33657.0000 14339.0000 36439.0000
33709.0000 14794.0000 36140.0000
33579.0000 15444.0000 35854.0000
33553.0000 15938.0000 35607.0000
