5122.0000 -10556.0000 50219.0000
4940.0000 -10452.0000 50193.0000
4784.0000 -10426.0000 50219.0000
4615.0000 -10387.0000 50180.0000
4472.0000 -10296.0000 50193.0000
4290.0000 -10218.0000 50193.0000
4134.0000 -10153.0000 50180.0000
3939.0000 -10036.0000 50180.0000
3783.0000 -10036.0000 50193.0000
3614.0000 -9945.0000 50193.0000
3497.0000 -9893.0000 50219.0000
3328.0000 -9893.0000 50154.0000
3224.0000 -9776.0000 50219.0000
3042.0000 -9685.0000 50167.0000
2912.0000 -9620.0000 50193.0000
2730.0000 -9516.0000 50167.0000
2600.0000 -9451.0000 50206.0000
2418.0000 -9334.0000 50180.0000
2249.0000 -9256.0000 50232.0000
2080.0000 -9230.0000 50167.0000
1937.0000 -9139.0000 50193.0000
1729.0000 -9022.0000 50154.0000
1599.0000 -8970.0000 50180.0000
1443.0000 -8775.0000 50128.0000
1261.0000 -8710.0000 50141.0000
1092.0000 -8632.0000 50115.0000
949.0000 -8528.0000 50128.0000
806.0000 -8489.0000 50102.0000
676.0000 -8372.0000 50128.0000
520.0000 -8255.0000 50063.0000
416.0000 -8177.0000 50102.0000
260.0000 -8073.0000 50050.0000
143.0000 -7956.0000 50050.0000
-13.0000 -7865.0000 50063.0000
-130.0000 -7709.0000 50076.0000
-299.0000 -7657.0000 50037.0000
-416.0000 -7579.0000 50050.0000
-585.0000 -7423.0000 49985.0000
-689.0000 -7384.0000 50024.0000
-871.0000 -7163.0000 49972.0000
