-15704.0000 7267.0000 56901.0000
-15769.0000 7189.0000 57018.0000
-15730.0000 7254.0000 56888.0000
-15821.0000 7241.0000 57044.0000
-15756.0000 7293.0000 56914.0000
-15847.0000 7241.0000 57083.0000
-15782.0000 7254.0000 56953.0000
-15795.0000 7098.0000 57135.0000
-15756.0000 7137.0000 56979.0000
-15756.0000 6955.0000 57161.0000
-15730.0000 7007.0000 56992.0000
-15769.0000 6825.0000 57174.0000
-15691.0000 6903.0000 56992.0000
-15756.0000 6630.0000 57187.0000
-15678.0000 6604.0000 57005.0000
-15730.0000 6422.0000 57213.0000
-15665.0000 6487.0000 57031.0000
-15691.0000 6383.0000 57226.0000
-15626.0000 6461.0000 57031.0000
-15678.0000 6331.0000 57239.0000
-15639.0000 6435.0000 57057.0000
-15652.0000 6266.0000 57252.0000
-15587.0000 6357.0000 57083.0000
-15652.0000 6214.0000 57330.0000
-15574.0000 6383.0000 57135.0000
-15639.0000 6305.0000 57356.0000
-15548.0000 6357.0000 57174.0000
-15652.0000 6214.0000 57395.0000
-15600.0000 6331.0000 57213.0000
-15639.0000 6149.0000 57434.0000
-15574.0000 6279.0000 57265.0000
-15652.0000 6149.0000 57499.0000
-15639.0000 6214.0000 57343.0000
-15600.0000 6188.0000 57525.0000
-15652.0000 6318.0000 57356.0000
-15678.0000 6162.0000 57551.0000
-15665.0000 6331.0000 57382.0000
-15730.0000 6240.0000 57616.0000
-15691.0000 6292.0000 57421.0000
-15730.0000 6201.0000 57681.0000
