-19877.0000 -169.0000 79196.0000
-19773.0000 -130.0000 79209.0000
-19604.0000 -78.0000 79248.0000
-19513.0000 0.0000 79261.0000
-19487.0000 -39.0000 79235.0000
-19344.0000 -299.0000 79261.0000
-19214.0000 -520.0000 79248.0000
-19162.0000 -494.0000 79274.0000
-19019.0000 -585.0000 79326.0000
-18928.0000 -481.0000 79378.0000
-18889.0000 -442.0000 79378.0000
-18746.0000 -767.0000 79391.0000
-18629.0000 -936.0000 79391.0000
-18551.0000 -1053.0000 79417.0000
-18395.0000 -1144.0000 79417.0000
-18291.0000 -1066.0000 79378.0000
-18317.0000 -1092.0000 79378.0000
-18148.0000 -1417.0000 79378.0000
-18083.0000 -1599.0000 79352.0000
-18005.0000 -1703.0000 79365.0000
-17849.0000 -1807.0000 79365.0000
-17797.0000 -1794.0000 79365.0000
-17693.0000 -2002.0000 79352.0000
-17485.0000 -2197.0000 79287.0000
-17459.0000 -2340.0000 79222.0000
-17342.0000 -2418.0000 79183.0000
-17212.0000 -2353.0000 79144.0000
-17186.0000 -2418.0000 79092.0000
-17082.0000 -2665.0000 79027.0000
-17004.0000 -2795.0000 78975.0000
-16926.0000 -2938.0000 78936.0000
-16809.0000 -3042.0000 78871.0000
-16744.0000 -3029.0000 78819.0000
-16744.0000 -3133.0000 78728.0000
-16640.0000 -3341.0000 78637.0000
-16549.0000 -3471.0000 78546.0000
-16458.0000 -3718.0000 78403.0000
-16419.0000 -3692.0000 78351.0000
-16315.0000 -3770.0000 78208.0000
-16302.0000 -3900.0000 78117.0000
