-12402.0000 -24674.0000 50999.0000
-12337.0000 -24661.0000 51012.0000
-12246.0000 -24739.0000 50895.0000
-12168.0000 -24856.0000 50830.0000
-12077.0000 -24752.0000 50830.0000
-12038.0000 -24830.0000 50791.0000
-11882.0000 -25038.0000 50700.0000
-11752.0000 -25142.0000 50648.0000
-11570.0000 -25285.0000 50531.0000
-11466.0000 -25246.0000 50492.0000
-11336.0000 -25415.0000 50401.0000
-11167.0000 -25662.0000 50258.0000
-11076.0000 -25818.0000 50206.0000
-10985.0000 -26052.0000 50050.0000
-10894.0000 -26442.0000 49868.0000
-10803.0000 -26689.0000 49751.0000
-10634.0000 -27118.0000 49504.0000
-10647.0000 -27664.0000 49244.0000
-10569.0000 -28340.0000 48893.0000
-10660.0000 -28847.0000 48594.0000
-10725.0000 -29588.0000 48165.0000
-10920.0000 -30433.0000 47619.0000
-11037.0000 -31356.0000 47060.0000
-11440.0000 -32292.0000 46345.0000
-11973.0000 -33241.0000 45474.0000
-12753.0000 -34385.0000 44369.0000
-13676.0000 -35464.0000 43147.0000
-14846.0000 -36608.0000 41574.0000
-16289.0000 -37583.0000 39767.0000
-17927.0000 -38363.0000 37726.0000
-19747.0000 -38779.0000 35438.0000
-21671.0000 -38610.0000 33163.0000
-23452.0000 -37947.0000 30758.0000
-25051.0000 -36738.0000 28483.0000
-26117.0000 -34775.0000 26520.0000
-26832.0000 -32292.0000 25025.0000
-26767.0000 -29367.0000 24115.0000
-26117.0000 -26325.0000 23842.0000
-24817.0000 -23296.0000 24167.0000
-23218.0000 -20514.0000 25142.0000
