40404.0000 39754.0000 35321.0000
40417.0000 39910.0000 35542.0000
40534.0000 39936.0000 35685.0000
40651.0000 40040.0000 35672.0000
40729.0000 40352.0000 35555.0000
40820.0000 40625.0000 35477.0000
40833.0000 40807.0000 35594.0000
40820.0000 40898.0000 35724.0000
40820.0000 41015.0000 35906.0000
40911.0000 41340.0000 35802.0000
40937.0000 41626.0000 35737.0000
40963.0000 41873.0000 35919.0000
40924.0000 41860.0000 36153.0000
40924.0000 42055.0000 36348.0000
40924.0000 42224.0000 36296.0000
40937.0000 42510.0000 36374.0000
40898.0000 42757.0000 36465.0000
40755.0000 42796.0000 36790.0000
40690.0000 42874.0000 37076.0000
40612.0000 42913.0000 37297.0000
40534.0000 43251.0000 37323.0000
40560.0000 43485.0000 37492.0000
40404.0000 43576.0000 37804.0000
40339.0000 43654.0000 38064.0000
40209.0000 43628.0000 38493.0000
40105.0000 43836.0000 38532.0000
40027.0000 44005.0000 38714.0000
39936.0000 44096.0000 39065.0000
39832.0000 44109.0000 39312.0000
39702.0000 44161.0000 39676.0000
39689.0000 44083.0000 39949.0000
39689.0000 44239.0000 40131.0000
39637.0000 44317.0000 40404.0000
39572.0000 44343.0000 40638.0000
39494.0000 44265.0000 40976.0000
39507.0000 44148.0000 41262.0000
39429.0000 44239.0000 41379.0000
39351.0000 44174.0000 41652.0000
39221.0000 44174.0000 41925.0000
39143.0000 44122.0000 42302.0000
