16874.0000 21593.0000 49439.0000
16809.0000 21684.0000 49452.0000
16692.0000 21697.0000 49504.0000
16679.0000 21710.0000 49543.0000
16588.0000 21697.0000 49582.0000
16549.0000 21749.0000 49608.0000
16445.0000 21749.0000 49660.0000
16393.0000 21710.0000 49699.0000
16276.0000 21710.0000 49712.0000
16237.0000 21788.0000 49725.0000
16172.0000 21892.0000 49712.0000
16120.0000 21983.0000 49790.0000
16029.0000 21853.0000 49881.0000
16042.0000 21866.0000 49894.0000
15951.0000 21892.0000 49946.0000
15951.0000 21957.0000 49985.0000
15873.0000 21996.0000 50024.0000
15834.0000 22009.0000 50089.0000
15808.0000 22022.0000 50089.0000
15769.0000 22178.0000 50115.0000
15691.0000 22321.0000 50141.0000
15665.0000 22282.0000 50167.0000
15574.0000 22217.0000 50232.0000
15587.0000 22256.0000 50258.0000
15509.0000 22243.0000 50271.0000
15496.0000 22334.0000 50310.0000
15431.0000 22347.0000 50336.0000
15379.0000 22360.0000 50388.0000
15301.0000 22360.0000 50414.0000
15275.0000 22477.0000 50401.0000
15236.0000 22633.0000 50440.0000
15171.0000 22620.0000 50492.0000
15067.0000 22659.0000 50570.0000
15054.0000 22646.0000 50609.0000
15015.0000 22685.0000 50674.0000
15015.0000 22750.0000 50674.0000
14950.0000 22750.0000 50752.0000
14937.0000 22789.0000 50817.0000
14846.0000 22802.0000 50882.0000
14820.0000 22880.0000 50882.0000
