-1664.0000 -1664.0000 56251.0000
-1742.0000 -1638.0000 56290.0000
-1794.0000 -1573.0000 56264.0000
-1859.0000 -1456.0000 56290.0000
-1924.0000 -1404.0000 56277.0000
-1976.0000 -1300.0000 56316.0000
-2028.0000 -1248.0000 56329.0000
-2080.0000 -1144.0000 56329.0000
-2132.0000 -1040.0000 56316.0000
-2197.0000 -923.0000 56342.0000
-2236.0000 -715.0000 56329.0000
-2288.0000 -663.0000 56368.0000
-2327.0000 -520.0000 56407.0000
-2353.0000 -403.0000 56381.0000
-2431.0000 -325.0000 56355.0000
-2496.0000 -195.0000 56368.0000
-2561.0000 -91.0000 56355.0000
-2613.0000 39.0000 56381.0000
-2665.0000 104.0000 56355.0000
-2730.0000 247.0000 56420.0000
-2756.0000 390.0000 56394.0000
-2821.0000 533.0000 56433.0000
-2834.0000 767.0000 56407.0000
-2899.0000 910.0000 56433.0000
-2899.0000 1092.0000 56420.0000
-2964.0000 1170.0000 56459.0000
-2977.0000 1326.0000 56433.0000
-3029.0000 1430.0000 56485.0000
-3055.0000 1508.0000 56459.0000
-3094.0000 1703.0000 56498.0000
-3120.0000 1768.0000 56459.0000
-3159.0000 1846.0000 56498.0000
-3198.0000 1898.0000 56459.0000
-3237.0000 1937.0000 56511.0000
-3237.0000 1950.0000 56485.0000
-3315.0000 2028.0000 56511.0000
-3302.0000 2028.0000 56511.0000
-3380.0000 2028.0000 56498.0000
-3393.0000 2015.0000 56498.0000
-3419.0000 2067.0000 56498.0000
