-13819.0000 -1560.0000 58305.0000
-13832.0000 -1534.0000 58435.0000
-13806.0000 -1430.0000 58305.0000
-13806.0000 -1547.0000 58435.0000
-13741.0000 -1599.0000 58305.0000
-13728.0000 -1729.0000 58435.0000
-13663.0000 -1469.0000 58318.0000
-13689.0000 -1456.0000 58409.0000
-13663.0000 -1443.0000 58279.0000
-13637.0000 -1586.0000 58383.0000
-13624.0000 -1495.0000 58305.0000
-13572.0000 -1651.0000 58357.0000
-13559.0000 -1521.0000 58253.0000
-13598.0000 -1586.0000 58331.0000
-13598.0000 -1534.0000 58240.0000
-13611.0000 -1612.0000 58331.0000
-13533.0000 -1573.0000 58279.0000
-13533.0000 -1599.0000 58318.0000
-13546.0000 -1443.0000 58253.0000
-13611.0000 -1534.0000 58318.0000
-13533.0000 -1482.0000 58266.0000
-13507.0000 -1560.0000 58357.0000
-13455.0000 -1482.0000 58318.0000
-13559.0000 -1534.0000 58344.0000
-13520.0000 -1495.0000 58305.0000
-13533.0000 -1586.0000 58383.0000
-13468.0000 -1508.0000 58370.0000
-13481.0000 -1638.0000 58383.0000
-13494.0000 -1495.0000 58357.0000
-13585.0000 -1404.0000 58409.0000
-13520.0000 -1365.0000 58396.0000
-13546.0000 -1495.0000 58448.0000
-13494.0000 -1469.0000 58474.0000
-13546.0000 -1469.0000 58461.0000
-13585.0000 -1248.0000 58422.0000
-13598.0000 -1300.0000 58487.0000
-13533.0000 -1183.0000 58526.0000
-13546.0000 -1313.0000 58565.0000
-13611.0000 -1196.0000 58591.0000
-13702.0000 -1118.0000 58591.0000
