-20943.0000 -5850.0000 69121.0000
-20995.0000 -5837.0000 68965.0000
-21086.0000 -5798.0000 68978.0000
-21047.0000 -5681.0000 68783.0000
-21125.0000 -5655.0000 68679.0000
-21190.0000 -5603.0000 68588.0000
-21229.0000 -5564.0000 68445.0000
-21268.0000 -5655.0000 68302.0000
-21398.0000 -5447.0000 68185.0000
-21437.0000 -5369.0000 68094.0000
-21528.0000 -5265.0000 68016.0000
-21567.0000 -5083.0000 67912.0000
-21645.0000 -5018.0000 67782.0000
-21658.0000 -4940.0000 67704.0000
-21749.0000 -4758.0000 67626.0000
-21749.0000 -4576.0000 67535.0000
-21801.0000 -4420.0000 67483.0000
-21866.0000 -4160.0000 67366.0000
-21944.0000 -3991.0000 67301.0000
-21918.0000 -3926.0000 67236.0000
-22022.0000 -3783.0000 67197.0000
-21983.0000 -3458.0000 67197.0000
-21957.0000 -3237.0000 67171.0000
-21944.0000 -2951.0000 67145.0000
-21905.0000 -2665.0000 67132.0000
-21801.0000 -2587.0000 67145.0000
-21775.0000 -2262.0000 67132.0000
-21658.0000 -1976.0000 67132.0000
-21632.0000 -1664.0000 67158.0000
-21554.0000 -1456.0000 67158.0000
-21489.0000 -1326.0000 67210.0000
-21450.0000 -1170.0000 67223.0000
-21411.0000 -819.0000 67262.0000
-21307.0000 -572.0000 67405.0000
-21229.0000 -260.0000 67444.0000
-21151.0000 -26.0000 67509.0000
-21086.0000 156.0000 67600.0000
-20982.0000 299.0000 67665.0000
-20917.0000 572.0000 67769.0000
-20813.0000 845.0000 67860.0000
