43277.0000 24102.0000 66469.0000
43576.0000 23933.0000 66365.0000
43875.0000 23712.0000 66300.0000
44226.0000 23491.0000 66170.0000
44538.0000 23036.0000 66183.0000
44824.0000 22997.0000 66079.0000
45136.0000 23075.0000 65884.0000
45383.0000 22945.0000 65767.0000
45721.0000 22633.0000 65663.0000
45968.0000 22373.0000 65650.0000
46189.0000 22659.0000 65455.0000
46566.0000 22581.0000 65325.0000
46839.0000 22516.0000 65234.0000
47151.0000 22347.0000 65091.0000
47372.0000 22581.0000 64896.0000
47632.0000 22438.0000 64753.0000
47840.0000 22477.0000 64662.0000
48048.0000 22451.0000 64493.0000
48191.0000 22581.0000 64389.0000
48399.0000 22386.0000 64311.0000
48529.0000 22321.0000 64246.0000
48555.0000 22542.0000 64103.0000
48711.0000 22347.0000 64038.0000
48724.0000 22555.0000 63921.0000
48763.0000 22425.0000 63895.0000
48776.0000 22503.0000 63856.0000
48867.0000 22113.0000 63817.0000
48841.0000 22178.0000 63791.0000
48815.0000 22139.0000 63700.0000
48776.0000 21684.0000 63674.0000
48776.0000 21593.0000 63505.0000
48646.0000 20969.0000 63518.0000
48529.0000 21255.0000 63245.0000
48516.0000 20215.0000 63154.0000
48412.0000 20371.0000 62816.0000
48230.0000 20098.0000 62491.0000
48152.0000 19812.0000 62140.0000
48087.0000 19422.0000 61685.0000
47996.0000 19058.0000 61399.0000
47853.0000 19084.0000 60840.0000
