36387.0000 17043.0000 49777.0000
36244.0000 16848.0000 49699.0000
36166.0000 16952.0000 49621.0000
36114.0000 16926.0000 49478.0000
35971.0000 16939.0000 49439.0000
35906.0000 16744.0000 49283.0000
35919.0000 16874.0000 49140.0000
35815.0000 16926.0000 49023.0000
35698.0000 16770.0000 48984.0000
35620.0000 16848.0000 48750.0000
35477.0000 16822.0000 48659.0000
35347.0000 16770.0000 48620.0000
35217.0000 16549.0000 48542.0000
35295.0000 16640.0000 48360.0000
35061.0000 16796.0000 48126.0000
35009.0000 16627.0000 48139.0000
34853.0000 16536.0000 47918.0000
34788.0000 16471.0000 47918.0000
34671.0000 16640.0000 47710.0000
34632.0000 16276.0000 47762.0000
34489.0000 16328.0000 47502.0000
34424.0000 16133.0000 47450.0000
34294.0000 16328.0000 47333.0000
34203.0000 16042.0000 47268.0000
34047.0000 16094.0000 47164.0000
33969.0000 15808.0000 47151.0000
33787.0000 16328.0000 47034.0000
33774.0000 15899.0000 46943.0000
33566.0000 16133.0000 46904.0000
33618.0000 15730.0000 46852.0000
33319.0000 16055.0000 46878.0000
33384.0000 15847.0000 46644.0000
33215.0000 16185.0000 46748.0000
33293.0000 15717.0000 46514.0000
33098.0000 15990.0000 46644.0000
33150.0000 15808.0000 46293.0000
33033.0000 15873.0000 46462.0000
33033.0000 15704.0000 46033.0000
32851.0000 15860.0000 46267.0000
32838.0000 15665.0000 45864.0000
