19240.0000 21606.0000 48646.0000
19240.0000 21619.0000 48724.0000
19123.0000 21658.0000 48776.0000
19071.0000 21645.0000 48789.0000
18954.0000 21827.0000 48789.0000
18941.0000 21866.0000 48854.0000
18824.0000 21944.0000 48867.0000
18850.0000 21931.0000 48945.0000
18655.0000 21944.0000 49049.0000
18707.0000 22139.0000 48984.0000
18551.0000 22243.0000 49023.0000
18525.0000 22412.0000 49036.0000
18395.0000 22464.0000 49062.0000
18382.0000 22425.0000 49166.0000
18226.0000 22412.0000 49218.0000
18161.0000 22724.0000 49218.0000
18031.0000 22750.0000 49244.0000
18018.0000 22880.0000 49348.0000
17875.0000 22906.0000 49400.0000
17836.0000 22906.0000 49517.0000
17693.0000 23023.0000 49543.0000
17706.0000 23166.0000 49608.0000
17576.0000 23361.0000 49621.0000
17550.0000 23530.0000 49686.0000
17368.0000 23582.0000 49777.0000
17355.0000 23608.0000 49920.0000
17186.0000 23634.0000 50011.0000
17160.0000 23790.0000 50076.0000
17030.0000 23907.0000 50167.0000
16900.0000 24128.0000 50232.0000
16809.0000 24193.0000 50336.0000
16783.0000 24141.0000 50544.0000
16627.0000 24102.0000 50778.0000
16627.0000 24336.0000 50791.0000
16471.0000 24518.0000 50882.0000
16445.0000 24674.0000 50960.0000
16237.0000 24726.0000 51103.0000
16263.0000 24583.0000 51311.0000
16172.0000 24544.0000 51415.0000
16146.0000 24648.0000 51584.0000
