-143.0000 -12194.0000 70434.0000
39.0000 -12155.0000 70408.0000
221.0000 -12090.0000 70447.0000
494.0000 -12168.0000 70395.0000
702.0000 -12103.0000 70369.0000
975.0000 -12077.0000 70304.0000
1170.0000 -12064.0000 70213.0000
1417.0000 -12103.0000 70109.0000
1677.0000 -12116.0000 69979.0000
1963.0000 -11986.0000 69901.0000
2145.0000 -11804.0000 69797.0000
2327.0000 -11804.0000 69745.0000
2535.0000 -11908.0000 69576.0000
2795.0000 -11635.0000 69563.0000
3003.0000 -11596.0000 69420.0000
3146.0000 -11596.0000 69381.0000
3250.0000 -11544.0000 69251.0000
3497.0000 -11375.0000 69277.0000
3601.0000 -11271.0000 69290.0000
3653.0000 -11050.0000 69381.0000
3705.0000 -10972.0000 69472.0000
3861.0000 -10959.0000 69576.0000
3861.0000 -10764.0000 69771.0000
3861.0000 -10738.0000 69953.0000
3796.0000 -10894.0000 70161.0000
3653.0000 -11024.0000 70356.0000
3484.0000 -10959.0000 70668.0000
3276.0000 -11271.0000 70967.0000
2860.0000 -11739.0000 71214.0000
2431.0000 -12194.0000 71435.0000
1924.0000 -12675.0000 71643.0000
1261.0000 -13208.0000 71773.0000
442.0000 -13858.0000 71825.0000
-507.0000 -14495.0000 71747.0000
-1534.0000 -15197.0000 71617.0000
-2626.0000 -15548.0000 71396.0000
-3822.0000 -16172.0000 71071.0000
-5070.0000 -16536.0000 70642.0000
-6318.0000 -16770.0000 70187.0000
-7488.0000 -16705.0000 69706.0000
