23270.0000 37063.0000 65767.0000
23452.0000 37687.0000 65910.0000
23582.0000 37414.0000 66404.0000
23946.0000 38155.0000 66482.0000
24011.0000 38012.0000 66703.0000
24232.0000 38116.0000 67184.0000
24336.0000 38012.0000 67288.0000
24570.0000 38012.0000 67808.0000
24791.0000 38324.0000 67912.0000
24973.0000 37765.0000 68484.0000
25142.0000 37830.0000 68536.0000
25389.0000 37635.0000 68965.0000
25571.0000 37882.0000 69108.0000
25766.0000 37362.0000 69537.0000
25948.0000 37349.0000 69706.0000
26195.0000 36361.0000 70278.0000
26312.0000 37011.0000 70265.0000
26572.0000 36114.0000 70733.0000
26702.0000 36504.0000 70811.0000
26975.0000 35633.0000 71123.0000
27118.0000 35620.0000 71435.0000
27365.0000 35165.0000 71487.0000
27612.0000 34827.0000 71955.0000
27911.0000 34463.0000 71838.0000
28054.0000 34281.0000 72124.0000
28314.0000 34164.0000 72033.0000
28470.0000 33046.0000 72514.0000
28678.0000 33410.0000 72254.0000
28678.0000 32370.0000 72553.0000
28951.0000 32149.0000 72410.0000
29055.0000 31356.0000 72371.0000
29185.0000 31161.0000 72345.0000
29276.0000 30641.0000 72007.0000
29419.0000 30134.0000 71968.0000
29510.0000 29679.0000 71721.0000
29562.0000 28912.0000 71721.0000
29757.0000 28821.0000 71227.0000
29861.0000 28288.0000 70941.0000
29913.0000 27950.0000 70642.0000
30043.0000 27209.0000 70317.0000
