49920.0000 -34580.0000 23933.0000
50453.0000 -34034.0000 23933.0000
50908.0000 -33384.0000 24011.0000
51402.0000 -32812.0000 24037.0000
51870.0000 -32149.0000 24154.0000
52338.0000 -31590.0000 24180.0000
52819.0000 -30940.0000 24297.0000
53261.0000 -30355.0000 24323.0000
53664.0000 -29679.0000 24466.0000
54132.0000 -29042.0000 24479.0000
54522.0000 -28366.0000 24596.0000
54925.0000 -27690.0000 24700.0000
55276.0000 -26962.0000 24830.0000
55666.0000 -26299.0000 24934.0000
55965.0000 -25597.0000 25129.0000
56316.0000 -24921.0000 25181.0000
56654.0000 -24232.0000 25376.0000
56966.0000 -23491.0000 25454.0000
57252.0000 -22763.0000 25610.0000
57525.0000 -22100.0000 25675.0000
57733.0000 -21411.0000 25844.0000
57993.0000 -20748.0000 25922.0000
58175.0000 -20150.0000 26156.0000
58435.0000 -19383.0000 26182.0000
58591.0000 -18746.0000 26351.0000
58760.0000 -18031.0000 26416.0000
58929.0000 -17342.0000 26546.0000
59111.0000 -16705.0000 26611.0000
59254.0000 -16029.0000 26767.0000
59410.0000 -15340.0000 26897.0000
59488.0000 -14612.0000 27092.0000
59618.0000 -13949.0000 27209.0000
59696.0000 -13273.0000 27365.0000
59813.0000 -12623.0000 27443.0000
59891.0000 -11947.0000 27599.0000
59969.0000 -11284.0000 27651.0000
60021.0000 -10595.0000 27820.0000
60125.0000 -9945.0000 27924.0000
60164.0000 -9282.0000 28093.0000
60216.0000 -8684.0000 28171.0000
