21346.0000 74763.0000 59787.0000
20943.0000 74932.0000 60853.0000
20514.0000 75257.0000 61477.0000
20072.0000 75387.0000 62374.0000
19604.0000 76154.0000 62790.0000
19214.0000 75920.0000 63869.0000
18668.0000 76492.0000 64545.0000
18174.0000 76401.0000 65559.0000
17628.0000 77103.0000 66079.0000
17095.0000 77428.0000 66560.0000
16653.0000 77259.0000 68029.0000
16120.0000 77441.0000 68601.0000
15730.0000 77298.0000 70148.0000
15275.0000 77857.0000 70707.0000
14833.0000 77467.0000 72137.0000
14326.0000 78065.0000 72566.0000
13910.0000 77818.0000 73983.0000
13403.0000 78390.0000 74763.0000
12896.0000 78169.0000 76050.0000
12402.0000 78520.0000 77038.0000
12012.0000 78299.0000 78416.0000
11440.0000 78806.0000 79456.0000
10972.0000 78741.0000 80730.0000
10543.0000 78702.0000 82121.0000
10088.0000 78507.0000 83512.0000
9659.0000 78481.0000 85046.0000
9269.0000 78377.0000 86307.0000
9061.0000 78286.0000 87945.0000
8801.0000 78026.0000 89388.0000
8606.0000 77597.0000 91117.0000
8437.0000 77597.0000 92339.0000
8554.0000 76986.0000 94341.0000
8554.0000 77103.0000 95810.0000
8905.0000 76362.0000 97877.0000
9256.0000 76531.0000 99697.0000
9984.0000 76024.0000 101840.0000
10881.0000 75582.0000 104390.0000
12103.0000 75374.0000 106600.0000
13689.0000 73931.0000 109930.0000
15470.0000 73541.0000 112670.0000
