-16042.0000 3172.0000 67171.0000
-16042.0000 3055.0000 67288.0000
-16068.0000 2808.0000 67418.0000
-16055.0000 2535.0000 67509.0000
-16016.0000 2301.0000 67652.0000
-16029.0000 2080.0000 67717.0000
-16094.0000 1846.0000 67834.0000
-16107.0000 1404.0000 67886.0000
-16120.0000 1027.0000 67951.0000
-16159.0000 624.0000 67990.0000
-16159.0000 91.0000 67977.0000
-16237.0000 -494.0000 67938.0000
-16276.0000 -884.0000 67977.0000
-16432.0000 -1118.0000 67912.0000
-16523.0000 -1690.0000 67834.0000
-16731.0000 -2275.0000 67678.0000
-16874.0000 -2808.0000 67587.0000
-17108.0000 -3237.0000 67470.0000
-17303.0000 -3874.0000 67249.0000
-17563.0000 -4602.0000 66976.0000
-17875.0000 -5200.0000 66781.0000
-18278.0000 -5746.0000 66430.0000
-18681.0000 -6461.0000 66079.0000
-19084.0000 -7254.0000 65572.0000
-19604.0000 -7891.0000 65117.0000
-20202.0000 -8528.0000 64532.0000
-20735.0000 -9256.0000 63882.0000
-21346.0000 -10179.0000 63102.0000
-22009.0000 -10881.0000 62335.0000
-22841.0000 -11453.0000 61451.0000
-23673.0000 -12129.0000 60567.0000
-24492.0000 -12727.0000 59553.0000
-25350.0000 -13104.0000 58604.0000
-26260.0000 -13338.0000 57564.0000
-27118.0000 -13676.0000 56472.0000
-28080.0000 -13884.0000 55302.0000
-29042.0000 -14027.0000 54119.0000
-30173.0000 -13871.0000 52884.0000
-31109.0000 -13663.0000 51675.0000
-31850.0000 -13390.0000 50479.0000
