40521.0000 43602.0000 38753.0000
40469.0000 43758.0000 38935.0000
40326.0000 43862.0000 39013.0000
40248.0000 43875.0000 39273.0000
40131.0000 43862.0000 39572.0000
39988.0000 43628.0000 40014.0000
39910.0000 43784.0000 40105.0000
39845.0000 43862.0000 40209.0000
39741.0000 43940.0000 40352.0000
39663.0000 43953.0000 40612.0000
39598.0000 43849.0000 40898.0000
39494.0000 43693.0000 41301.0000
39364.0000 43849.0000 41405.0000
39325.0000 43823.0000 41561.0000
39208.0000 43888.0000 41717.0000
39195.0000 43849.0000 41912.0000
39156.0000 43680.0000 42224.0000
39091.0000 43576.0000 42536.0000
39000.0000 43641.0000 42575.0000
39013.0000 43511.0000 42744.0000
38922.0000 43589.0000 42861.0000
38922.0000 43459.0000 43069.0000
38844.0000 43264.0000 43290.0000
38766.0000 43121.0000 43602.0000
38649.0000 43069.0000 43680.0000
38623.0000 42952.0000 43862.0000
38506.0000 42848.0000 44005.0000
38480.0000 42640.0000 44226.0000
38441.0000 42445.0000 44382.0000
38363.0000 42237.0000 44642.0000
38272.0000 42133.0000 44720.0000
38207.0000 42016.0000 44850.0000
38155.0000 41912.0000 44928.0000
38103.0000 41743.0000 45084.0000
38012.0000 41574.0000 45266.0000
37934.0000 41444.0000 45266.0000
37817.0000 41275.0000 45539.0000
37752.0000 41145.0000 45591.0000
37726.0000 41002.0000 45656.0000
37687.0000 40911.0000 45734.0000
