36868.0000 27534.0000 66157.0000
37245.0000 27495.0000 66274.0000
37609.0000 27625.0000 66482.0000
37960.0000 27378.0000 66573.0000
38246.0000 27612.0000 66807.0000
38636.0000 27456.0000 66885.0000
38948.0000 27209.0000 67184.0000
39338.0000 27482.0000 67106.0000
39611.0000 26806.0000 67470.0000
39975.0000 27326.0000 67366.0000
40274.0000 26494.0000 67652.0000
40625.0000 26936.0000 67626.0000
40911.0000 26585.0000 67678.0000
41314.0000 26364.0000 67886.0000
41717.0000 26143.0000 67782.0000
41912.0000 25857.0000 68003.0000
42263.0000 26143.0000 67808.0000
42523.0000 25389.0000 68016.0000
42874.0000 25870.0000 67912.0000
43082.0000 25285.0000 67925.0000
43459.0000 25584.0000 67925.0000
43836.0000 24960.0000 67795.0000
44057.0000 24934.0000 67912.0000
44330.0000 25090.0000 67600.0000
44603.0000 24557.0000 67782.0000
44993.0000 24986.0000 67457.0000
45188.0000 24479.0000 67561.0000
45578.0000 24843.0000 67314.0000
45838.0000 24297.0000 67236.0000
46150.0000 24505.0000 67158.0000
46280.0000 24206.0000 66989.0000
46579.0000 24505.0000 66937.0000
46761.0000 24427.0000 66807.0000
46943.0000 24206.0000 66820.0000
47021.0000 24375.0000 66586.0000
47229.0000 23855.0000 66664.0000
47398.0000 24193.0000 66430.0000
47437.0000 23777.0000 66495.0000
47606.0000 24219.0000 66300.0000
47684.0000 23699.0000 66339.0000
