51428.0000 -16328.0000 40716.0000
51610.0000 -15912.0000 40768.0000
51792.0000 -15444.0000 40690.0000
52000.0000 -15015.0000 40677.0000
52182.0000 -14573.0000 40625.0000
52364.0000 -14118.0000 40638.0000
52559.0000 -13650.0000 40586.0000
52741.0000 -13156.0000 40599.0000
52897.0000 -12662.0000 40560.0000
53040.0000 -12194.0000 40547.0000
53183.0000 -11674.0000 40547.0000
53339.0000 -11232.0000 40547.0000
53456.0000 -10764.0000 40534.0000
53625.0000 -10270.0000 40560.0000
53703.0000 -9802.0000 40534.0000
53846.0000 -9321.0000 40547.0000
53950.0000 -8853.0000 40547.0000
54041.0000 -8424.0000 40573.0000
54158.0000 -7943.0000 40547.0000
54236.0000 -7501.0000 40586.0000
54353.0000 -7072.0000 40534.0000
54483.0000 -6630.0000 40547.0000
54561.0000 -6214.0000 40586.0000
54704.0000 -5720.0000 40521.0000
54769.0000 -5252.0000 40482.0000
54847.0000 -4745.0000 40495.0000
54925.0000 -4290.0000 40495.0000
54990.0000 -3783.0000 40482.0000
55068.0000 -3341.0000 40482.0000
55120.0000 -2847.0000 40495.0000
55172.0000 -2327.0000 40482.0000
55211.0000 -1872.0000 40534.0000
55263.0000 -1378.0000 40495.0000
55315.0000 -923.0000 40508.0000
55328.0000 -494.0000 40508.0000
55354.0000 -26.0000 40534.0000
55393.0000 403.0000 40495.0000
55419.0000 858.0000 40508.0000
55471.0000 1300.0000 40469.0000
55497.0000 1768.0000 40495.0000
