29731.0000 36270.0000 52533.0000
29796.0000 36101.0000 52468.0000
29809.0000 35971.0000 52416.0000
29900.0000 35776.0000 52364.0000
29900.0000 35672.0000 52299.0000
29978.0000 35516.0000 52234.0000
29952.0000 35373.0000 52169.0000
29991.0000 35256.0000 52117.0000
30017.0000 35100.0000 52065.0000
30030.0000 34996.0000 52000.0000
30095.0000 34905.0000 51909.0000
30108.0000 34749.0000 51818.0000
30147.0000 34684.0000 51727.0000
30160.0000 34502.0000 51688.0000
30160.0000 34424.0000 51610.0000
30160.0000 34255.0000 51571.0000
30160.0000 34138.0000 51519.0000
30199.0000 33969.0000 51480.0000
30238.0000 33839.0000 51402.0000
30316.0000 33670.0000 51311.0000
30303.0000 33540.0000 51259.0000
30342.0000 33423.0000 51142.0000
30316.0000 33332.0000 51051.0000
30368.0000 33228.0000 50934.0000
30394.0000 33189.0000 50817.0000
30446.0000 33059.0000 50687.0000
30459.0000 32929.0000 50609.0000
30485.0000 32864.0000 50531.0000
30485.0000 32708.0000 50427.0000
30485.0000 32643.0000 50401.0000
30498.0000 32565.0000 50284.0000
30498.0000 32448.0000 50245.0000
30537.0000 32318.0000 50167.0000
30589.0000 32162.0000 50089.0000
30667.0000 32071.0000 49985.0000
30693.0000 31954.0000 49933.0000
30706.0000 31928.0000 49816.0000
30745.0000 31811.0000 49738.0000
30732.0000 31798.0000 49634.0000
30797.0000 31681.0000 49530.0000
