39494.0000 43823.0000 41964.0000
39403.0000 43836.0000 42029.0000
39338.0000 43953.0000 42081.0000
39260.0000 43862.0000 42315.0000
39208.0000 43745.0000 42640.0000
39091.0000 43420.0000 43030.0000
39013.0000 43459.0000 43160.0000
38935.0000 43433.0000 43251.0000
38831.0000 43524.0000 43355.0000
38753.0000 43303.0000 43589.0000
38662.0000 43082.0000 43966.0000
38558.0000 42874.0000 44174.0000
38532.0000 42770.0000 44317.0000
38441.0000 42848.0000 44434.0000
38441.0000 42692.0000 44590.0000
38389.0000 42549.0000 44759.0000
38376.0000 42315.0000 44993.0000
38285.0000 42094.0000 45175.0000
38259.0000 42016.0000 45292.0000
38207.0000 41899.0000 45305.0000
38233.0000 41782.0000 45409.0000
38090.0000 41600.0000 45591.0000
38038.0000 41457.0000 45747.0000
37986.0000 41223.0000 45942.0000
37947.0000 41119.0000 46020.0000
37895.0000 40950.0000 46085.0000
37830.0000 40911.0000 46215.0000
37752.0000 40703.0000 46241.0000
37674.0000 40495.0000 46514.0000
37596.0000 40313.0000 46527.0000
37583.0000 40183.0000 46540.0000
37479.0000 40118.0000 46592.0000
37427.0000 39988.0000 46683.0000
37362.0000 39806.0000 46891.0000
37336.0000 39676.0000 46904.0000
37297.0000 39559.0000 46904.0000
37297.0000 39494.0000 46943.0000
37206.0000 39299.0000 47021.0000
37141.0000 39143.0000 47216.0000
37063.0000 39013.0000 47112.0000
