24856.0000 52429.0000 33631.0000
24934.0000 52689.0000 34034.0000
24960.0000 53547.0000 33930.0000
25012.0000 54119.0000 33865.0000
25064.0000 54782.0000 34476.0000
25272.0000 55341.0000 34372.0000
25337.0000 56030.0000 35191.0000
25623.0000 56771.0000 34853.0000
25766.0000 57174.0000 35958.0000
26130.0000 57876.0000 36023.0000
26182.0000 58201.0000 36751.0000
26442.0000 58890.0000 37180.0000
26741.0000 58955.0000 37869.0000
26884.0000 59566.0000 38376.0000
27131.0000 59735.0000 38870.0000
27404.0000 60073.0000 39546.0000
27625.0000 60216.0000 39832.0000
27846.0000 60346.0000 40664.0000
28015.0000 60554.0000 40729.0000
28288.0000 60450.0000 41717.0000
28509.0000 60671.0000 41899.0000
28717.0000 60606.0000 42627.0000
28899.0000 60892.0000 42575.0000
29094.0000 60710.0000 43225.0000
29211.0000 60736.0000 43524.0000
29302.0000 60619.0000 44135.0000
29458.0000 60801.0000 44278.0000
29588.0000 60645.0000 44772.0000
29692.0000 60801.0000 45032.0000
29744.0000 60632.0000 45396.0000
29809.0000 60749.0000 45695.0000
29887.0000 60554.0000 46059.0000
29913.0000 60606.0000 46345.0000
30030.0000 60710.0000 46384.0000
30082.0000 60749.0000 46748.0000
30238.0000 60593.0000 46969.0000
30173.0000 60632.0000 47203.0000
30264.0000 60736.0000 47268.0000
30225.0000 60554.0000 47580.0000
30212.0000 60827.0000 47450.0000
