27404.0000 4199.0000 44928.0000
27365.0000 4017.0000 44928.0000
27378.0000 3848.0000 44993.0000
27365.0000 3718.0000 44967.0000
27326.0000 3536.0000 44993.0000
27300.0000 3406.0000 44993.0000
27287.0000 3302.0000 44993.0000
27222.0000 3172.0000 45058.0000
27248.0000 3003.0000 45045.0000
27183.0000 2795.0000 45097.0000
27235.0000 2574.0000 45123.0000
27157.0000 2509.0000 45162.0000
27157.0000 2366.0000 45149.0000
27118.0000 2197.0000 45201.0000
27092.0000 2041.0000 45240.0000
27066.0000 1872.0000 45279.0000
27053.0000 1677.0000 45266.0000
26988.0000 1521.0000 45331.0000
27001.0000 1391.0000 45370.0000
26949.0000 1261.0000 45383.0000
26910.0000 1040.0000 45409.0000
26884.0000 962.0000 45474.0000
26832.0000 793.0000 45500.0000
26806.0000 702.0000 45526.0000
26780.0000 520.0000 45552.0000
26728.0000 364.0000 45617.0000
26663.0000 169.0000 45656.0000
26650.0000 26.0000 45721.0000
26598.0000 -143.0000 45721.0000
26533.0000 -312.0000 45825.0000
26468.0000 -481.0000 45864.0000
26416.0000 -598.0000 45929.0000
26351.0000 -819.0000 45955.0000
26273.0000 -936.0000 46033.0000
26169.0000 -1157.0000 46085.0000
26143.0000 -1339.0000 46176.0000
26039.0000 -1469.0000 46163.0000
26013.0000 -1586.0000 46280.0000
25922.0000 -1781.0000 46306.0000
25870.0000 -1924.0000 46397.0000
