-14547.0000 -468.0000 58071.0000
-14560.0000 -481.0000 58149.0000
-14573.0000 -546.0000 58175.0000
-14521.0000 -468.0000 58240.0000
-14521.0000 -286.0000 58292.0000
-14586.0000 -299.0000 58318.0000
-14586.0000 -325.0000 58331.0000
-14547.0000 -273.0000 58396.0000
-14599.0000 -247.0000 58474.0000
-14599.0000 -208.0000 58461.0000
-14599.0000 -182.0000 58500.0000
-14599.0000 -52.0000 58513.0000
-14625.0000 -13.0000 58630.0000
-14560.0000 -26.0000 58591.0000
-14729.0000 0.0000 58630.0000
-14742.0000 156.0000 58656.0000
-14768.0000 273.0000 58643.0000
-14807.0000 234.0000 58695.0000
-14872.0000 312.0000 58734.0000
-14911.0000 442.0000 58773.0000
-14937.0000 559.0000 58786.0000
-14924.0000 663.0000 58851.0000
-15002.0000 780.0000 58851.0000
-15067.0000 936.0000 58877.0000
-15093.0000 1001.0000 58890.0000
-15041.0000 975.0000 58955.0000
-15119.0000 1027.0000 58968.0000
-15145.0000 1157.0000 58968.0000
-15171.0000 1339.0000 58968.0000
-15197.0000 1495.0000 59033.0000
-15236.0000 1612.0000 59020.0000
-15275.0000 1716.0000 59020.0000
-15366.0000 1742.0000 59046.0000
-15366.0000 1859.0000 59033.0000
-15392.0000 2054.0000 59124.0000
-15379.0000 2119.0000 59111.0000
-15509.0000 2210.0000 59137.0000
-15535.0000 2314.0000 59176.0000
-15548.0000 2418.0000 59189.0000
-15509.0000 2652.0000 59215.0000
