-15288.0000 2002.0000 58786.0000
-15327.0000 2067.0000 58799.0000
-15275.0000 1989.0000 58773.0000
-15301.0000 1989.0000 58773.0000
-15262.0000 2002.0000 58721.0000
-15327.0000 2028.0000 58734.0000
-15275.0000 1989.0000 58721.0000
-15288.0000 1989.0000 58734.0000
-15249.0000 1989.0000 58721.0000
-15314.0000 2028.0000 58708.0000
-15223.0000 2002.0000 58721.0000
-15223.0000 2002.0000 58721.0000
-15197.0000 1989.0000 58695.0000
-15236.0000 2041.0000 58682.0000
-15171.0000 1976.0000 58669.0000
-15171.0000 1963.0000 58656.0000
-15145.0000 1963.0000 58643.0000
-15210.0000 1976.0000 58630.0000
-15158.0000 1898.0000 58604.0000
-15223.0000 1911.0000 58617.0000
-15210.0000 1898.0000 58604.0000
-15262.0000 1924.0000 58604.0000
-15197.0000 1846.0000 58539.0000
-15275.0000 1833.0000 58552.0000
-15236.0000 1846.0000 58539.0000
-15288.0000 1807.0000 58513.0000
-15184.0000 1768.0000 58474.0000
-15262.0000 1820.0000 58487.0000
-15210.0000 1833.0000 58474.0000
-15288.0000 1781.0000 58474.0000
-15197.0000 1781.0000 58448.0000
-15262.0000 1859.0000 58448.0000
-15184.0000 1820.0000 58422.0000
-15197.0000 1794.0000 58396.0000
-15145.0000 1820.0000 58409.0000
-15171.0000 1898.0000 58396.0000
-15080.0000 1846.0000 58383.0000
-15119.0000 1846.0000 58370.0000
-15093.0000 1872.0000 58344.0000
-15106.0000 1885.0000 58318.0000
