-16718.0000 -17771.0000 65936.0000
-16718.0000 -17550.0000 66001.0000
-16783.0000 -18031.0000 65988.0000
-16835.0000 -18304.0000 65845.0000
-16913.0000 -18694.0000 65793.0000
-16900.0000 -18707.0000 65832.0000
-16978.0000 -18798.0000 65832.0000
-16991.0000 -19227.0000 65754.0000
-16978.0000 -19383.0000 65754.0000
-17004.0000 -19708.0000 65650.0000
-17017.0000 -19799.0000 65663.0000
-17030.0000 -20397.0000 65468.0000
-16978.0000 -20410.0000 65559.0000
-16991.0000 -20787.0000 65468.0000
-16939.0000 -20995.0000 65442.0000
-16939.0000 -21554.0000 65351.0000
-16874.0000 -21554.0000 65403.0000
-16874.0000 -21827.0000 65377.0000
-16900.0000 -22269.0000 65286.0000
-16913.0000 -22490.0000 65299.0000
-16887.0000 -22685.0000 65325.0000
-16835.0000 -22932.0000 65286.0000
-16887.0000 -23244.0000 65299.0000
-16861.0000 -23699.0000 65143.0000
-16926.0000 -23959.0000 65117.0000
-16861.0000 -24141.0000 65091.0000
-16926.0000 -24414.0000 65000.0000
-16796.0000 -24674.0000 64922.0000
-16744.0000 -25064.0000 64727.0000
-16692.0000 -25246.0000 64558.0000
-16666.0000 -25532.0000 64389.0000
-16627.0000 -25792.0000 64168.0000
-16627.0000 -26065.0000 64116.0000
-16614.0000 -26091.0000 63804.0000
-16562.0000 -26208.0000 63674.0000
-16575.0000 -26455.0000 63362.0000
-16497.0000 -26533.0000 63219.0000
-16549.0000 -26741.0000 62933.0000
-16458.0000 -26858.0000 62751.0000
-16445.0000 -26962.0000 62517.0000
