30355.0000 33800.0000 51168.0000
30355.0000 33670.0000 51012.0000
30394.0000 33579.0000 50921.0000
30407.0000 33358.0000 50843.0000
30446.0000 33176.0000 50752.0000
30420.0000 33137.0000 50635.0000
30485.0000 32994.0000 50505.0000
30550.0000 32825.0000 50401.0000
30602.0000 32591.0000 50388.0000
30576.0000 32435.0000 50232.0000
30615.0000 32448.0000 50115.0000
30628.0000 32318.0000 49972.0000
30667.0000 32123.0000 49946.0000
30732.0000 31954.0000 49790.0000
30693.0000 31876.0000 49699.0000
30706.0000 31824.0000 49478.0000
30706.0000 31720.0000 49413.0000
30823.0000 31525.0000 49270.0000
30810.0000 31252.0000 49257.0000
30823.0000 31239.0000 49088.0000
30810.0000 31239.0000 48971.0000
30836.0000 31161.0000 48789.0000
30862.0000 31005.0000 48724.0000
30849.0000 30849.0000 48659.0000
30862.0000 30784.0000 48529.0000
30914.0000 30797.0000 48360.0000
30966.0000 30693.0000 48243.0000
30992.0000 30524.0000 48113.0000
31044.0000 30407.0000 48074.0000
31031.0000 30316.0000 47931.0000
31057.0000 30303.0000 47749.0000
31057.0000 30251.0000 47580.0000
31096.0000 30173.0000 47515.0000
31109.0000 30017.0000 47398.0000
31070.0000 29913.0000 47281.0000
31122.0000 29939.0000 47060.0000
31122.0000 29835.0000 46930.0000
31148.0000 29783.0000 46813.0000
31161.0000 29601.0000 46709.0000
31148.0000 29536.0000 46566.0000
