31876.0000 36257.0000 47567.0000
31928.0000 36920.0000 48022.0000
31967.0000 37908.0000 48464.0000
32253.0000 38766.0000 49088.0000
32448.0000 40118.0000 49712.0000
32760.0000 41197.0000 50739.0000
33189.0000 42614.0000 51792.0000
33865.0000 43875.0000 53274.0000
34736.0000 45539.0000 54808.0000
35646.0000 46800.0000 56836.0000
36959.0000 48334.0000 59033.0000
38428.0000 49283.0000 61685.0000
40170.0000 50271.0000 64467.0000
41847.0000 50505.0000 67665.0000
43654.0000 50440.0000 70954.0000
45279.0000 49426.0000 74321.0000
46839.0000 47944.0000 77454.0000
47879.0000 45604.0000 80119.0000
48282.0000 42510.0000 82082.0000
47905.0000 38636.0000 83161.0000
46943.0000 34788.0000 83317.0000
45448.0000 30953.0000 82550.0000
43524.0000 27495.0000 80756.0000
41223.0000 24544.0000 78039.0000
39039.0000 22308.0000 74997.0000
36946.0000 20761.0000 71682.0000
35282.0000 19916.0000 68315.0000
33813.0000 19682.0000 65065.0000
32695.0000 19890.0000 62114.0000
31863.0000 20306.0000 59501.0000
31382.0000 20943.0000 57187.0000
31070.0000 21853.0000 55133.0000
30888.0000 22789.0000 53469.0000
30888.0000 23569.0000 52052.0000
30979.0000 24531.0000 50739.0000
31161.0000 25441.0000 49686.0000
31343.0000 26273.0000 48867.0000
31525.0000 26949.0000 48217.0000
31811.0000 27807.0000 47567.0000
32084.0000 28431.0000 47125.0000
