-5031.0000 6487.0000 47255.0000
-5018.0000 6513.0000 47320.0000
-4992.0000 6474.0000 47294.0000
-5018.0000 6565.0000 47320.0000
-4992.0000 6565.0000 47294.0000
-4966.0000 6578.0000 47359.0000
-4953.0000 6539.0000 47333.0000
-4966.0000 6682.0000 47372.0000
-4966.0000 6695.0000 47333.0000
-4927.0000 6747.0000 47359.0000
-4888.0000 6747.0000 47346.0000
-4888.0000 6851.0000 47385.0000
-4862.0000 6890.0000 47385.0000
-4836.0000 6890.0000 47424.0000
-4810.0000 6877.0000 47411.0000
-4849.0000 6955.0000 47437.0000
-4784.0000 6955.0000 47437.0000
-4810.0000 6994.0000 47463.0000
-4771.0000 6968.0000 47437.0000
-4771.0000 7059.0000 47476.0000
-4758.0000 7046.0000 47463.0000
-4745.0000 7033.0000 47489.0000
-4745.0000 6994.0000 47528.0000
-4680.0000 7098.0000 47502.0000
-4719.0000 7085.0000 47502.0000
-4706.0000 7111.0000 47541.0000
-4680.0000 7098.0000 47515.0000
-4680.0000 7189.0000 47554.0000
-4667.0000 7163.0000 47554.0000
-4667.0000 7163.0000 47580.0000
-4628.0000 7202.0000 47554.0000
-4641.0000 7293.0000 47580.0000
-4615.0000 7254.0000 47580.0000
-4589.0000 7293.0000 47593.0000
-4550.0000 7358.0000 47593.0000
-4537.0000 7449.0000 47606.0000
-4485.0000 7462.0000 47619.0000
-4472.0000 7540.0000 47645.0000
-4433.0000 7605.0000 47645.0000
-4420.0000 7683.0000 47645.0000
