-15184.0000 -10283.0000 48620.0000
-15249.0000 -9945.0000 48646.0000
-15275.0000 -9620.0000 48659.0000
-15327.0000 -9152.0000 48711.0000
-15353.0000 -8801.0000 48685.0000
-15405.0000 -8476.0000 48711.0000
-15431.0000 -8034.0000 48724.0000
-15483.0000 -7683.0000 48763.0000
-15496.0000 -7397.0000 48724.0000
-15535.0000 -7033.0000 48763.0000
-15561.0000 -6617.0000 48763.0000
-15561.0000 -6201.0000 48776.0000
-15561.0000 -5876.0000 48802.0000
-15535.0000 -5473.0000 48815.0000
-15574.0000 -5187.0000 48802.0000
-15613.0000 -4784.0000 48854.0000
-15535.0000 -4446.0000 48880.0000
-15535.0000 -4069.0000 48932.0000
-15509.0000 -3744.0000 48893.0000
-15483.0000 -3380.0000 48945.0000
-15444.0000 -3003.0000 48958.0000
-15418.0000 -2587.0000 48997.0000
-15353.0000 -2262.0000 48997.0000
-15327.0000 -1950.0000 49062.0000
-15301.0000 -1573.0000 49062.0000
-15275.0000 -1157.0000 49101.0000
-15210.0000 -923.0000 49114.0000
-15184.0000 -494.0000 49153.0000
-15106.0000 -195.0000 49140.0000
-15054.0000 221.0000 49205.0000
-14976.0000 546.0000 49218.0000
-14898.0000 988.0000 49257.0000
-14807.0000 1365.0000 49283.0000
-14729.0000 1677.0000 49348.0000
-14586.0000 1963.0000 49335.0000
-14560.0000 2366.0000 49374.0000
-14443.0000 2730.0000 49413.0000
-14339.0000 2990.0000 49465.0000
-14209.0000 3289.0000 49452.0000
-14131.0000 3627.0000 49478.0000
