31499.0000 42237.0000 35035.0000
31486.0000 42289.0000 35048.0000
31499.0000 42276.0000 35113.0000
31512.0000 42354.0000 35022.0000
31525.0000 42354.0000 35061.0000
31499.0000 42341.0000 35035.0000
31512.0000 42367.0000 35061.0000
31525.0000 42367.0000 35061.0000
31525.0000 42380.0000 35087.0000
31512.0000 42406.0000 35061.0000
31525.0000 42380.0000 35100.0000
31538.0000 42406.0000 35074.0000
31564.0000 42406.0000 35087.0000
31512.0000 42445.0000 35087.0000
31564.0000 42432.0000 35152.0000
31538.0000 42432.0000 35074.0000
31616.0000 42471.0000 35126.0000
31603.0000 42419.0000 35100.0000
31629.0000 42419.0000 35152.0000
31668.0000 42406.0000 35126.0000
31668.0000 42393.0000 35165.0000
31681.0000 42393.0000 35126.0000
31746.0000 42354.0000 35178.0000
31720.0000 42393.0000 35139.0000
31772.0000 42380.0000 35165.0000
31746.0000 42341.0000 35165.0000
31837.0000 42367.0000 35178.0000
31850.0000 42341.0000 35178.0000
31876.0000 42315.0000 35217.0000
31941.0000 42315.0000 35191.0000
31967.0000 42276.0000 35217.0000
32032.0000 42237.0000 35217.0000
32084.0000 42211.0000 35243.0000
32110.0000 42211.0000 35243.0000
32175.0000 42133.0000 35256.0000
32188.0000 42146.0000 35243.0000
32292.0000 42107.0000 35269.0000
32318.0000 42094.0000 35243.0000
32422.0000 42081.0000 35269.0000
32461.0000 42029.0000 35230.0000
