-1846.0000 -10153.0000 71435.0000
-1664.0000 -9841.0000 71292.0000
-1508.0000 -9477.0000 71279.0000
-1274.0000 -9256.0000 71136.0000
-1144.0000 -9295.0000 71097.0000
-988.0000 -8931.0000 71045.0000
-819.0000 -8671.0000 71006.0000
-585.0000 -8502.0000 70941.0000
-416.0000 -8515.0000 70863.0000
-260.0000 -8086.0000 70837.0000
-65.0000 -8008.0000 70798.0000
156.0000 -7774.0000 70759.0000
325.0000 -7670.0000 70746.0000
585.0000 -7371.0000 70720.0000
806.0000 -7267.0000 70655.0000
1079.0000 -7046.0000 70629.0000
1326.0000 -6968.0000 70551.0000
1586.0000 -6890.0000 70473.0000
1807.0000 -6539.0000 70421.0000
2080.0000 -6253.0000 70343.0000
2288.0000 -6123.0000 70304.0000
2548.0000 -6123.0000 70187.0000
2769.0000 -5980.0000 70083.0000
3094.0000 -5681.0000 69953.0000
3315.0000 -5330.0000 69823.0000
3601.0000 -5187.0000 69641.0000
3861.0000 -4862.0000 69511.0000
4121.0000 -4537.0000 69316.0000
4355.0000 -4030.0000 69186.0000
4667.0000 -3653.0000 69017.0000
4940.0000 -3289.0000 68900.0000
5291.0000 -2873.0000 68692.0000
5616.0000 -2067.0000 68588.0000
5980.0000 -1456.0000 68458.0000
6279.0000 -832.0000 68484.0000
6630.0000 26.0000 68458.0000
7007.0000 897.0000 68523.0000
7514.0000 1768.0000 68588.0000
8008.0000 2925.0000 68848.0000
8619.0000 3822.0000 69134.0000
