-4537.0000 -17186.0000 61139.0000
-4628.0000 -17108.0000 60957.0000
-4654.0000 -17407.0000 60606.0000
-4784.0000 -16848.0000 60541.0000
-4836.0000 -17186.0000 60203.0000
-4927.0000 -17121.0000 59943.0000
-4953.0000 -17368.0000 59553.0000
-5083.0000 -16926.0000 59423.0000
-5148.0000 -16757.0000 59098.0000
-5291.0000 -16848.0000 58786.0000
-5395.0000 -16861.0000 58461.0000
-5512.0000 -16718.0000 58201.0000
-5564.0000 -16497.0000 57941.0000
-5785.0000 -16341.0000 57655.0000
-5785.0000 -15990.0000 57395.0000
-5915.0000 -15808.0000 57096.0000
-5941.0000 -15574.0000 56849.0000
-6032.0000 -15301.0000 56615.0000
-6045.0000 -14703.0000 56433.0000
-5980.0000 -14781.0000 56095.0000
-5889.0000 -14300.0000 55874.0000
-5863.0000 -13949.0000 55653.0000
-5746.0000 -13390.0000 55380.0000
-5642.0000 -13182.0000 55133.0000
-5486.0000 -12662.0000 54938.0000
-5369.0000 -12415.0000 54704.0000
-5031.0000 -11752.0000 54561.0000
-4784.0000 -11297.0000 54301.0000
-4355.0000 -10868.0000 54119.0000
-3952.0000 -10166.0000 53937.0000
-3393.0000 -9906.0000 53716.0000
-2717.0000 -9373.0000 53638.0000
-2015.0000 -8866.0000 53508.0000
-1092.0000 -8203.0000 53456.0000
0.0000 -7670.0000 53404.0000
1105.0000 -7033.0000 53469.0000
2444.0000 -6786.0000 53547.0000
3796.0000 -6331.0000 53807.0000
5382.0000 -6253.0000 54119.0000
6825.0000 -6396.0000 54587.0000
