49023.0000 25493.0000 40274.0000
48802.0000 25597.0000 40209.0000
48646.0000 25727.0000 40157.0000
48503.0000 26013.0000 39949.0000
48256.0000 26156.0000 39975.0000
48022.0000 26299.0000 39897.0000
47827.0000 26416.0000 39936.0000
47619.0000 26585.0000 39884.0000
47463.0000 26741.0000 39767.0000
47281.0000 26949.0000 39663.0000
47112.0000 27118.0000 39637.0000
46891.0000 27274.0000 39572.0000
46709.0000 27391.0000 39585.0000
46501.0000 27521.0000 39468.0000
46345.0000 27690.0000 39416.0000
46176.0000 27794.0000 39312.0000
45968.0000 27976.0000 39351.0000
45747.0000 28119.0000 39299.0000
45513.0000 28197.0000 39312.0000
45344.0000 28301.0000 39221.0000
45097.0000 28535.0000 39169.0000
44863.0000 28743.0000 39065.0000
44616.0000 28951.0000 39039.0000
44408.0000 29094.0000 38987.0000
44187.0000 29263.0000 39000.0000
43966.0000 29393.0000 38909.0000
43732.0000 29549.0000 38883.0000
43459.0000 29783.0000 38818.0000
43251.0000 29926.0000 38818.0000
42965.0000 29991.0000 38831.0000
42744.0000 30095.0000 38883.0000
42497.0000 30225.0000 38805.0000
42302.0000 30368.0000 38740.0000
42042.0000 30511.0000 38662.0000
41808.0000 30693.0000 38662.0000
41535.0000 30719.0000 38623.0000
41366.0000 30823.0000 38610.0000
41132.0000 30927.0000 38480.0000
40911.0000 31148.0000 38493.0000
40651.0000 31226.0000 38415.0000
