3224.0000 -2275.0000 54964.0000
3185.0000 -2249.0000 54977.0000
3185.0000 -2210.0000 54990.0000
3172.0000 -2184.0000 54990.0000
3133.0000 -2184.0000 54977.0000
3094.0000 -2171.0000 54977.0000
3081.0000 -2184.0000 54990.0000
3055.0000 -2210.0000 54977.0000
3055.0000 -2197.0000 54951.0000
3016.0000 -2171.0000 54964.0000
3029.0000 -2210.0000 54990.0000
2990.0000 -2210.0000 54990.0000
2977.0000 -2210.0000 55003.0000
2951.0000 -2262.0000 54977.0000
2951.0000 -2223.0000 54990.0000
2899.0000 -2249.0000 54977.0000
2912.0000 -2262.0000 54964.0000
2873.0000 -2288.0000 54977.0000
2873.0000 -2223.0000 54977.0000
2808.0000 -2223.0000 55003.0000
2821.0000 -2184.0000 55029.0000
2730.0000 -2197.0000 55003.0000
2756.0000 -2275.0000 54990.0000
2691.0000 -2275.0000 55003.0000
2665.0000 -2301.0000 54964.0000
2600.0000 -2340.0000 54951.0000
2587.0000 -2353.0000 54977.0000
2535.0000 -2327.0000 54964.0000
2535.0000 -2366.0000 54964.0000
2483.0000 -2353.0000 55003.0000
2457.0000 -2314.0000 55003.0000
2405.0000 -2340.0000 55003.0000
2366.0000 -2340.0000 55016.0000
2314.0000 -2223.0000 55016.0000
2288.0000 -2132.0000 55055.0000
2223.0000 -2132.0000 55042.0000
2223.0000 -2093.0000 55068.0000
2171.0000 -2093.0000 55068.0000
2145.0000 -2015.0000 55094.0000
2119.0000 -2054.0000 55094.0000
