-923.0000 -29809.0000 45435.0000
-910.0000 -29198.0000 45266.0000
-910.0000 -28912.0000 44967.0000
-897.0000 -28691.0000 44629.0000
-949.0000 -28301.0000 44356.0000
-949.0000 -27846.0000 44109.0000
-1001.0000 -27287.0000 43914.0000
-1027.0000 -26741.0000 43680.0000
-1144.0000 -26286.0000 43420.0000
-1261.0000 -25766.0000 43212.0000
-1391.0000 -25259.0000 42978.0000
-1443.0000 -24713.0000 42796.0000
-1586.0000 -23920.0000 42783.0000
-1651.0000 -23166.0000 42588.0000
-1859.0000 -22646.0000 42484.0000
-1976.0000 -21944.0000 42341.0000
-2119.0000 -21385.0000 42263.0000
-2249.0000 -20527.0000 42315.0000
-2431.0000 -19708.0000 42315.0000
-2600.0000 -18980.0000 42315.0000
-2795.0000 -18291.0000 42380.0000
-2925.0000 -17537.0000 42497.0000
-3094.0000 -16757.0000 42640.0000
-3224.0000 -15873.0000 42848.0000
-3406.0000 -15028.0000 43056.0000
-3588.0000 -14209.0000 43316.0000
-3757.0000 -13403.0000 43602.0000
-3887.0000 -12714.0000 43914.0000
-4121.0000 -11947.0000 44265.0000
-4290.0000 -11128.0000 44629.0000
-4537.0000 -10348.0000 45045.0000
-4771.0000 -9620.0000 45474.0000
-4979.0000 -8944.0000 46007.0000
-5213.0000 -8255.0000 46501.0000
-5434.0000 -7514.0000 47047.0000
-5616.0000 -6799.0000 47580.0000
-5902.0000 -6058.0000 48204.0000
-6097.0000 -5499.0000 48776.0000
-6305.0000 -4940.0000 49478.0000
-6539.0000 -4459.0000 50102.0000
