-8957.0000 -11934.0000 58565.0000
-8970.0000 -11713.0000 58708.0000
-8944.0000 -11778.0000 58812.0000
-8957.0000 -11869.0000 58812.0000
-9022.0000 -11986.0000 58825.0000
-9022.0000 -12142.0000 58929.0000
-9035.0000 -12038.0000 59007.0000
-9100.0000 -11856.0000 59085.0000
-9087.0000 -11908.0000 59137.0000
-9139.0000 -12038.0000 59215.0000
-9139.0000 -12103.0000 59254.0000
-9113.0000 -12155.0000 59358.0000
-9139.0000 -11973.0000 59462.0000
-9152.0000 -11947.0000 59527.0000
-9100.0000 -12012.0000 59579.0000
-9113.0000 -12285.0000 59605.0000
-9074.0000 -12259.0000 59657.0000
-9035.0000 -12298.0000 59696.0000
-9061.0000 -12155.0000 59722.0000
-9087.0000 -12207.0000 59774.0000
-9061.0000 -12363.0000 59761.0000
-9113.0000 -12506.0000 59761.0000
-9087.0000 -12545.0000 59839.0000
-9100.0000 -12480.0000 59852.0000
-9113.0000 -12415.0000 59904.0000
-9126.0000 -12610.0000 59904.0000
-9165.0000 -12896.0000 59800.0000
-9152.0000 -13026.0000 59839.0000
-9100.0000 -13078.0000 59839.0000
-9126.0000 -12896.0000 59865.0000
-9152.0000 -12961.0000 59813.0000
-9191.0000 -13052.0000 59800.0000
-9204.0000 -13429.0000 59709.0000
-9243.0000 -13442.0000 59748.0000
-9243.0000 -13377.0000 59735.0000
-9282.0000 -13117.0000 59787.0000
-9308.0000 -13221.0000 59735.0000
-9295.0000 -13468.0000 59592.0000
-9360.0000 -13767.0000 59488.0000
-9347.0000 -13741.0000 59462.0000
