36153.0000 37141.0000 41730.0000
36530.0000 37947.0000 41262.0000
36998.0000 38987.0000 41041.0000
37544.0000 40040.0000 40833.0000
38168.0000 41093.0000 40781.0000
38844.0000 42315.0000 40820.0000
39780.0000 43628.0000 40768.0000
40833.0000 45422.0000 40547.0000
42172.0000 47177.0000 40768.0000
43641.0000 49049.0000 41184.0000
45422.0000 51168.0000 41938.0000
47424.0000 53378.0000 42770.0000
49959.0000 55874.0000 43758.0000
52858.0000 58734.0000 45136.0000
56238.0000 61412.0000 47177.0000
59891.0000 64116.0000 49868.0000
64103.0000 66586.0000 53131.0000
68679.0000 68783.0000 57070.0000
73814.0000 70681.0000 61334.0000
78962.0000 71695.0000 66365.0000
84019.0000 71656.0000 72280.0000
88764.0000 70616.0000 78000.0000
93002.0000 68445.0000 83850.0000
96421.0000 64428.0000 89219.0000
98657.0000 59189.0000 93730.0000
99359.0000 52975.0000 97318.0000
98800.0000 45786.0000 99814.0000
96772.0000 38168.0000 100560.0000
93691.0000 30771.0000 99866.0000
89531.0000 23400.0000 97396.0000
84643.0000 17342.0000 93886.0000
79274.0000 12220.0000 89661.0000
73944.0000 8359.0000 84890.0000
68757.0000 5993.0000 80041.0000
64116.0000 4433.0000 75179.0000
59800.0000 4147.0000 70538.0000
56004.0000 4576.0000 66482.0000
52754.0000 5187.0000 62816.0000
50037.0000 6357.0000 59644.0000
47671.0000 7761.0000 56875.0000
