30628.0000 48880.0000 11531.0000
30602.0000 48958.0000 11531.0000
30615.0000 48984.0000 11583.0000
30602.0000 49036.0000 11557.0000
30602.0000 49088.0000 11596.0000
30576.0000 49179.0000 11570.0000
30602.0000 49179.0000 11609.0000
30602.0000 49231.0000 11622.0000
30589.0000 49257.0000 11635.0000
30550.0000 49348.0000 11609.0000
30563.0000 49374.0000 11674.0000
30537.0000 49452.0000 11635.0000
30550.0000 49439.0000 11713.0000
30550.0000 49517.0000 11687.0000
30524.0000 49569.0000 11765.0000
30485.0000 49647.0000 11739.0000
30498.0000 49660.0000 11830.0000
30485.0000 49725.0000 11791.0000
30485.0000 49777.0000 11843.0000
30472.0000 49881.0000 11817.0000
30472.0000 49868.0000 11882.0000
30420.0000 49894.0000 11843.0000
30407.0000 49972.0000 11921.0000
30368.0000 50076.0000 11908.0000
30355.0000 50076.0000 11986.0000
30329.0000 50102.0000 11986.0000
30303.0000 50154.0000 12064.0000
30238.0000 50258.0000 12077.0000
30212.0000 50310.0000 12142.0000
30173.0000 50362.0000 12155.0000
30121.0000 50427.0000 12246.0000
30095.0000 50557.0000 12246.0000
30043.0000 50609.0000 12324.0000
30030.0000 50622.0000 12311.0000
30004.0000 50674.0000 12402.0000
29991.0000 50752.0000 12428.0000
29952.0000 50791.0000 12519.0000
29952.0000 50817.0000 12493.0000
29926.0000 50869.0000 12584.0000
29913.0000 50934.0000 12571.0000
