30264.0000 31109.0000 42328.0000
30251.0000 31135.0000 42224.0000
30277.0000 31213.0000 42133.0000
30277.0000 31213.0000 42094.0000
30290.0000 31239.0000 42016.0000
30316.0000 31213.0000 41951.0000
30342.0000 31213.0000 41860.0000
30329.0000 31252.0000 41821.0000
30329.0000 31200.0000 41782.0000
30355.0000 31213.0000 41743.0000
30355.0000 31213.0000 41665.0000
30381.0000 31148.0000 41600.0000
30394.0000 31083.0000 41587.0000
30485.0000 31135.0000 41509.0000
30433.0000 31057.0000 41444.0000
30459.0000 31044.0000 41418.0000
30433.0000 31083.0000 41340.0000
30498.0000 31070.0000 41249.0000
30459.0000 31109.0000 41210.0000
30472.0000 31148.0000 41145.0000
30446.0000 31135.0000 41067.0000
30459.0000 31200.0000 41002.0000
30420.0000 31239.0000 40885.0000
30459.0000 31200.0000 40807.0000
30420.0000 31304.0000 40716.0000
30472.0000 31317.0000 40664.0000
30446.0000 31317.0000 40612.0000
30472.0000 31343.0000 40560.0000
30420.0000 31330.0000 40521.0000
30472.0000 31226.0000 40508.0000
30459.0000 31265.0000 40469.0000
30498.0000 31200.0000 40430.0000
30472.0000 31213.0000 40378.0000
30498.0000 31252.0000 40352.0000
30446.0000 31239.0000 40300.0000
30485.0000 31252.0000 40248.0000
30459.0000 31304.0000 40209.0000
30485.0000 31213.0000 40183.0000
30433.0000 31291.0000 40105.0000
30433.0000 31265.0000 40027.0000
