34437.0000 35347.0000 32864.0000
34450.0000 35451.0000 32890.0000
34476.0000 35581.0000 32916.0000
34567.0000 35620.0000 32864.0000
34554.0000 35698.0000 32838.0000
34554.0000 35750.0000 32838.0000
34645.0000 35724.0000 32903.0000
34710.0000 35737.0000 32877.0000
34762.0000 35893.0000 32890.0000
34788.0000 35919.0000 32929.0000
34879.0000 35893.0000 32929.0000
34918.0000 35958.0000 32864.0000
34970.0000 36010.0000 32890.0000
35035.0000 35971.0000 32877.0000
35100.0000 35945.0000 32916.0000
35126.0000 35997.0000 32942.0000
35152.0000 35984.0000 33007.0000
35230.0000 35893.0000 32968.0000
35256.0000 36023.0000 32916.0000
35269.0000 36127.0000 32838.0000
35282.0000 36088.0000 32903.0000
35373.0000 36062.0000 32916.0000
35373.0000 36127.0000 32981.0000
35412.0000 36140.0000 33033.0000
35464.0000 36075.0000 33137.0000
35516.0000 36218.0000 33020.0000
35568.0000 36400.0000 32955.0000
35581.0000 36400.0000 32994.0000
35659.0000 36374.0000 33007.0000
35672.0000 36413.0000 33020.0000
35724.0000 36452.0000 33059.0000
35711.0000 36465.0000 33085.0000
35789.0000 36595.0000 33072.0000
35828.0000 36790.0000 32994.0000
35867.0000 36855.0000 32994.0000
35984.0000 36907.0000 33085.0000
36049.0000 36985.0000 33072.0000
36127.0000 37024.0000 33111.0000
36205.0000 37089.0000 33163.0000
36296.0000 37219.0000 33085.0000
