11713.0000 -3263.0000 56069.0000
11622.0000 -3159.0000 56160.0000
11570.0000 -3042.0000 56186.0000
11505.0000 -2977.0000 56303.0000
11466.0000 -2925.0000 56329.0000
11401.0000 -2925.0000 56446.0000
11336.0000 -2808.0000 56511.0000
11258.0000 -2769.0000 56589.0000
11206.0000 -2652.0000 56667.0000
11115.0000 -2600.0000 56719.0000
11128.0000 -2483.0000 56771.0000
11050.0000 -2392.0000 56849.0000
11011.0000 -2275.0000 56888.0000
10972.0000 -2288.0000 56966.0000
10907.0000 -2184.0000 57018.0000
10868.0000 -2184.0000 57096.0000
10829.0000 -2054.0000 57122.0000
10764.0000 -1963.0000 57135.0000
10712.0000 -1885.0000 57187.0000
10699.0000 -1833.0000 57213.0000
10673.0000 -1729.0000 57252.0000
10647.0000 -1742.0000 57317.0000
10634.0000 -1586.0000 57343.0000
10556.0000 -1560.0000 57421.0000
10569.0000 -1534.0000 57408.0000
10504.0000 -1469.0000 57460.0000
10478.0000 -1482.0000 57447.0000
10426.0000 -1482.0000 57473.0000
10439.0000 -1404.0000 57499.0000
10348.0000 -1443.0000 57538.0000
10400.0000 -1339.0000 57590.0000
10296.0000 -1352.0000 57642.0000
10309.0000 -1339.0000 57694.0000
10270.0000 -1287.0000 57694.0000
10218.0000 -1248.0000 57720.0000
10166.0000 -1144.0000 57746.0000
10153.0000 -949.0000 57785.0000
10088.0000 -910.0000 57824.0000
10114.0000 -845.0000 57889.0000
9997.0000 -793.0000 57928.0000
