-14989.0000 -2405.0000 51714.0000
-14963.0000 -2665.0000 51649.0000
-14950.0000 -2717.0000 51896.0000
-14976.0000 -2405.0000 51753.0000
-15067.0000 -2054.0000 51974.0000
-15067.0000 -1872.0000 51896.0000
-15002.0000 -1898.0000 52143.0000
-15067.0000 -1807.0000 52000.0000
-15054.0000 -1755.0000 52208.0000
-15106.0000 -1521.0000 52104.0000
-15067.0000 -1274.0000 52390.0000
-15067.0000 -1157.0000 52273.0000
-14963.0000 -1274.0000 52520.0000
-15054.0000 -1287.0000 52351.0000
-14937.0000 -1274.0000 52650.0000
-14976.0000 -819.0000 52468.0000
-14898.0000 -741.0000 52754.0000
-14950.0000 -728.0000 52533.0000
-14833.0000 -962.0000 52845.0000
-14859.0000 -871.0000 52663.0000
-14755.0000 -624.0000 52988.0000
-14755.0000 -416.0000 52741.0000
-14677.0000 -598.0000 53144.0000
-14651.0000 -559.0000 52871.0000
-14586.0000 -624.0000 53222.0000
-14625.0000 -104.0000 52949.0000
-14547.0000 -260.0000 53326.0000
-14560.0000 -39.0000 53066.0000
-14482.0000 -299.0000 53443.0000
-14534.0000 78.0000 53157.0000
-14482.0000 39.0000 53560.0000
-14482.0000 273.0000 53261.0000
-14404.0000 65.0000 53664.0000
-14456.0000 351.0000 53365.0000
-14417.0000 117.0000 53768.0000
-14443.0000 520.0000 53482.0000
-14404.0000 390.0000 53872.0000
-14430.0000 858.0000 53625.0000
-14430.0000 520.0000 54002.0000
-14404.0000 884.0000 53742.0000
