9204.0000 17511.0000 47112.0000
9230.0000 17615.0000 46917.0000
9282.0000 17849.0000 46618.0000
9282.0000 17953.0000 46462.0000
9321.0000 17875.0000 46267.0000
9347.0000 17953.0000 46137.0000
9373.0000 18044.0000 45916.0000
9373.0000 18135.0000 45773.0000
9425.0000 18226.0000 45526.0000
9412.0000 18369.0000 45396.0000
9503.0000 18356.0000 45227.0000
9542.0000 18343.0000 45136.0000
9620.0000 18356.0000 44993.0000
9724.0000 18434.0000 44824.0000
9763.0000 18499.0000 44655.0000
9776.0000 18616.0000 44525.0000
9867.0000 18668.0000 44395.0000
9932.0000 18694.0000 44356.0000
10023.0000 18668.0000 44187.0000
10062.0000 18746.0000 44070.0000
10127.0000 18850.0000 43875.0000
10153.0000 19032.0000 43745.0000
10231.0000 19097.0000 43602.0000
10296.0000 19084.0000 43589.0000
10387.0000 19123.0000 43394.0000
10374.0000 19266.0000 43277.0000
10452.0000 19305.0000 43134.0000
10491.0000 19409.0000 43056.0000
10530.0000 19578.0000 42913.0000
10569.0000 19604.0000 42900.0000
10673.0000 19682.0000 42705.0000
10673.0000 19773.0000 42666.0000
10673.0000 19825.0000 42588.0000
10725.0000 19864.0000 42497.0000
10764.0000 19981.0000 42354.0000
10803.0000 20150.0000 42263.0000
10920.0000 20085.0000 42172.0000
10920.0000 20215.0000 42107.0000
10972.0000 20267.0000 41990.0000
11037.0000 20332.0000 41925.0000
