-16913.0000 7618.0000 60879.0000
-16991.0000 7761.0000 60970.0000
-16939.0000 7878.0000 61074.0000
-17043.0000 8138.0000 61126.0000
-17056.0000 8359.0000 61230.0000
-17030.0000 8385.0000 61334.0000
-17043.0000 8554.0000 61464.0000
-17134.0000 8710.0000 61516.0000
-17082.0000 8853.0000 61607.0000
-17121.0000 9126.0000 61685.0000
-17186.0000 9438.0000 61750.0000
-17199.0000 9477.0000 61867.0000
-17134.0000 9672.0000 61997.0000
-17251.0000 9828.0000 62088.0000
-17264.0000 9945.0000 62205.0000
-17303.0000 10192.0000 62348.0000
-17329.0000 10608.0000 62439.0000
-17381.0000 10738.0000 62569.0000
-17303.0000 10777.0000 62712.0000
-17290.0000 11024.0000 62803.0000
-17342.0000 11037.0000 62946.0000
-17316.0000 11219.0000 63050.0000
-17316.0000 11518.0000 63154.0000
-17342.0000 11778.0000 63245.0000
-17303.0000 12025.0000 63401.0000
-17251.0000 12129.0000 63544.0000
-17147.0000 12272.0000 63687.0000
-17147.0000 12441.0000 63817.0000
-17043.0000 12727.0000 63960.0000
-16900.0000 12922.0000 64064.0000
-16835.0000 13247.0000 64181.0000
-16679.0000 13507.0000 64311.0000
-16484.0000 13598.0000 64467.0000
-16354.0000 13819.0000 64558.0000
-16198.0000 14079.0000 64675.0000
-15938.0000 14339.0000 64701.0000
-15756.0000 14794.0000 64818.0000
-15470.0000 15171.0000 64948.0000
-15106.0000 15353.0000 65104.0000
-14729.0000 15730.0000 65195.0000
