37908.0000 34866.0000 49322.0000
37713.0000 34294.0000 49192.0000
37440.0000 33904.0000 48984.0000
37193.0000 33449.0000 48698.0000
36790.0000 33124.0000 48282.0000
36517.0000 32630.0000 47970.0000
36127.0000 32149.0000 47658.0000
35698.0000 31798.0000 47164.0000
35217.0000 31525.0000 46631.0000
34762.0000 31018.0000 46228.0000
34268.0000 30654.0000 45708.0000
33761.0000 30420.0000 45188.0000
33280.0000 30095.0000 44499.0000
32695.0000 29835.0000 43914.0000
32110.0000 29562.0000 43303.0000
31512.0000 29380.0000 42679.0000
30940.0000 29263.0000 41951.0000
30381.0000 29120.0000 41301.0000
29783.0000 28990.0000 40651.0000
29172.0000 29146.0000 39871.0000
28613.0000 29263.0000 39156.0000
28028.0000 29250.0000 38467.0000
27443.0000 29471.0000 37856.0000
26910.0000 29549.0000 37388.0000
26312.0000 29991.0000 36673.0000
25779.0000 30264.0000 36049.0000
25246.0000 30836.0000 35438.0000
24752.0000 31252.0000 34970.0000
24232.0000 31733.0000 34554.0000
23751.0000 32175.0000 34125.0000
23270.0000 32851.0000 33657.0000
22893.0000 33527.0000 33163.0000
22607.0000 34138.0000 33033.0000
22308.0000 34762.0000 32656.0000
21983.0000 35490.0000 32461.0000
21762.0000 36192.0000 32136.0000
21515.0000 36738.0000 32214.0000
21307.0000 37531.0000 31876.0000
21086.0000 38220.0000 31902.0000
20969.0000 38987.0000 31746.0000
