8697.0000 -5278.0000 55094.0000
8580.0000 -5135.0000 55107.0000
8476.0000 -5083.0000 55159.0000
8411.0000 -4979.0000 55094.0000
8203.0000 -4953.0000 55120.0000
8086.0000 -4888.0000 55133.0000
7943.0000 -4836.0000 55081.0000
7878.0000 -4784.0000 55094.0000
7761.0000 -4771.0000 55094.0000
7709.0000 -4758.0000 55094.0000
7657.0000 -4745.0000 55094.0000
7592.0000 -4745.0000 55107.0000
7540.0000 -4758.0000 55107.0000
7527.0000 -4745.0000 55107.0000
7475.0000 -4732.0000 55120.0000
7501.0000 -4667.0000 55146.0000
7488.0000 -4602.0000 55081.0000
7488.0000 -4615.0000 55107.0000
7488.0000 -4654.0000 55094.0000
7527.0000 -4615.0000 55133.0000
7501.0000 -4667.0000 55107.0000
7553.0000 -4628.0000 55133.0000
7540.0000 -4654.0000 55081.0000
7566.0000 -4667.0000 55120.0000
7527.0000 -4719.0000 55068.0000
7540.0000 -4693.0000 55120.0000
7501.0000 -4745.0000 55094.0000
7527.0000 -4758.0000 55094.0000
7488.0000 -4797.0000 55055.0000
7514.0000 -4758.0000 55094.0000
7462.0000 -4745.0000 55081.0000
7488.0000 -4771.0000 55081.0000
7449.0000 -4758.0000 55042.0000
7475.0000 -4771.0000 55094.0000
7462.0000 -4745.0000 55042.0000
7501.0000 -4758.0000 55081.0000
7475.0000 -4745.0000 55068.0000
7514.0000 -4745.0000 55107.0000
7501.0000 -4745.0000 55055.0000
7553.0000 -4706.0000 55107.0000
