-17615.0000 6903.0000 64233.0000
-17628.0000 6942.0000 64402.0000
-17693.0000 7046.0000 64558.0000
-17719.0000 7020.0000 64714.0000
-17784.0000 6864.0000 64857.0000
-17810.0000 6851.0000 65039.0000
-17862.0000 7072.0000 65169.0000
-17875.0000 7098.0000 65351.0000
-17966.0000 7033.0000 65468.0000
-18083.0000 7059.0000 65650.0000
-18083.0000 7098.0000 65832.0000
-18135.0000 7176.0000 66027.0000
-18226.0000 7163.0000 66196.0000
-18291.0000 7020.0000 66417.0000
-18330.0000 7020.0000 66625.0000
-18356.0000 7085.0000 66820.0000
-18473.0000 7059.0000 67041.0000
-18577.0000 7124.0000 67223.0000
-18694.0000 7046.0000 67444.0000
-18707.0000 7033.0000 67691.0000
-18759.0000 6994.0000 67886.0000
-18824.0000 6981.0000 68120.0000
-18954.0000 6773.0000 68302.0000
-19045.0000 6734.0000 68549.0000
-19084.0000 6656.0000 68796.0000
-19188.0000 6643.0000 69030.0000
-19357.0000 6552.0000 69251.0000
-19539.0000 6448.0000 69485.0000
-19643.0000 6331.0000 69719.0000
-19721.0000 6214.0000 70005.0000
-19942.0000 6071.0000 70252.0000
-20137.0000 5798.0000 70551.0000
-20306.0000 5473.0000 70863.0000
-20410.0000 5343.0000 71123.0000
-20696.0000 5252.0000 71357.0000
-20956.0000 5005.0000 71669.0000
-21255.0000 4654.0000 71890.0000
-21476.0000 4329.0000 72202.0000
-21762.0000 4030.0000 72475.0000
-22048.0000 3770.0000 72761.0000
