39650.0000 37271.0000 45942.0000
39611.0000 36790.0000 46046.0000
39507.0000 36738.0000 45838.0000
39494.0000 36231.0000 45903.0000
39377.0000 36231.0000 45734.0000
39260.0000 35750.0000 45682.0000
39039.0000 35685.0000 45435.0000
38883.0000 35217.0000 45357.0000
38636.0000 34853.0000 45305.0000
38337.0000 34515.0000 45097.0000
38103.0000 34333.0000 44759.0000
37817.0000 33969.0000 44499.0000
37453.0000 33618.0000 44291.0000
36985.0000 33501.0000 43979.0000
36595.0000 33189.0000 43615.0000
36114.0000 32916.0000 43277.0000
35659.0000 32539.0000 43004.0000
35165.0000 32357.0000 42601.0000
34645.0000 32214.0000 42146.0000
34125.0000 32006.0000 41756.0000
33566.0000 31811.0000 41327.0000
32916.0000 31707.0000 40950.0000
32370.0000 31473.0000 40690.0000
31746.0000 31551.0000 40144.0000
31174.0000 31603.0000 39611.0000
30485.0000 31746.0000 39221.0000
29913.0000 31603.0000 38844.0000
29276.0000 31785.0000 38506.0000
28678.0000 31954.0000 38025.0000
28080.0000 32201.0000 37570.0000
27599.0000 32370.0000 37180.0000
27079.0000 32643.0000 36803.0000
26533.0000 32994.0000 36439.0000
26130.0000 33345.0000 36075.0000
25571.0000 33657.0000 35711.0000
25090.0000 34151.0000 35360.0000
24609.0000 34528.0000 35178.0000
24310.0000 34983.0000 34866.0000
23868.0000 35529.0000 34606.0000
23582.0000 36023.0000 34411.0000
