17888.0000 -3042.0000 50375.0000
17732.0000 -3159.0000 50466.0000
17550.0000 -3211.0000 50557.0000
17407.0000 -3341.0000 50635.0000
17225.0000 -3445.0000 50713.0000
17017.0000 -3484.0000 50817.0000
16835.0000 -3614.0000 50908.0000
16679.0000 -3692.0000 51025.0000
16458.0000 -3744.0000 51103.0000
16302.0000 -3796.0000 51220.0000
16094.0000 -3822.0000 51311.0000
15951.0000 -3809.0000 51376.0000
15743.0000 -3887.0000 51545.0000
15652.0000 -3848.0000 51597.0000
15379.0000 -3900.0000 51688.0000
15223.0000 -3939.0000 51818.0000
15028.0000 -3900.0000 51896.0000
14872.0000 -3978.0000 52000.0000
14703.0000 -3952.0000 52104.0000
14521.0000 -3965.0000 52208.0000
14313.0000 -4004.0000 52286.0000
14170.0000 -4069.0000 52390.0000
14001.0000 -4082.0000 52494.0000
13806.0000 -4095.0000 52611.0000
13676.0000 -4121.0000 52702.0000
13507.0000 -4069.0000 52832.0000
13351.0000 -4095.0000 52884.0000
13234.0000 -4004.0000 53014.0000
13065.0000 -3848.0000 53118.0000
12922.0000 -3822.0000 53222.0000
12766.0000 -3666.0000 53378.0000
12623.0000 -3601.0000 53482.0000
12493.0000 -3588.0000 53547.0000
12376.0000 -3510.0000 53651.0000
12207.0000 -3510.0000 53716.0000
12116.0000 -3484.0000 53833.0000
11986.0000 -3419.0000 53911.0000
11856.0000 -3341.0000 54028.0000
11700.0000 -3354.0000 54093.0000
11596.0000 -3354.0000 54236.0000
