-10686.0000 -18993.0000 42523.0000
-10686.0000 -19214.0000 42692.0000
-10712.0000 -19370.0000 42926.0000
-10660.0000 -19461.0000 43056.0000
-10712.0000 -19630.0000 43251.0000
-10712.0000 -19760.0000 43394.0000
-10738.0000 -19916.0000 43628.0000
-10712.0000 -20020.0000 43823.0000
-10699.0000 -20176.0000 44018.0000
-10699.0000 -20293.0000 44226.0000
-10660.0000 -20423.0000 44447.0000
-10660.0000 -20488.0000 44655.0000
-10673.0000 -20670.0000 44863.0000
-10699.0000 -20735.0000 45058.0000
-10699.0000 -20878.0000 45266.0000
-10751.0000 -20878.0000 45461.0000
-10751.0000 -21008.0000 45682.0000
-10790.0000 -21060.0000 45877.0000
-10803.0000 -21138.0000 46111.0000
-10829.0000 -21203.0000 46293.0000
-10790.0000 -21268.0000 46527.0000
-10803.0000 -21372.0000 46748.0000
-10816.0000 -21359.0000 46995.0000
-10829.0000 -21437.0000 47177.0000
-10855.0000 -21502.0000 47372.0000
-10842.0000 -21567.0000 47580.0000
-10881.0000 -21606.0000 47840.0000
-10907.0000 -21606.0000 48061.0000
-10920.0000 -21619.0000 48269.0000
-10933.0000 -21632.0000 48451.0000
-10920.0000 -21658.0000 48685.0000
-10946.0000 -21671.0000 48893.0000
-10920.0000 -21697.0000 49140.0000
-10920.0000 -21619.0000 49348.0000
-10920.0000 -21671.0000 49582.0000
-10933.0000 -21658.0000 49764.0000
-10907.0000 -21684.0000 49959.0000
-10946.0000 -21658.0000 50193.0000
-10946.0000 -21580.0000 50427.0000
-10998.0000 -21567.0000 50635.0000
