-9503.0000 4602.0000 61555.0000
-9425.0000 4563.0000 61711.0000
-9451.0000 4498.0000 61503.0000
-9386.0000 4550.0000 61620.0000
-9412.0000 4537.0000 61438.0000
-9321.0000 4485.0000 61581.0000
-9373.0000 4446.0000 61373.0000
-9321.0000 4472.0000 61516.0000
-9360.0000 4433.0000 61321.0000
-9308.0000 4446.0000 61464.0000
-9308.0000 4381.0000 61308.0000
-9269.0000 4420.0000 61425.0000
-9269.0000 4394.0000 61269.0000
-9256.0000 4459.0000 61360.0000
-9243.0000 4446.0000 61217.0000
-9217.0000 4498.0000 61334.0000
-9217.0000 4433.0000 61191.0000
-9165.0000 4472.0000 61308.0000
-9165.0000 4459.0000 61165.0000
-9152.0000 4550.0000 61256.0000
-9139.0000 4524.0000 61113.0000
-9152.0000 4589.0000 61243.0000
-9113.0000 4524.0000 61087.0000
-9100.0000 4628.0000 61191.0000
-9087.0000 4576.0000 61061.0000
-9100.0000 4667.0000 61152.0000
-9048.0000 4589.0000 61022.0000
-9087.0000 4667.0000 61100.0000
-9048.0000 4576.0000 60996.0000
-9087.0000 4641.0000 61074.0000
-8996.0000 4550.0000 60944.0000
-9048.0000 4576.0000 61035.0000
-8983.0000 4485.0000 60905.0000
-9048.0000 4498.0000 61009.0000
-8970.0000 4433.0000 60905.0000
-9035.0000 4498.0000 60970.0000
-8957.0000 4420.0000 60866.0000
-9022.0000 4511.0000 60931.0000
-8905.0000 4446.0000 60840.0000
-8996.0000 4524.0000 60918.0000
