-21476.0000 29952.0000 38415.0000
-21684.0000 29614.0000 38116.0000
-21762.0000 29263.0000 37882.0000
-21918.0000 28938.0000 37583.0000
-22048.0000 28639.0000 37284.0000
-22191.0000 28288.0000 37102.0000
-22295.0000 27950.0000 36842.0000
-22438.0000 27651.0000 36543.0000
-22594.0000 27508.0000 36218.0000
-22685.0000 27170.0000 36023.0000
-22841.0000 26845.0000 35789.0000
-22958.0000 26442.0000 35555.0000
-23114.0000 26169.0000 35373.0000
-23218.0000 25792.0000 35126.0000
-23361.0000 25597.0000 34801.0000
-23517.0000 25324.0000 34528.0000
-23530.0000 24934.0000 34385.0000
-23647.0000 24596.0000 34151.0000
-23777.0000 24258.0000 33969.0000
-23855.0000 23946.0000 33774.0000
-23946.0000 23608.0000 33566.0000
-24102.0000 23283.0000 33293.0000
-24258.0000 22906.0000 33085.0000
-24310.0000 22503.0000 32877.0000
-24453.0000 22035.0000 32682.0000
-24596.0000 21567.0000 32487.0000
-24700.0000 21229.0000 32253.0000
-24791.0000 20826.0000 32032.0000
-24947.0000 20449.0000 31811.0000
-25051.0000 20020.0000 31616.0000
-25116.0000 19578.0000 31473.0000
-25207.0000 19084.0000 31343.0000
-25298.0000 18629.0000 31174.0000
-25389.0000 18213.0000 31005.0000
-25493.0000 17810.0000 30823.0000
-25584.0000 17277.0000 30667.0000
-25701.0000 16822.0000 30511.0000
-25766.0000 16328.0000 30381.0000
-25792.0000 15795.0000 30277.0000
-25857.0000 15262.0000 30186.0000
