-14989.0000 -25831.0000 55458.0000
-14885.0000 -25649.0000 55315.0000
-14820.0000 -25467.0000 55172.0000
-14573.0000 -25766.0000 54795.0000
-14599.0000 -25571.0000 54639.0000
-14417.0000 -25727.0000 54431.0000
-14313.0000 -25506.0000 54197.0000
-14248.0000 -25545.0000 54041.0000
-14157.0000 -25363.0000 53898.0000
-14079.0000 -25142.0000 53872.0000
-13962.0000 -25116.0000 53690.0000
-13936.0000 -25012.0000 53560.0000
-13858.0000 -24856.0000 53443.0000
-13793.0000 -24622.0000 53404.0000
-13689.0000 -24492.0000 53274.0000
-13637.0000 -24349.0000 53261.0000
-13494.0000 -24245.0000 53183.0000
-13364.0000 -24037.0000 53157.0000
-13234.0000 -23933.0000 53040.0000
-13156.0000 -23803.0000 53027.0000
-12974.0000 -23894.0000 52871.0000
-12974.0000 -23647.0000 52845.0000
-12831.0000 -23777.0000 52793.0000
-12805.0000 -23491.0000 52819.0000
-12675.0000 -23491.0000 52858.0000
-12649.0000 -23491.0000 52715.0000
-12532.0000 -23426.0000 52767.0000
-12506.0000 -23595.0000 52637.0000
-12467.0000 -23335.0000 52702.0000
-12415.0000 -23582.0000 52663.0000
-12363.0000 -23231.0000 52819.0000
-12272.0000 -23478.0000 52793.0000
-12285.0000 -23361.0000 52793.0000
-12285.0000 -23686.0000 52767.0000
-12259.0000 -23504.0000 52793.0000
-12298.0000 -23491.0000 52923.0000
-12246.0000 -23946.0000 52767.0000
-12350.0000 -23647.0000 53196.0000
-12324.0000 -23985.0000 53079.0000
-12402.0000 -23881.0000 53300.0000
