8580.0000 27781.0000 67756.0000
8710.0000 27612.0000 67366.0000
8775.0000 27326.0000 67015.0000
8931.0000 27183.0000 66625.0000
8957.0000 26962.0000 66235.0000
9074.0000 26793.0000 65884.0000
9113.0000 26520.0000 65520.0000
9165.0000 26325.0000 65143.0000
9243.0000 26104.0000 64792.0000
9308.0000 25987.0000 64402.0000
9321.0000 25792.0000 63973.0000
9347.0000 25610.0000 63609.0000
9347.0000 25363.0000 63245.0000
9373.0000 25246.0000 62868.0000
9399.0000 25025.0000 62478.0000
9399.0000 24921.0000 62114.0000
9425.0000 24752.0000 61698.0000
9386.0000 24635.0000 61334.0000
9412.0000 24440.0000 60957.0000
9412.0000 24362.0000 60619.0000
9373.0000 24206.0000 60203.0000
9334.0000 24141.0000 59852.0000
9243.0000 23985.0000 59475.0000
9178.0000 23933.0000 59150.0000
9126.0000 23777.0000 58747.0000
9087.0000 23790.0000 58383.0000
9035.0000 23634.0000 57993.0000
8957.0000 23582.0000 57655.0000
8827.0000 23374.0000 57343.0000
8749.0000 23335.0000 57005.0000
8645.0000 23127.0000 56654.0000
8593.0000 23127.0000 56264.0000
8463.0000 22984.0000 55874.0000
8359.0000 23010.0000 55575.0000
8242.0000 22854.0000 55211.0000
8138.0000 22828.0000 54886.0000
8060.0000 22685.0000 54548.0000
7956.0000 22646.0000 54184.0000
7878.0000 22568.0000 53872.0000
7748.0000 22555.0000 53625.0000
