43160.0000 21801.0000 37180.0000
43134.0000 21866.0000 37128.0000
43134.0000 21957.0000 37102.0000
43147.0000 22022.0000 37076.0000
43160.0000 22074.0000 37063.0000
43147.0000 22165.0000 37024.0000
43173.0000 22243.0000 36972.0000
43160.0000 22282.0000 36959.0000
43186.0000 22347.0000 36920.0000
43199.0000 22438.0000 36881.0000
43225.0000 22503.0000 36855.0000
43225.0000 22542.0000 36790.0000
43186.0000 22646.0000 36842.0000
43251.0000 22724.0000 36738.0000
43186.0000 22815.0000 36725.0000
43134.0000 22945.0000 36673.0000
43134.0000 23023.0000 36647.0000
43082.0000 23114.0000 36621.0000
43095.0000 23205.0000 36582.0000
43043.0000 23257.0000 36569.0000
43069.0000 23322.0000 36569.0000
43069.0000 23413.0000 36504.0000
43043.0000 23491.0000 36517.0000
43017.0000 23621.0000 36465.0000
43017.0000 23712.0000 36452.0000
42991.0000 23790.0000 36413.0000
42991.0000 23868.0000 36413.0000
42978.0000 23855.0000 36400.0000
43004.0000 23907.0000 36413.0000
42991.0000 23998.0000 36348.0000
42991.0000 24089.0000 36361.0000
42978.0000 24232.0000 36283.0000
43004.0000 24349.0000 36270.0000
42965.0000 24531.0000 36166.0000
42978.0000 24687.0000 36140.0000
42926.0000 24804.0000 36101.0000
42887.0000 24986.0000 36101.0000
42822.0000 25077.0000 36023.0000
42796.0000 25324.0000 36010.0000
42705.0000 25428.0000 35984.0000
