25220.0000 45994.0000 51077.0000
25285.0000 45851.0000 51116.0000
25246.0000 45656.0000 51155.0000
25350.0000 45565.0000 51168.0000
25337.0000 45331.0000 51194.0000
25415.0000 45188.0000 51246.0000
25389.0000 45019.0000 51220.0000
25467.0000 44928.0000 51220.0000
25454.0000 44746.0000 51220.0000
25506.0000 44551.0000 51272.0000
25519.0000 44304.0000 51259.0000
25584.0000 44213.0000 51285.0000
25623.0000 44018.0000 51246.0000
25636.0000 43940.0000 51272.0000
25662.0000 43654.0000 51259.0000
25740.0000 43433.0000 51233.0000
25792.0000 43264.0000 51168.0000
25844.0000 43095.0000 51207.0000
25870.0000 42887.0000 51194.0000
25935.0000 42744.0000 51207.0000
25974.0000 42510.0000 51116.0000
26078.0000 42276.0000 51168.0000
26117.0000 42055.0000 51155.0000
26182.0000 41769.0000 51168.0000
26208.0000 41704.0000 51038.0000
26286.0000 41574.0000 51038.0000
26377.0000 41366.0000 50921.0000
26468.0000 41080.0000 50960.0000
26559.0000 40703.0000 50856.0000
26637.0000 40469.0000 50921.0000
26702.0000 40339.0000 50739.0000
26832.0000 40196.0000 50739.0000
26936.0000 40001.0000 50596.0000
27040.0000 39793.0000 50596.0000
27014.0000 39572.0000 50505.0000
27079.0000 39442.0000 50505.0000
27170.0000 39260.0000 50336.0000
27261.0000 39169.0000 50284.0000
27339.0000 38948.0000 50154.0000
27391.0000 38701.0000 50232.0000
