-7540.0000 -6357.0000 49270.0000
-7358.0000 -6461.0000 49348.0000
-7254.0000 -6448.0000 49439.0000
-7124.0000 -6448.0000 49517.0000
-7020.0000 -6448.0000 49569.0000
-6838.0000 -6383.0000 49673.0000
-6773.0000 -6240.0000 49751.0000
-6669.0000 -6240.0000 49816.0000
-6578.0000 -6318.0000 49907.0000
-6448.0000 -6292.0000 50024.0000
-6331.0000 -6240.0000 50076.0000
-6201.0000 -6266.0000 50154.0000
-6123.0000 -6227.0000 50258.0000
-6058.0000 -6097.0000 50336.0000
-5980.0000 -6045.0000 50401.0000
-5837.0000 -6058.0000 50479.0000
-5746.0000 -6006.0000 50583.0000
-5577.0000 -5980.0000 50622.0000
-5473.0000 -5941.0000 50726.0000
-5369.0000 -5850.0000 50830.0000
-5278.0000 -5707.0000 50908.0000
-5174.0000 -5577.0000 50973.0000
-5083.0000 -5629.0000 51051.0000
-4966.0000 -5668.0000 51129.0000
-4836.0000 -5590.0000 51207.0000
-4693.0000 -5525.0000 51285.0000
-4615.0000 -5395.0000 51376.0000
-4485.0000 -5239.0000 51454.0000
-4368.0000 -5187.0000 51519.0000
-4251.0000 -5122.0000 51584.0000
-4108.0000 -4992.0000 51662.0000
-3978.0000 -4901.0000 51727.0000
-3874.0000 -4862.0000 51792.0000
-3757.0000 -4693.0000 51935.0000
-3692.0000 -4615.0000 51974.0000
-3575.0000 -4537.0000 52039.0000
-3497.0000 -4498.0000 52130.0000
-3380.0000 -4394.0000 52195.0000
-3276.0000 -4290.0000 52260.0000
-3172.0000 -4251.0000 52338.0000
