-15236.0000 28509.0000 17979.0000
-15288.0000 30745.0000 17238.0000
-14781.0000 33098.0000 16640.0000
-13754.0000 35477.0000 16315.0000
-12558.0000 37830.0000 16185.0000
-11245.0000 40079.0000 16328.0000
-9737.0000 42198.0000 16562.0000
-7865.0000 44174.0000 16978.0000
-5993.0000 45994.0000 17589.0000
-4264.0000 47762.0000 18252.0000
-2366.0000 49283.0000 18954.0000
-195.0000 50505.0000 19838.0000
1989.0000 51376.0000 20800.0000
4134.0000 52104.0000 21827.0000
6123.0000 52663.0000 22776.0000
8125.0000 52988.0000 23777.0000
10075.0000 53105.0000 24726.0000
11856.0000 53222.0000 25662.0000
13507.0000 53131.0000 26585.0000
15132.0000 52936.0000 27404.0000
16588.0000 52611.0000 28080.0000
17992.0000 52247.0000 28795.0000
19227.0000 51818.0000 29536.0000
20449.0000 51259.0000 30186.0000
21528.0000 50739.0000 30745.0000
22516.0000 50258.0000 31317.0000
23335.0000 49764.0000 31915.0000
24193.0000 49309.0000 32253.0000
24921.0000 48854.0000 32513.0000
25610.0000 48347.0000 32851.0000
26156.0000 47814.0000 33176.0000
26754.0000 47242.0000 33514.0000
27300.0000 46774.0000 33670.0000
27807.0000 46371.0000 33878.0000
28236.0000 45916.0000 34086.0000
28639.0000 45383.0000 34307.0000
29003.0000 45006.0000 34294.0000
29315.0000 44720.0000 34372.0000
29614.0000 44317.0000 34463.0000
29939.0000 43862.0000 34593.0000
