-14300.0000 -10608.0000 65104.0000
-14365.0000 -10764.0000 65221.0000
-14534.0000 -11531.0000 65234.0000
-14612.0000 -11609.0000 65338.0000
-14794.0000 -12090.0000 65468.0000
-14768.0000 -12571.0000 65442.0000
-14950.0000 -13117.0000 65481.0000
-14963.0000 -13104.0000 65494.0000
-15106.0000 -13429.0000 65533.0000
-15171.0000 -13923.0000 65481.0000
-15353.0000 -14560.0000 65429.0000
-15431.0000 -14612.0000 65520.0000
-15561.0000 -14859.0000 65611.0000
-15626.0000 -15158.0000 65520.0000
-15808.0000 -15405.0000 65585.0000
-15847.0000 -15977.0000 65455.0000
-15964.0000 -16263.0000 65507.0000
-16068.0000 -16393.0000 65546.0000
-16172.0000 -16289.0000 65650.0000
-16133.0000 -16744.0000 65559.0000
-16172.0000 -17043.0000 65546.0000
-16185.0000 -17290.0000 65481.0000
-16289.0000 -17329.0000 65481.0000
-16237.0000 -17810.0000 65351.0000
-16315.0000 -17771.0000 65429.0000
-16328.0000 -18200.0000 65338.0000
-16393.0000 -18330.0000 65325.0000
-16380.0000 -18759.0000 65208.0000
-16354.0000 -19006.0000 65221.0000
-16367.0000 -19084.0000 65156.0000
-16367.0000 -19383.0000 65130.0000
-16367.0000 -19760.0000 65078.0000
-16393.0000 -19851.0000 65117.0000
-16380.0000 -20098.0000 65065.0000
-16367.0000 -20475.0000 65000.0000
-16315.0000 -20618.0000 65052.0000
-16445.0000 -20826.0000 64974.0000
-16380.0000 -20774.0000 65039.0000
-16484.0000 -21294.0000 64909.0000
-16510.0000 -21489.0000 64909.0000
