23634.0000 72787.0000 53274.0000
23322.0000 73255.0000 53820.0000
22880.0000 73645.0000 54405.0000
22503.0000 73905.0000 55094.0000
22230.0000 74022.0000 55978.0000
21775.0000 74074.0000 56823.0000
21281.0000 74412.0000 57538.0000
20930.0000 74880.0000 57889.0000
20566.0000 75218.0000 58422.0000
20111.0000 75530.0000 59098.0000
19539.0000 75478.0000 60073.0000
19344.0000 75439.0000 60983.0000
18746.0000 75712.0000 61542.0000
18330.0000 75907.0000 62153.0000
17836.0000 75881.0000 63024.0000
17563.0000 75855.0000 63804.0000
17056.0000 75881.0000 64662.0000
16510.0000 75920.0000 65663.0000
16042.0000 75855.0000 66547.0000
15678.0000 75946.0000 67418.0000
15106.0000 76089.0000 68159.0000
14521.0000 76115.0000 69251.0000
13988.0000 76141.0000 70304.0000
13520.0000 76011.0000 71448.0000
12948.0000 76050.0000 72332.0000
12376.0000 75894.0000 73593.0000
11830.0000 75829.0000 74620.0000
11297.0000 75049.0000 76453.0000
10751.0000 74802.0000 77402.0000
10101.0000 74321.0000 78806.0000
9594.0000 73697.0000 80093.0000
8853.0000 72449.0000 81783.0000
8086.0000 71682.0000 83044.0000
7358.0000 70304.0000 84604.0000
6630.0000 68601.0000 86151.0000
5785.0000 66820.0000 87516.0000
4563.0000 64818.0000 88972.0000
3549.0000 62465.0000 90233.0000
2041.0000 59540.0000 91416.0000
312.0000 56472.0000 92339.0000
