28678.0000 3510.0000 41639.0000
28652.0000 3276.0000 41587.0000
28587.0000 3120.0000 41652.0000
28548.0000 2977.0000 41626.0000
28483.0000 2743.0000 41639.0000
28392.0000 2522.0000 41600.0000
28353.0000 2327.0000 41652.0000
28301.0000 2106.0000 41613.0000
28210.0000 1911.0000 41665.0000
28119.0000 1742.0000 41652.0000
28028.0000 1521.0000 41704.0000
27976.0000 1378.0000 41678.0000
27885.0000 1248.0000 41743.0000
27820.0000 1079.0000 41704.0000
27742.0000 858.0000 41769.0000
27651.0000 741.0000 41769.0000
27573.0000 481.0000 41847.0000
27508.0000 273.0000 41834.0000
27430.0000 117.0000 41886.0000
27300.0000 -78.0000 41886.0000
27209.0000 -208.0000 41977.0000
27144.0000 -403.0000 41990.0000
27014.0000 -624.0000 42068.0000
26897.0000 -728.0000 42068.0000
26793.0000 -949.0000 42146.0000
26676.0000 -1105.0000 42159.0000
26611.0000 -1326.0000 42263.0000
26520.0000 -1547.0000 42276.0000
26390.0000 -1729.0000 42354.0000
26260.0000 -1898.0000 42380.0000
26169.0000 -2067.0000 42497.0000
26052.0000 -2262.0000 42497.0000
25948.0000 -2522.0000 42679.0000
25870.0000 -2717.0000 42640.0000
25675.0000 -2964.0000 42770.0000
25532.0000 -3120.0000 42809.0000
25402.0000 -3315.0000 42913.0000
25272.0000 -3458.0000 42952.0000
25155.0000 -3757.0000 43082.0000
25012.0000 -3913.0000 43108.0000
