43095.0000 22347.0000 52052.0000
42861.0000 23465.0000 51675.0000
42679.0000 23920.0000 51207.0000
42640.0000 23699.0000 51194.0000
42432.0000 24466.0000 50739.0000
42328.0000 24128.0000 50869.0000
42198.0000 24947.0000 50414.0000
42159.0000 24583.0000 50570.0000
42068.0000 25649.0000 50271.0000
42068.0000 25415.0000 50427.0000
42042.0000 26221.0000 50349.0000
42172.0000 26013.0000 50414.0000
42055.0000 26767.0000 50570.0000
42107.0000 26858.0000 50648.0000
42185.0000 27456.0000 50960.0000
42341.0000 27573.0000 51077.0000
42315.0000 27976.0000 51558.0000
42393.0000 28561.0000 51506.0000
42484.0000 28548.0000 52117.0000
42614.0000 28886.0000 52182.0000
42679.0000 28860.0000 52702.0000
42783.0000 29536.0000 52793.0000
42952.0000 29380.0000 53235.0000
43147.0000 29471.0000 53508.0000
43264.0000 29380.0000 53690.0000
43368.0000 29640.0000 53950.0000
43485.0000 29484.0000 54171.0000
43628.0000 29432.0000 54444.0000
43693.0000 29575.0000 54457.0000
43849.0000 29562.0000 54743.0000
43927.0000 29406.0000 54860.0000
44044.0000 29250.0000 55120.0000
44044.0000 29497.0000 55068.0000
44187.0000 29081.0000 55380.0000
44252.0000 29471.0000 55354.0000
44317.0000 29315.0000 55523.0000
44473.0000 29263.0000 55770.0000
44655.0000 29068.0000 55744.0000
44629.0000 29406.0000 55939.0000
44707.0000 29848.0000 55822.0000
