1.0000 0.4888 0.5809
0.9958 0.4806 0.5948
0.9921 0.4709 0.6093
0.9899 0.4670 0.6214
0.9837 0.4643 0.6322
0.9781 0.4569 0.6467
0.9716 0.4465 0.6570
0.9669 0.4368 0.6715
0.9607 0.4279 0.6842
0.9545 0.4201 0.6975
0.9469 0.4073 0.7089
0.9393 0.3968 0.7240
0.9309 0.3867 0.7355
0.9217 0.3751 0.7494
0.9099 0.3592 0.7597
0.8989 0.3425 0.7723
0.8865 0.3309 0.7814
0.8736 0.3134 0.7929
0.8590 0.2929 0.7995
0.8427 0.2766 0.8092
0.8253 0.2580 0.8164
0.8071 0.2378 0.8243
0.7846 0.2184 0.8261
0.7613 0.1982 0.8285
0.7369 0.1761 0.8243
0.7113 0.1548 0.8170
0.6832 0.1292 0.8074
0.6518 0.1078 0.7995
0.6189 0.0908 0.7880
0.5833 0.0733 0.7748
0.5425 0.0551 0.7530
0.5013 0.0376 0.7289
0.4605 0.0233 0.6932
0.4204 0.0132 0.6606
0.3785 0.0043 0.6202
0.3305 0.0000 0.5833
0.2817 0.0031 0.5368
0.2367 0.0101 0.4897
0.1912 0.0213 0.4318
0.1471 0.0403 0.3756
0.1101 0.0656 0.3128
0.0809 0.0993 0.2572
0.0553 0.1400 0.2023
0.0306 0.1870 0.1546
0.0124 0.2440 0.1105
0.0037 0.3029 0.0797
0.0000 0.3681 0.0447
0.0006 0.4387 0.0199
0.0149 0.5050 0.0024
0.0407 0.5683 0.0000
0.0733 0.6307 0.0072
0.1039 0.6947 0.0266
0.1365 0.7595 0.0531
0.1761 0.8157 0.0876
0.2196 0.8670 0.1232
0.2617 0.9096 0.1636
0.3086 0.9375 0.2071
0.3564 0.9589 0.2579
0.4049 0.9767 0.3086
0.4473 0.9907 0.3629
0.4895 0.9988 0.4136
0.5296 1.0000 0.4674
0.5706 0.9907 0.5193
0.6057 0.9868 0.5682
0.6397 0.9760 0.6153
0.6709 0.9566 0.6606
0.7023 0.9356 0.6999
0.7304 0.9100 0.7397
0.7560 0.8852 0.7760
0.7784 0.8642 0.8116
0.8006 0.8402 0.8430
0.8189 0.8189 0.8696
0.8360 0.7933 0.8919
0.8503 0.7642 0.9130
0.8660 0.7347 0.9293
0.8778 0.7064 0.9469
0.8902 0.6811 0.9607
0.9003 0.6590 0.9752
0.9104 0.6354 0.9837
0.9174 0.6094 0.9897
0.9275 0.5795 0.9928
0.9343 0.5520 0.9976
0.9416 0.5314 0.9976
0.9469 0.5128 1.0000
0.9551 0.4946 0.9982
0.9596 0.4760 0.9952
0.9635 0.4558 0.9909
0.9666 0.4344 0.9855
0.9725 0.4147 0.9795
0.9742 0.3980 0.9746
0.9787 0.3817 0.9674
0.9792 0.3689 0.9632
0.9832 0.3557 0.9547
0.9823 0.3445 0.9481
0.9857 0.3289 0.9384
0.9862 0.3142 0.9306
0.9885 0.2991 0.9209
0.9882 0.2909 0.9130
0.9916 0.2801 0.9040
0.9916 0.2715 0.8955
