0.9439 0.4946 0.8826
0.9424 0.4952 0.8816
0.9424 0.4949 0.8811
0.9434 0.4930 0.8776
0.9434 0.4907 0.8766
0.9426 0.4946 0.8700
0.9424 0.4933 0.8695
0.9421 0.4898 0.8680
0.9426 0.4910 0.8685
0.9424 0.4914 0.8640
0.9424 0.4907 0.8670
0.9404 0.4955 0.8640
0.9416 0.4917 0.8675
0.9421 0.4894 0.8660
0.9419 0.4946 0.8625
0.9409 0.4965 0.8620
0.9419 0.4952 0.8635
0.9416 0.4946 0.8635
0.9424 0.4971 0.8635
0.9421 0.4968 0.8645
0.9439 0.4965 0.8640
0.9442 0.4974 0.8660
0.9467 0.4949 0.8675
0.9459 0.4955 0.8695
0.9464 0.4971 0.8710
0.9464 0.4962 0.8736
0.9472 0.4949 0.8776
0.9459 0.4942 0.8826
0.9469 0.4907 0.8861
0.9467 0.4878 0.8861
0.9467 0.4882 0.8881
0.9464 0.4872 0.8901
0.9467 0.4779 0.9017
0.9449 0.4754 0.9007
0.9447 0.4718 0.9067
0.9447 0.4642 0.9107
0.9431 0.4581 0.9197
0.9406 0.4527 0.9202
0.9394 0.4431 0.9282
0.9364 0.4331 0.9333
0.9328 0.4226 0.9413
0.9270 0.4136 0.9468
0.9223 0.4018 0.9538
0.9152 0.3877 0.9614
0.9074 0.3749 0.9689
0.8961 0.3602 0.9754
0.8840 0.3410 0.9854
0.8697 0.3173 0.9930
0.8518 0.2985 0.9980
0.8302 0.2745 0.9990
0.8040 0.2495 1.0000
0.7728 0.2134 0.9985
0.7364 0.1788 0.9900
0.6921 0.1430 0.9669
0.6372 0.1113 0.9358
0.5748 0.0723 0.8931
0.5031 0.0374 0.8324
0.4229 0.0115 0.7556
0.3366 0.0000 0.6598
0.2455 0.0058 0.5494
0.1587 0.0323 0.4260
0.0858 0.0889 0.2985
0.0309 0.1740 0.1811
0.0000 0.2853 0.0873
0.0000 0.4098 0.0246
0.0289 0.5457 0.0000
0.0833 0.6801 0.0095
0.1605 0.7930 0.0632
0.2486 0.8858 0.1350
0.3389 0.9495 0.2188
0.4294 0.9875 0.3101
0.5114 1.0000 0.4029
0.5852 0.9968 0.4917
0.6455 0.9875 0.5595
0.6986 0.9693 0.6172
0.7424 0.9408 0.6729
0.7804 0.9082 0.7250
0.8091 0.8852 0.7506
0.8340 0.8624 0.7742
0.8541 0.8365 0.7958
0.8725 0.8103 0.8164
0.8868 0.7914 0.8239
0.9001 0.7738 0.8314
0.9114 0.7562 0.8344
0.9223 0.7374 0.8445
0.9318 0.7255 0.8424
0.9386 0.7159 0.8440
0.9452 0.7092 0.8430
0.9522 0.6971 0.8485
0.9577 0.6945 0.8445
0.9618 0.6881 0.8465
0.9665 0.6855 0.8445
0.9726 0.6804 0.8495
0.9769 0.6839 0.8414
0.9804 0.6798 0.8480
0.9844 0.6804 0.8475
0.9894 0.6775 0.8550
0.9940 0.6817 0.8510
0.9972 0.6798 0.8580
1.0000 0.6910 0.8550
